905.911987, -24.430664
908.271118, -8.402369
912.220398, -10.833550
914.947876, -1.126392
916.300659, -23.619873
908.732239, -5.351196
907.729797, 1.446460
901.481262, -14.762966
898.522339, -7.890686
888.985962, 6.934662
897.706177, -13.471028
946.977417, -15.970306
896.276855, -2.835449
893.445923, 17.988800
884.917480, -5.901441
908.398560, 7.684679
903.356812, -21.305664
915.998718, 12.474268
905.430054, -11.418310
901.009399, -24.851227
897.813171, -8.281060
907.167236, -19.296251
901.824524, -33.774475
894.902222, -3.279273
909.357971, -10.797228
894.641418, -22.079346
895.121277, -8.788427
925.713745, -11.338476
912.725342, -18.382460
920.931946, -14.078776
893.253235, 12.264526
897.477722, -13.313640
897.250854, -22.920288
902.218628, -14.863715
906.133972, -7.958496
883.910706, 46.992615
902.292358, -10.675244
898.976135, -12.521118
906.165771, 31.107147
911.265503, -15.690456
880.184082, -25.104889
898.214355, -1.023486
897.608093, -13.585058
902.075562, -1.274609
910.992859, -13.560926
876.964111, 25.868317
883.336182, -38.016418
892.593262, -18.621365
906.228638, -20.191870
894.649292, -12.121338
884.067078, -19.276831
908.644897, -17.001791
897.335571, -15.106282
912.534302, -0.561361
903.448059, -9.459668
910.430298, 31.482452
877.486755, -11.611145
937.258423, 10.304779
922.511047, 17.782715
896.396362, -16.935644
886.071594, -22.169628
901.003723, -12.431250
893.895752, -11.272949
906.529907, -5.616601
904.091003, -6.914111
891.114746, -8.447418
908.182495, -8.032552
900.389526, -3.970351
897.059204, -9.645671
914.845398, -16.843969
875.494019, -8.759613
901.842285, -26.485424
928.463074, -10.541748
888.581238, 9.949316
917.276245, -9.567846
923.858398, -25.542419
906.485718, -14.564697
891.118652, -26.428173
900.850708, -3.907007
879.881836, -22.311157
921.338257, -18.136566
887.701233, -65.007202
880.704590, -17.043238
897.335876, -18.443630
880.345032, 0.236694
906.711304, -4.579785
895.820618, -17.775854
905.863403, -3.228149
894.641296, -5.005395
882.904968, -14.686841
904.179382, -11.994580
911.155273, -9.570177
912.814209, -25.398491
913.151184, -11.221655
918.354980, -11.917212
904.793091, -7.359266
891.102722, -6.636597
831.360107, -26.598785
901.032043, -15.219563
881.845093, 6.640717
905.742859, -19.139540
907.770325, -7.495752
900.298706, -19.968189
907.617676, -1.885145
918.707886, -6.057672
904.926941, -9.667603
885.403137, 15.585449
911.700867, -15.416531
881.113953, -0.822388
892.841614, -0.938306
895.765381, -9.349457
912.869812, -19.479664
893.417480, -16.331152
905.689575, -10.502783
898.701843, -12.762506
913.420532, -9.899628
889.786438, -16.484158
907.117920, 17.809235
908.713684, -14.031201
873.415283, 12.595062
886.909851, -18.346996
920.799316, -3.282593
903.565979, -18.059597
886.692993, -18.847387
898.621582, 3.525055
903.369019, -38.685150
882.893433, -12.200879
907.215515, -26.075195
915.784180, -18.746679
886.681641, -28.957081
900.780396, 4.492993
899.577515, -1.050024
902.780029, -0.152751
905.921753, -28.363428
900.226501, -22.725965
915.635071, -1.538520
877.862793, 31.777039
895.610657, -13.190918
888.608521, -7.920465
906.461121, -2.797363
886.396606, -8.142059
901.603699, -12.331372
925.996338, -60.472351
900.910461, -15.548964
917.979309, -6.568017
897.272644, -12.718164
902.281738, -8.307666
925.179810, -7.344556
901.942139, -17.033638
910.539062, -8.626391
898.863098, 2.737085
886.423584, 9.521864
889.798462, 2.425488
901.496033, 30.228699
908.210815, -3.195984
909.547302, 7.420837
900.935242, -30.430481
895.112122, -18.250025
936.776306, -22.873108
910.489258, -22.237377
888.253906, -27.397339
891.456909, -11.756567
893.928833, -25.539478
902.137207, 4.773047
911.667786, -10.264624
916.027649, -7.900608
900.833557, 9.086975
913.511292, -0.415466
895.433960, -7.159814
903.482727, -19.258572
906.287903, -19.114086
934.945129, -31.781250
905.579224, 12.005310
917.942383, -8.238390
900.973083, -13.493815
911.210815, -12.591472
910.437073, -17.689480
913.729187, -27.574488
912.072693, -8.984212
915.016724, 18.589172
907.806091, -15.873481
908.550293, -15.907934
917.988464, -0.638892
914.225891, 2.830444
890.292542, -18.783745
897.231689, -2.731527
927.337402, -45.267181
908.894653, -2.562175
905.037476, -39.626442
905.547852, -5.062476
899.155762, -9.683105
901.902710, -11.964258
920.744507, -0.495819
908.817871, -14.569507
872.848633, -10.295502
919.866821, -17.675268
899.008850, -17.876465
902.824341, -2.946181
887.777405, -9.605408
899.523743, 25.328442
901.312134, -6.133843
924.937012, -3.693555
907.907837, -16.249828
905.348450, -11.096409
913.343079, -48.385437
902.014465, 9.451660
914.927551, -5.109399
910.937378, -10.214519
900.824829, -0.205396
906.960327, -8.144946
889.502258, 2.116431
910.569641, -17.406225
908.316162, 2.538452
915.393555, -15.269336
918.967529, -5.701660
893.586243, -7.933276
888.210144, 20.411596
915.824646, -3.000163
901.971191, 2.432666
897.801880, -10.435962
885.226440, -3.128882
904.563110, -16.179859
899.840515, -2.085791
908.955811, -12.805067
916.799316, 2.270581
890.353638, 3.601654
900.242249, -3.099487
901.784180, -8.272461
914.919128, 9.628052
929.122559, -19.171925
869.833191, -16.819361
901.409668, -18.463598
900.095520, 4.260986
921.336060, 21.698975
905.463867, -7.186914
902.790405, -2.979419
886.937317, -15.701929
888.103760, 7.862122
896.671570, 12.590063
905.704468, -14.575032
923.083008, -5.060620
899.774597, -7.644727
919.405273, -5.430127
898.675049, -0.425184
893.854492, 3.819019
894.852905, -14.543798
882.550781, -17.260284
920.144897, -6.020142
915.888794, -4.369092
918.445190, 13.180359
951.548950, 11.616119
900.457886, -11.522488
884.544922, -7.834473
914.397644, -1.102393
914.895142, -47.899536
912.234253, -17.474268
909.259399, -12.641765
906.715454, -23.525488
907.063354, -66.174744
855.734375, 7.277588
916.060547, -18.907715
901.466980, -14.450830
914.127808, -8.078540
915.142212, -3.002417
911.343628, -2.130810
908.734375, -11.450732
905.533691, -30.570343
905.979370, 4.384115
914.399292, -9.964138
917.783997, -7.540015
912.309448, -22.512646
907.481567, -15.946507
967.318237, 25.349457
906.219543, 0.161670
900.768677, -18.743092
904.359009, -17.029663
902.717163, -12.994604
916.874878, -8.831085
916.080872, -7.242114
914.331848, -15.006617
906.953918, -14.115071
907.548340, 3.531104
892.983154, -26.008057
912.687195, 1.224792
887.073608, 3.897607
903.071411, -16.440113
885.267944, -26.408985
906.966309, -4.264313
905.549622, -7.487134
901.873169, -0.270850
921.308350, -17.663900
906.811218, -3.050781
904.694336, -11.393702
909.550964, 0.967828
892.665405, -19.517365
895.721680, 0.356635
908.650024, -0.667877
902.031433, -4.292017
891.808838, -13.616780
896.112549, -35.327606
910.326904, -12.815321
901.534729, -3.414361
901.898315, -2.812256
898.633972, -9.101709
912.714539, -9.073025
897.238647, -8.558325
913.553833, 33.538086
874.909912, -2.997467
916.596069, -4.134717
911.484253, -7.401367
910.325500, -1.168131
900.058167, -22.167969
898.397461, 11.436066
915.583740, -27.709526
898.192749, -18.609594
870.317322, -57.550171
906.783691, -9.389819
908.140808, -31.840759
911.459351, -12.832300
900.030884, -17.840441
899.458252, -18.140678
907.387695, -13.216504
894.420044, -51.137146
887.799011, -9.753662
917.113281, -14.203179
917.932495, 20.104883
909.535400, -7.038465
911.506836, -25.065332
905.779602, -7.686090
887.619751, -17.309950
898.841614, -4.869849
899.662781, -0.560840
904.537842, -6.135580
915.645813, 42.919922
905.675537, -10.839817
899.855286, -0.529126
886.609619, -14.639923
914.899109, -23.319849
901.273865, -11.347656
886.135986, -27.912445
931.970886, 42.461609
907.545593, -29.901245
905.369812, -16.899929
891.325378, 6.803955
918.924438, 2.289209
905.826782, -18.969507
893.147400, -4.024251
912.142578, -25.757507
899.538574, -18.937109
896.258179, -6.462860
902.843140, -13.837671
896.257141, -13.997290
897.624084, -5.765137
902.229797, 3.670058
913.051575, -6.284155
900.037964, -1.361627
911.904968, -7.735162
905.433716, -5.973606
911.879028, -13.262543
910.948792, 2.447618
892.907837, -13.346409
907.720276, -19.821642
903.767944, -14.856982
901.427551, -6.136014
870.982300, 3.986890
897.604248, -30.723969
896.414062, -43.243103
886.982544, 27.203979
902.144531, -6.798313
927.678589, -44.759918
909.390503, -2.283746
909.869507, -26.694874
897.219360, -7.867358
899.600708, -7.881958
864.008423, 13.603180
908.783813, -12.345019
892.818848, -17.738403
895.656067, -18.262501
894.828735, -0.705615
900.780090, -0.852295
902.132996, -3.363501
911.446106, -21.327709
904.236450, -6.734912
890.811157, 3.787622
902.699585, 15.952789
892.968140, 14.529480
910.783691, -1.475147
923.313721, -34.405884
899.224487, -16.169994
909.113464, 9.906323
896.630188, -8.676562
925.942688, 0.753467
848.348877, -16.080719
893.113647, -24.050610
910.675415, -35.140038
913.621765, -9.936415
912.666626, -16.727295
903.262390, -60.387085
897.908936, -18.530815
907.565308, -17.126303
924.430847, -16.185352
917.394165, -3.186352
900.302429, -1.722705
859.139343, 4.914856
900.774414, 7.357666
882.160522, 2.236792
909.357849, -6.740668
899.122742, -4.531738
900.413086, -32.655540
909.456665, -39.757111
901.459229, -2.287055
911.002380, -10.552680
908.984741, -17.722729
896.511597, 12.832947
918.071777, -19.039501
970.945435, -25.343384
903.958862, 0.392822
921.866943, 42.687714
914.187378, -10.480029
901.482239, -11.892407
882.983521, -13.184961
898.428711, -14.946851
891.841614, -0.451367
889.486145, 6.669141
891.600708, -6.783963
912.136597, -12.541601
909.829712, -2.931366
911.309692, -6.276666
906.674194, 3.743256
892.331238, -7.626294
901.626831, -10.579969
912.979675, -15.622620
909.573303, -2.117242
900.431885, 14.325989
920.362488, -21.466969
900.331177, -6.534505
907.224731, -20.304443
894.126404, -4.111952
894.537292, -11.733350
919.134094, -9.103882
888.154419, -0.998291
899.929810, -26.611694
915.087463, -6.704644
940.561646, -12.948761
840.518188, -27.308960
925.322449, -8.349243
918.049683, -20.937229
901.061951, 7.056939
903.668091, -13.677051
891.542847, 0.682959
909.805054, 4.530786
899.346619, -16.395128
906.757141, 6.813171
907.856750, 2.884448
932.007202, -26.677948
898.804382, -27.108643
869.424866, -10.513123
900.279114, 1.270337
933.268799, 2.072723
909.849976, -2.463487
911.672302, -7.493924
920.908386, -18.430470
940.767944, 1.962067
900.557190, -4.929254
917.365540, -2.814575
886.282410, 2.386572
892.320984, 11.963330
911.640320, -2.734180
919.405457, -23.330420
906.443237, 3.239136
896.890137, -5.813110
910.970703, -5.569067
905.107605, -23.357910
902.798950, -6.340039
911.071289, -28.920069
890.127441, -14.174878
891.309265, -6.802219
904.095581, -3.983426
901.719604, 0.749292
897.194763, -13.426975
901.817383, -10.829319
906.625854, -9.877062
912.669250, -5.938341
917.073120, -16.562286
896.921265, -23.499121
922.044800, -6.446973
904.025757, -21.968506
898.493835, -24.559032
898.350769, -7.956689
920.885254, 20.247833
877.903870, -26.461853
903.005188, -8.394314
875.904663, -29.061695
942.303101, -19.947662
894.209656, -3.771349
886.401978, 0.938062
868.896851, -38.554352
940.679810, -10.275818
912.134399, -25.383179
887.932251, -17.507324
890.114380, -20.860424
895.217041, -7.447293
904.831482, 3.443665
878.522156, -6.717651
868.803101, -42.091248
893.872192, -0.293042
904.145386, -11.084991
903.571045, 1.329264
927.866394, -8.712402
892.195984, 7.831869
912.416260, -11.392009
909.951050, -15.860134
906.950073, -8.697483
907.373047, -6.029663
895.231262, -30.000923
898.170044, -0.406799
892.560547, -7.008252
901.690247, 0.086353
897.149109, 4.732080
877.887085, -13.538671
927.739563, -15.933179
958.566528, -46.253235
911.908569, 9.813812
902.588501, -19.594604
908.294678, 3.347548
896.113403, -4.494458
895.832397, 5.526319
909.724731, 4.280426
910.631653, -16.581104
897.946167, -7.102132
898.024536, 7.556177
923.226379, -9.747046
903.441895, 3.098633
895.100525, -17.346300
881.187927, -18.341736
885.662659, -41.788330
903.756226, -13.491773
899.106995, -9.302517
912.082703, -20.639820
888.560303, 10.257053
880.163452, -41.878174
908.511047, -8.125759
899.236023, -1.762207
899.880737, -13.207349
904.893799, -10.476888
893.766602, -13.981397
897.148621, -14.016821
944.094238, -13.763733
901.381470, 1.648462
887.281250, -53.478668
901.894714, -1.854639
915.254272, 2.906421
904.218079, 6.265191
902.940918, -20.138428
907.572021, 3.147156
893.093994, -1.491455
904.566895, -2.807648
932.775024, 3.726953
905.005737, -22.214478
893.290039, -34.589428
940.565186, 25.758392
914.850220, 4.730493
902.346069, -12.172168
914.055542, 0.818848
899.338257, -14.779419
897.513306, -5.354102
901.224976, 5.496680
916.712769, -15.050440
905.411438, -10.316748
887.287476, -20.781713
901.387024, -8.648804
900.163452, -68.224335
899.994995, 31.771576
893.038574, -4.075575
952.330811, -1.415253
887.252319, 20.748352
894.371704, -35.067577
907.478394, -9.817817
935.643188, -17.135712
886.708618, 31.787567
904.869385, -3.526286
904.949219, 11.491504
883.795044, -1.342188
927.963196, -13.140300
909.009888, -7.109131
906.595703, -3.432568
889.483276, 6.576416
942.407227, 16.545502
913.955383, 2.603076
904.483276, 13.802887
927.294250, -1.092611
899.795410, -4.920947
906.218140, -22.785620
906.545166, -23.687120
889.328125, -10.298638
920.484131, 5.461823
888.403442, -23.442896
919.983948, 7.400879
903.569641, -7.241726
901.685303, -11.100206
896.600525, -27.183655
897.833740, -10.365777
907.050659, -25.028467
892.668335, -7.618310
909.539673, -5.778711
906.423340, -18.206940
900.175171, -8.365381
875.811584, 9.368164
909.933594, -3.945746
885.167480, -10.179016
910.197266, -6.397901
941.620239, -10.968079
895.407715, -13.374837
898.892578, -36.528381
