128
16
10
5
4
6
8
6
5
2
0
4
6
4
1
5
5
2
0
4
3
6
15
6
12
6
12
6
5
6
7
6
5
2
0
6
15
6
6
2
0
4
5
6
14
6
7
6
9
6
14
6
5
6
5
7
2
6
9
6
14
6
7
2
0
6
1
6
14
6
4
2
0
4
3
6
15
6
13
7
0
7
5
7
4
6
5
7
2
2
0
5
3
6
3
6
9
6
5
6
14
6
3
6
5
2
0
6
9
7
3
2
0
6
9
6
14
7
4
6
5
7
2
6
14
6
1
7
4
6
9
6
15
6
14
6
1
6
12
6
12
7
9
2
0
7
2
6
5
6
3
6
15
6
7
6
14
6
9
7
10
6
5
6
4
2
0
6
6
6
15
7
2
2
0
6
3
7
5
7
4
7
4
6
9
6
14
6
7
2
0
6
5
6
4
6
7
6
5
2
0
7
2
6
5
7
3
6
5
6
1
7
2
6
3
6
8
2
0
6
1
6
14
6
4
2
0
6
5
6
4
7
5
6
3
6
1
7
4
6
9
6
15
6
14
2
0
6
9
6
14
2
0
7
4
6
8
6
5
2
0
6
1
7
2
6
5
6
1
7
3
2
0
6
15
6
6
2
0
4
3
6
15
6
13
7
0
7
5
7
4
6
5
7
2
2
0
5
3
6
3
6
9
6
5
6
14
6
3
6
5
2
0
6
1
6
14
6
4
2
0
4
1
7
2
7
4
6
9
6
6
6
9
6
3
6
9
6
1
6
12
2
0
6
9
6
14
7
4
6
5
6
12
6
12
6
9
6
7
6
5
6
14
6
3
6
5
2
0
2
8
4
1
4
9
2
9
2
12
2
0
4
3
6
15
6
13
7
0
7
5
7
4
6
5
7
2
2
0
4
5
6
14
6
7
6
9
6
14
6
5
6
5
7
2
6
9
6
14
6
7
2
12
2
0
4
5
6
12
6
5
6
3
7
4
7
2
6
9
6
3
6
1
6
12
2
0
4
5
6
14
6
7
6
9
6
14
6
5
6
5
7
2
6
9
6
14
6
7
2
12
2
0
4
2
6
9
6
15
6
5
6
14
6
7
6
9
6
14
6
5
6
5
7
2
6
9
6
14
6
7
2
12
2
0
4
3
6
9
7
6
6
9
6
12
2
12
2
0
4
5
6
14
7
6
6
9
7
2
6
15
6
14
6
13
6
5
6
14
7
4
6
1
6
12
2
0
6
1
6
14
6
4
2
0
4
7
6
5
6
15
6
13
6
1
7
4
6
9
6
3
7
3
2
0
4
5
6
14
6
7
6
9
6
14
6
5
6
5
7
2
6
9
6
14
6
7
2
12
2
0
4
13
6
5
6
3
6
8
6
1
6
14
6
9
6
3
6
1
6
12
2
0
4
5
6
14
6
7
6
9
6
14
6
5
6
5
7
2
6
9
6
14
6
7
2
12
2
0
6
1
6
14
6
4
2
0
4
15
6
3
6
5
6
1
6
14
2
0
4
5
6
14
6
7
6
9
6
14
6
5
6
5
7
2
6
9
6
14
6
7
2
14
2
0
5
2
6
5
7
3
6
5
6
1
7
2
6
3
6
8
2
0
6
3
6
15
6
14
6
4
7
5
6
3
7
4
6
5
6
4
2
0
6
2
7
9
2
0
6
15
7
5
7
2
2
0
6
6
6
1
6
3
7
5
6
12
7
4
7
9
2
0
6
1
6
14
6
4
2
0
7
4
6
8
6
5
6
9
7
2
2
0
