128,
0,
10,
-538.964239, -0.000000
-156.019004, -366.818153
315.221549, -143.236371
-272.091330, 191.515080
8.276135, 380.239348
357.972298, 81.354976
279.554059, -77.619904
160.378817, 174.535178
-239.904474, 122.724609
-298.928422, 196.621144
83.024348, 67.752766
110.723215, -230.622342
95.960493, 477.003407
140.786637, 461.691023
110.123956, -213.859811
196.013340, 146.480332
148.815470, 255.347988
143.547608, -16.963599
356.199129, 28.595657
135.144806, -136.341416
-270.289195, -146.517505
-91.767868, 140.375865
46.744037, -161.294787
-18.325093, -473.444763
147.818054, 125.814178
169.392873, 112.663745
115.971530, -327.409432
128.074587, 221.573100
187.463275, 163.492592
191.026372, -211.940989
0.087584, 180.974928
112.778625, 57.014870
104.903879, -193.881553
-67.954059, -56.503592
54.549701, -62.068707
-226.689524, -236.112565
-287.403482, -169.466603
209.132289, 346.112923
307.900284, 48.959936
-42.528331, -349.145314
-388.236091, 83.104062
-65.050638, -241.259854
225.982299, -269.690686
16.799165, 238.248509
-59.688252, -139.077399
-243.857531, -210.028497
-83.801564, -73.282292
-208.942712, 116.212911
-782.692119, 452.814474
-232.665014, -79.148814
153.361290, -212.646195
-11.218831, 20.477201
96.223101, -204.530459
-232.039826, 23.724483
-210.925610, -49.527619
138.394486, -258.396755
120.290061, 6.817005
145.637411, -211.212406
53.508926, -143.091017
54.153773, 389.373865
136.950726, 187.037918
-112.494425, -65.091828
-308.163576, 94.635329
128.714513, 7.279211
516.310717, 153.823335
-81.809064, 335.442664
-381.787220, -133.691993
11.303337, -67.843270
40.792598, 141.839097
71.958702, -340.316755
176.831860, -184.921434
106.140472, 92.018681
-159.404709, -7.810803
-154.483443, 129.180497
217.176176, -129.230795
-203.290857, -230.238970
-429.415717, 120.431571
-31.316989, 194.260303
-246.437293, 173.131305
-30.331122, -167.062924
343.683056, -536.811446
78.001786, -377.793261
-12.417814, -301.571760
-172.179153, -257.934080
-15.314094, 129.832707
95.208240, 120.082891
-415.935954, -267.767616
3.113794, -116.198650
433.857885, 101.258470
-112.151735, 32.549600
-4.157433, 159.538276
343.985946, 199.934814
148.664930, -70.392592
-85.967152, -153.857343
-161.925331, 212.468120
138.109008, -34.984063
260.802705, -466.276584
81.267272, 188.117228
65.632641, 82.505404
-10.605301, -302.571460
50.369842, 387.674273
-37.118448, 208.330663
-169.213028, -125.321507
181.543911, 67.856304
-109.744188, 3.786188
-383.479886, 165.401256
155.134185, 101.540432
-19.705952, 169.010333
-277.929931, 162.745692
-92.618555, -174.228385
-194.367458, 130.917458
71.709412, 114.956099
101.724097, -37.592839
-310.142114, -74.306362
-92.234548, -303.736480
-88.296676, 254.123029
-273.135980, 332.533186
128.954226, -163.569876
122.573858, -31.012964
-164.380506, 47.033932
55.912213, 285.354395
120.225038, 224.735392
61.126904, -68.948614
155.059300, 84.816389
-29.336819, 94.710386
-117.841072, 22.173495
7.671354, -73.285588
-576.588075, -229.297811
-1029.965131, -369.558836
-71.453509, 179.138592
274.000468, -13.550707
-142.097601, -222.188200
-48.299020, 111.652019
-88.559409, -189.379630
-300.437526, -80.821946
-111.375367, 27.071543
377.118256, -222.987069
444.344705, -22.478041
72.762669, 205.402433
-63.518913, 232.344784
-357.846717, 238.835914
-307.955669, 338.535871
260.579704, 183.156316
-91.967738, -6.295198
-165.891549, 352.960232
371.834306, 165.740538
57.198022, -359.720337
-125.497058, -142.989499
102.334198, -87.430397
168.211894, -349.789208
151.488332, -21.773710
90.460815, 330.346765
147.144433, 23.200651
-34.515849, -142.849637
-245.050587, 61.305254
-238.105874, 210.969261
-59.772214, 124.219033
192.765318, -145.865387
-107.914762, 60.617760
-186.940251, 277.736004
140.248037, 208.792743
36.746644, 116.226507
-41.394088, -250.412407
-186.347024, 24.196312
-268.563570, 286.554764
21.014417, -58.272510
12.424706, 45.827677
-133.815369, 8.569099
-37.954614, 91.122714
48.311468, 151.233146
-13.918852, -111.852745
-22.321296, 118.857026
-117.062632, -135.427758
-198.680578, -271.211930
67.785540, -1.400266
-290.420156, -28.029805
-755.256378, 579.582350
-133.441982, 539.081198
152.296359, -74.321001
-70.430462, 44.582666
129.293411, 31.865926
266.738558, 56.034732
235.795314, -80.954720
53.244368, -257.131260
24.881025, 145.492226
308.932914, 360.119913
-223.987129, 224.190168
-718.148691, -126.218037
116.246987, -290.566690
245.549439, -39.492400
-380.093849, 173.858263
87.935834, 161.187799
371.626966, 173.346642
156.666361, 388.236018
254.226834, 7.443721
24.630106, -226.329909
-44.035857, 248.880956
141.069236, 92.406044
-18.345404, 69.235801
4.247191, 169.666948
164.762383, -12.645927
126.998108, 302.669408
128.496526, 115.736712
45.573801, -139.678882
-140.622219, 80.623653
-59.879758, 95.256800
-152.450696, 168.443067
-191.236741, -289.219198
433.237016, -486.218103
385.515528, 118.397482
-179.799464, 57.423385
-153.550986, -13.538325
-105.238877, 143.174832
125.849596, -78.444884
209.354291, 87.959933
-128.448174, 183.136555
-130.908662, -242.411493
-18.481673, -191.827885
-102.362894, 244.948550
-206.213320, 253.187117
356.034879, -3.422907
588.411002, -75.624968
-230.152849, 30.986706
42.438681, 12.830614
471.523374, -79.990772
-26.405176, 5.115938
24.372865, -104.285751
-146.013655, -291.263649
-398.798034, -89.334791
-5.446548, 120.409385
183.431325, 77.929164
131.473607, -148.511750
132.897570, -141.228795
32.065749, 154.207611
-282.731178, -2.464119
-82.350809, -152.786248
160.204049, 89.741371
-191.156038, 46.244153
9.151401, -6.805132
177.189106, 30.333123
90.028035, -66.778548
119.503895, 73.393115
-210.682715, 126.246912
-18.979434, 165.965283
50.750674, 315.797028
-124.712762, 86.284614
263.168358, 176.958145
55.901007, 409.693167
-69.851170, 85.841121
-1.123160, 148.998595
-329.161213, 154.485395
107.788406, 69.738108
66.799531, 141.981817
-231.254467, -65.345693
232.622483, 47.088183
-406.275616, -113.663403
-1277.705327, -78.921787
-311.526627, -108.221108
393.033990, -335.075689
-459.919006, -309.473194
-30.164177, -45.983334
117.065853, 67.389543
55.031175, 244.151521
203.095280, -105.706710
-292.757567, -193.290935
88.308609, 227.574039
-112.842326, -40.533296
-539.596967, 122.036316
-45.786142, 301.315398
2.606204, -27.420312
92.402771, -64.651245
-65.311797, -110.977868
-346.209413, 122.192128
-124.544064, 188.009320
-152.691339, -208.209112
-44.754932, -147.798825
-70.109202, -118.495369
-109.506513, -200.167876
85.160997, -101.897618
-127.985249, -65.076615
-23.340085, 35.163337
323.131649, -132.722375
232.964287, -202.819360
79.275649, 162.280423
208.132351, 90.112830
222.041583, -61.593395
-2.738447, 38.311728
249.401676, -15.969005
457.904679, 168.405592
203.398883, 153.229998
-78.138141, -207.614296
-151.388403, -363.257808
185.591155, -308.921091
143.744209, 208.645689
-173.754397, 271.633167
-169.439683, 40.021439
-2.469143, 372.051156
212.576350, 96.855626
-12.075205, -34.690004
-32.688495, 188.656323
-24.610317, -45.621262
-329.451543, 32.410586
91.752983, -208.729612
-195.529517, 66.522460
-1009.487556, 762.102394
-409.933793, 32.731103
339.548279, -174.575286
304.901829, 251.734861
-40.631560, -76.961462
-251.980902, -125.075323
-97.308065, 109.392687
214.325246, 57.010309
297.149644, -161.486795
77.531830, 2.060942
130.120900, 104.963322
-14.480596, -171.271767
-347.504727, -130.629702
-181.414666, -161.719270
-11.839643, -20.904978
264.184159, 186.140702
303.888458, 23.476859
28.164503, -56.439803
45.380069, -291.745644
-75.362022, -198.224843
-25.819171, -243.052961
-134.084444, -457.684647
-286.941963, 63.535027
232.683915, 88.788996
68.171554, 182.097112
-120.752032, 366.684048
199.680816, -67.375163
-212.071073, 175.049779
-28.439879, 157.681112
412.862711, -19.037936
-82.296161, 159.727692
211.072838, -245.557094
603.579514, -160.909653
-126.220687, 47.168361
-160.932092, -132.076993
204.341907, 8.617419
-99.903001, -47.169004
-46.310166, -202.923024
76.939339, -265.519242
-83.468667, -124.901120
-4.896677, -16.750714
19.061029, -234.166210
65.803391, 35.059585
167.643511, 269.852767
119.702533, -31.491135
-27.899213, -100.740002
-118.504426, -63.768505
129.487698, -6.158604
345.225386, 64.882848
285.465136, -152.778725
79.452611, -44.339002
-38.558490, 181.363736
124.232815, -293.448949
-4.117143, -347.701819
-156.636284, 210.115066
21.368544, 363.933074
-28.909549, 394.279203
-59.424899, 150.630808
14.492088, 7.739026
-72.391070, 189.892813
-23.050191, -142.419417
95.302367, -258.053099
92.291534, -94.843577
100.776264, -227.939056
47.822554, -159.615810
72.717792, 93.815424
142.751874, 118.917781
-222.902913, -160.374608
-192.676461, -108.847686
370.255043, -50.081032
238.997993, -206.345668
9.656807, 157.819790
48.791757, -37.759567
67.815618, -267.143240
107.905408, 175.069167
113.899791, 79.765247
107.324505, -53.804631
-174.891938, 75.867997
118.194832, 104.016562
-70.720204, 112.302583
-966.783661, 89.277241
-416.838469, -46.010998
245.676643, 191.540471
-142.017794, 83.796729
-18.308076, 179.373757
-6.509952, 273.908887
-226.757204, 11.631254
155.473711, 107.566342
43.039110, 119.116248
-283.800080, 48.413184
-210.403450, -103.051247
-237.998957, -420.892926
-158.533771, -228.177774
233.520616, 221.090151
251.519483, 40.927384
-290.623901, -281.137263
-256.732831, -25.707562
135.927542, -13.527781
38.776609, -356.478160
-119.320901, -117.051705
-231.772564, 89.382063
-139.650210, -254.014778
-55.075324, -306.986628
-220.396279, 172.922688
-221.809523, 157.119033
-24.444507, -303.188008
343.521290, -20.406124
205.549766, 232.409165
-40.753093, 97.043144
154.930640, 351.645980
-42.207418, 169.781888
268.178805, -96.554128
746.226280, 163.756838
340.781775, -115.503156
87.044464, -177.767613
-51.955863, 280.313181
-130.039652, 72.087375
-82.615941, 146.071582
-52.704156, 519.110175
77.507018, 101.739296
15.059671, -111.969804
-42.704018, -27.063904
-360.303588, -79.098313
-163.309856, 70.172981
556.449139, 141.110003
262.086784, 158.835437
38.337460, 9.263991
-191.889089, 206.975362
-478.220940, 757.782908
15.131056, 247.492673
-27.586497, -190.401288
20.655086, 46.574926
67.203674, -5.979930
-292.894433, 190.981814
1.860133, 179.223664
-123.127070, 1.127881
-186.104500, 67.237711
105.235432, -166.976015
3.344240, 19.033239
228.497849, 236.130192
147.457493, -117.192610
-143.672867, -39.423473
-189.236362, 228.486344
81.645019, 176.706815
455.640413, 89.201225
-111.974500, -152.560525
-64.228388, -201.827336
323.107464, 201.721875
-240.690510, -31.716258
2.595870, -261.767422
186.442571, 354.307953
-124.463981, 169.512838
139.559739, -71.522246
39.931513, 189.904425
-93.123054, -133.329096
53.726187, 103.037982
166.502019, 141.669447
56.667310, -93.296180
-317.931089, 562.417205
385.338481, 209.560966
961.553191, -279.648562
29.694698, 185.626539
-189.458775, -45.084118
149.226790, -179.576241
-136.140187, 83.782534
-215.443523, -36.334699
-373.811657, -115.558491
-363.062091, -108.713375
-32.059449, 43.753688
-125.841276, 116.687109
10.450798, -205.433055
34.412587, -143.607474
-114.640128, 204.298415
102.348824, -37.451734
-186.357707, -180.289265
-36.869377, 212.322144
449.908339, 340.448937
20.745825, 33.744048
30.569811, -109.717429
328.032979, 260.753061
152.919343, 245.914279
-109.270369, 78.094283
-304.476814, 490.081931
30.883979, 200.303542
79.866649, -95.266462
-205.713644, 193.412386
-69.281528, 44.455717
-63.252054, 198.249651
129.350178, 108.592918
177.056768, -157.845334
-262.270699, 265.201248
-185.490515, 202.075362
37.679630, -18.883049
71.692717, -172.507500
85.297970, -318.670096
1.037558, -18.040923
96.995469, -78.341282
164.130178, -184.427481
81.820440, -111.095572
-42.230175, -98.075299
-199.089709, 30.901292
-14.849362, -140.004118
61.034413, 85.713476
-6.675341, 302.523692
37.969333, -138.207136
-64.939478, -396.029265
19.967168, -64.244436
-217.762566, 320.248137
-790.832576, 40.354697
-567.665996, -62.101970
81.687261, -139.625590
147.257223, -53.783143
501.268639, -493.773865
175.909109, -35.290542
40.914329, 583.466086
199.195039, 9.715996
-211.934916, -123.575395
77.068723, -306.947986
242.438117, -228.682915
24.059002, 266.980844
-2.119115, -93.325195
-146.696799, -240.245687
-113.402924, 210.156513
-27.702379, 101.935304
-92.564463, -118.250697
-37.389381, 190.327390
154.129660, 187.798793
7.199834, -146.828879
-237.321406, 188.166736
30.525191, 238.548178
-13.668409, -303.035000
-94.142733, -333.453989
139.297811, -31.582099
-211.287476, 160.040659
-251.707818, 181.245405
217.904385, 193.581898
247.734230, 67.870104
35.946441, -89.966144
-215.922592, 39.465317
-4.206253, 85.901832
269.575227, 71.879414
-181.828971, 16.029060
-105.072742, 146.404502
259.188100, 199.411618
-261.473237, -230.912972
-166.846240, -154.914771
462.132918, -125.301417
195.135892, -224.479094
-85.094208, 93.294983
-176.060258, -186.978065
-308.981768, -212.069469
-31.754767, 187.219291
36.897178, 209.348469
-173.805670, 56.554262
-171.369225, -322.795337
-228.914625, 83.153247
-357.061372, 533.643118
-166.620727, 52.562144
62.433076, -96.543741
-8.725210, -66.866050
26.284549, 78.365661
-62.406583, 220.403057
-256.044591, 97.724632
-101.265802, 371.487840
-47.322394, 347.157648
21.292233, -128.924413
60.253222, -152.015673
34.847337, 315.967003
349.140914, 446.546319
173.418276, -68.846473
-145.665992, -115.677508
164.310166, 84.310903
142.977875, -77.760394
-125.389682, 47.872634
-127.589983, 173.852721
-260.814793, -104.093524
-122.965346, -341.006063
213.822187, 9.405658
-62.594305, 342.109873
55.345464, -195.018790
400.280262, -464.919958
-147.233870, -73.231120
-177.091310, -60.870284
-56.407872, -127.181518
-158.759378, -23.257387
272.856622, -13.770623
-116.585346, 71.530218
45.571519, -318.588593
860.284992, -932.471531
237.744051, -604.907044
-46.663185, -72.675345
-0.913185, 21.416592
-244.640283, 53.991512
9.762122, -42.334351
65.611996, 43.814136
251.239839, 49.441663
260.650608, -198.614672
-31.927731, -76.825228
-3.052412, 98.857420
-258.195481, 62.485964
-111.848455, -12.346883
338.113887, -65.354479
130.607135, -41.208064
117.826578, 84.441588
278.785416, 234.667224
-42.124229, 177.604328
-41.816044, 85.137716
256.672189, -71.935489
56.608015, -20.257855
82.201487, 182.581644
-75.328782, -266.133996
-492.529791, -369.237506
19.462927, -36.981168
93.354519, -111.715088
-69.584797, -11.574278
92.122227, 49.523627
-372.615604, 66.927827
-223.637171, 15.345283
54.542140, -38.024107
47.229247, 36.214526
308.129899, -364.787861
97.367405, -12.835846
55.123254, 293.162241
-79.734870, -445.258502
40.351512, -73.465159
290.098907, 206.302958
-338.116985, -231.213794
-24.372957, -3.096338
305.373654, 44.000524
-290.610891, -39.179831
93.648132, 202.717953
301.777786, 281.580838
51.879059, 155.039018
-129.399557, 39.745908
162.796215, -58.888844
179.173478, -221.023577
-1195.739115, -403.376147
-204.320936, 39.983955
147.753931, 46.210994
-172.906184, -143.784755
468.763695, -124.704876
124.448033, -154.845486
277.886992, -39.311771
248.892624, -198.481900
-590.739061, -142.788053
-213.304310, 177.551698
-54.266577, 58.664871
-150.544868, -9.422562
352.823328, 254.540931
75.856711, 52.392255
-58.847181, -102.341189
170.388680, 115.846546
-21.078952, -133.154674
-128.942425, 135.632005
59.852056, 497.750294
112.106160, -42.772111
-51.034037, -88.357596
-130.925042, -192.507376
-196.726995, -365.467610
-93.983145, -49.174572
-184.024522, -116.208970
-324.266293, 135.337335
214.543237, 175.340379
163.996148, -179.415740
-95.086030, -43.228765
378.208643, -15.148983
360.709506, 228.363882
344.718919, 218.441480
428.982097, -92.444679
22.172064, -44.121100
-186.467480, -360.164643
-199.044986, -242.564746
11.129320, 176.034273
-8.731359, -63.490553
-229.929189, -257.555940
103.921115, -110.592118
11.835212, 211.078682
-59.249546, 104.922877
499.158641, -165.539878
226.901289, -89.288065
-122.269819, 62.147939
206.205872, 114.956101
159.906801, -301.042518
-78.033360, 134.556858
-258.138960, 956.766231
-372.177368, 135.815608
-161.208055, -343.073083
141.658892, 50.784540
239.063741, -4.458617
77.437067, 39.465397
135.860534, 52.428608
131.189220, 69.519564
-266.116243, 181.356717
-133.554759, 119.820837
138.178178, -14.226504
162.591511, -126.549600
312.802576, 54.206927
96.993337, 105.031624
-66.531464, 78.222093
3.115238, 216.434988
-58.831234, 54.074769
-28.717080, -106.405758
-101.768550, -305.595288
-25.445600, -209.290435
201.770742, 279.729571
110.146091, 11.996265
-9.909647, -232.614281
166.045078, -84.451331
276.531041, -204.953971
57.830874, 177.912397
292.494752, 400.414869
355.742225, 81.934864
-47.538215, 179.060037
366.762967, 102.091065
377.893025, -98.948995
267.101387, -79.335710
744.815498, -209.989388
35.675729, -73.056739
-322.381148, 72.937335
240.797289, 22.627336
16.695990, 59.966722
-102.038250, -51.720059
159.463661, -83.930530
46.997278, -74.875783
-318.168138, -52.196114
-101.621421, 150.808618
346.900520, 150.169311
60.939035, 0.673852
-50.288113, -89.241407
-90.131661, 42.580971
-174.363764, 125.607269
55.271323, 91.727107
-121.029799, 317.964564
177.405893, 50.758917
609.811095, -228.337233
50.151137, 93.800050
-239.391107, 83.823029
13.047001, 104.546065
158.848943, 46.173379
135.126703, -182.150633
47.629406, 94.161210
-32.712525, 123.025586
-80.392970, -81.514416
32.399782, 1.007317
0.306125, 90.067990
29.316012, -80.080882
236.659595, -339.831945
127.252585, -208.839332
-45.444289, -60.027243
-16.705356, -6.958176
150.033836, 87.318134
226.461544, 96.951040
89.917893, 133.954430
-26.918495, -47.061536
-21.984804, -88.479985
168.240106, -39.667756
171.463677, -98.458222
-63.298449, 192.954868
-219.961276, 150.995723
-24.625873, -23.708454
-24.127810, -77.050927
-191.749648, 33.511505
391.873582, 624.894767
-124.823796, 210.090706
-1039.492118, -360.700253
-309.481114, 64.706498
211.442960, 497.784012
-158.626842, 156.492297
43.632296, -330.170093
98.975377, -61.075262
50.249646, -62.450714
204.608826, -198.485730
234.497443, -251.654175
32.784398, -275.277220
-147.478827, -10.997228
84.133337, -62.614079
-54.570593, 100.545252
-213.354245, 179.851008
32.451256, -142.522143
-51.478387, 67.153117
-210.157699, -19.357543
-69.699109, -235.420820
74.514865, 68.457354
-128.557022, 269.790681
-65.464329, 404.202042
159.381375, 42.490884
-144.129612, -212.316313
97.513938, 137.761758
161.445297, 112.928180
-243.832789, 198.855920
23.807585, 167.394218
-180.604011, -285.305804
71.188204, -102.941478
607.156235, 52.997689
-91.237367, -183.543315
-55.175453, -82.454972
19.602004, 209.615685
-278.836177, 307.910498
92.637346, -5.676992
-181.817475, -135.466650
-96.488326, 16.841948
89.919607, -166.626002
-294.585607, -1.879552
192.562368, 242.237300
234.335933, -80.531577
14.637909, -11.142429
263.501340, -33.708088
200.306579, -353.150362
218.716454, 97.859251
-51.484877, 224.627674
129.802471, -148.276534
217.166043, 279.591661
-659.677300, 565.298683
-267.487075, 299.317897
159.060694, 286.678504
-259.567294, 110.146663
47.342764, -104.870130
-15.877524, -13.590310
-162.803746, -175.134662
122.380511, -108.921363
8.602622, 378.551119
25.049614, 360.190356
164.283736, 229.408524
-131.047417, 308.745486
-237.811864, 86.317527
336.660340, 95.911867
261.173466, 280.554111
-111.020973, 98.044102
487.555187, 199.655027
423.570779, 311.396277
-70.460815, -146.344857
-54.862473, -337.956058
-67.709032, -285.831699
216.243010, -144.692851
36.505536, 283.004990
-164.885345, 70.646358
-95.725440, -101.010942
-537.058937, 225.352090
-190.167519, -162.424547
118.073568, -265.326332
-109.399137, -96.013169
186.991303, -255.415319
129.036887, 196.202063
206.798350, -153.688329
225.614679, -797.460655
-235.424259, -60.270453
45.596445, 196.194361
178.383247, -21.568864
-33.774247, 136.274607
122.218220, 67.796268
55.822630, 44.765116
5.491234, 104.987978
112.290612, 313.212850
5.037787, 487.697893
-100.941920, 384.683230
-82.717629, 213.102307
-35.013253, -45.264827
146.384809, 26.114425
128.548269, -9.083639
-124.313449, -155.908071
22.918724, 154.569505
-112.410186, -3.077810
-398.520436, -48.424972
134.860740, 269.118170
248.740067, -70.273106
-276.481945, 20.889134
-357.560616, 328.266726
-267.870615, -63.421398
-213.381300, -49.464827
-40.944801, 285.162274
8.854321, 301.819011
-64.908112, 109.692460
49.144961, -117.448920
-34.181202, 149.303552
-109.963625, 297.986542
158.916438, -17.272897
-86.600333, 145.624337
-168.014854, 140.719482
75.669496, -157.649193
19.036318, 55.545211
261.361748, 99.880279
7.870512, 112.187447
-194.743389, 94.137142
151.243347, -229.040698
-182.867277, -71.497568
-144.653371, 21.579862
-179.185579, 45.859554
-332.064418, 40.348411
289.353382, -337.156498
316.914594, 140.894603
286.000465, 457.713617
-120.216251, -216.134828
-794.319198, -329.725455
-175.904692, 88.822561
219.855899, 17.802327
-287.463926, -18.223940
1.873461, -79.720479
-0.923293, -6.098859
-243.971572, 363.544740
83.978014, 62.782857
121.873183, 456.360928
71.813850, 554.160058
-202.209965, -241.934047
-370.711111, -113.326279
-182.809611, -356.668755
-145.194525, -34.358555
157.593898, 542.208610
266.133937, -92.644402
-109.788410, 305.574955
-62.989895, 236.693626
350.048246, -423.650829
277.682463, -40.261972
-105.096025, -245.878099
-65.912792, 60.271893
-111.422823, 522.623571
88.456234, -23.992090
387.985308, -6.921431
-279.076573, -94.778164
-255.693040, -369.472301
284.678536, -161.180355
1.501836, -47.876676
50.946624, 265.549884
-13.046455, 380.937280
-174.057432, -157.481433
309.548816, -200.517224
209.328760, 312.703375
-187.446831, 213.853947
21.240671, 101.016983
28.168243, 394.907603
-197.818991, 214.428647
-56.647141, -11.269933
-4.240786, -15.361800
18.840404, -126.708091
-22.069498, -87.489509
-351.303955, 75.680057
-4.878564, 16.365417
151.613161, -141.562573
-117.193149, 73.128338
295.578585, -17.601139
-82.363700, -65.468528
-577.950422, 583.694609
-127.637036, 300.701018
-135.521272, -120.363291
-94.841366, 134.517775
-36.536186, -132.980437
-276.493459, 20.386050
-19.281925, 120.144578
228.040703, -302.127399
101.128456, 55.050789
-106.602589, 94.288454
-35.271237, -305.272427
191.046490, -34.048943
106.930440, -100.858000
-151.616234, -464.156873
-60.536368, -27.167041
542.655346, 256.025045
548.333281, 111.903545
131.949206, 384.975940
114.323354, 271.723074
-123.550749, 265.927527
-64.174566, 672.232489
63.394391, 91.787659
-149.811028, -171.342150
217.618532, 237.342553
265.385544, 35.651077
-158.031765, 47.595632
-41.732456, 296.364340
158.588179, 161.918957
126.331444, -173.019261
-59.122518, -89.466528
-274.905325, 192.244024
13.818001, -407.952660
541.399111, -577.534670
98.884106, 62.574334
-402.684070, 36.131466
95.454129, -57.477569
-10.864774, -83.708221
-334.101013, -51.184689
15.711126, 312.558715
76.760083, 96.151333
77.217333, -134.254054
81.813444, -48.165101
27.540623, -210.773264
61.789239, -17.796914
118.551847, 208.349187
166.017923, 3.881138
-137.756730, -174.177815
161.713254, -136.531473
507.309070, 126.973800
-70.350091, 115.916281
71.235557, -102.920106
228.405670, -63.249990
-186.320017, 64.799802
-102.498532, 127.353490
-156.731635, -99.020319
-10.635322, -89.090618
253.984276, 124.169346
50.220027, 17.411577
97.064264, 357.692347
91.104106, 225.919623
33.075172, -464.270155
138.510264, -122.378813
7.524595, 187.165536
-69.791884, 145.002254
-21.543235, 132.778295
175.588311, -9.042859
231.690150, 210.457823
-138.087457, 37.197507
-159.078654, -176.407109
-79.284731, 46.729678
-151.146002, 53.374797
106.892260, 261.510391
166.511951, 234.254051
-120.526420, 38.975016
-161.120810, 164.939544
61.043395, 57.677323
233.979412, -223.992639
25.136210, -297.300892
126.430480, -89.520993
-109.529976, -251.039946
-1298.999442, -497.671090
-424.632714, -7.690908
531.990919, 231.685796
29.645568, -44.310783
24.274261, 45.360091
49.916516, -95.811620
-180.992629, 97.424972
-143.113830, 133.617607
-145.813633, -456.978772
-5.738749, -11.763077
66.862160, 383.620625
10.802914, -27.974547
31.264189, -98.376599
130.879873, -196.334161
160.488311, -422.752960
-202.030923, -327.737584
-142.396834, -300.697888
-110.175683, -353.014816
-132.765799, -2.937809
286.054201, 136.705214
-106.855688, -81.006559
-183.377770, 18.896925
265.271774, -30.748608
97.283080, 43.963057
135.552478, 166.857991
75.619478, -164.144964
275.914437, 79.214846
300.441926, 172.414317
-171.843196, -219.787408
241.380292, 12.201996
9.373167, -64.236300
-390.214392, -309.713229
210.146194, 150.452057
149.162782, 320.333839
53.863695, -36.955044
186.124874, -113.801648
99.978907, -26.621880
87.871485, -191.320455
10.107586, -186.640811
164.539991, 35.044159
203.458116, 19.142877
89.095690, -99.491425
-32.633307, -172.234060
-70.195360, -119.831900
146.358110, 104.144533
166.670728, 57.471250
278.902221, -230.182102
-123.514820, 127.733679
-591.939224, 638.638890
-35.303602, 331.525376
1.423934, 61.960932
-226.222559, -36.876611
-121.538080, -194.473740
-106.234703, -8.580158
-13.266306, 17.588488
-293.901006, 30.441650
-170.313217, 126.666830
28.418490, 146.222100
-223.711317, 355.936541
-47.356109, 252.209701
-42.191107, 101.256857
86.651050, 5.472653
88.409760, -301.460243
-143.196934, -145.623387
259.841202, 84.776710
-140.578829, -134.235416
-545.327807, -214.297722
45.779059, 241.169591
117.061729, 308.179031
74.199812, -235.953356
178.950227, -117.662492
74.126295, -94.481266
-6.012879, -279.001665
197.372793, 129.886737
468.770620, 29.920487
10.644253, -74.805308
-127.706381, 113.855801
227.171840, 78.437519
28.868927, 289.939748
236.805184, -30.623280
411.315114, -442.856458
-3.050105, -83.314485
55.890045, 166.659336
-64.335073, 102.107374
-260.685964, -129.757792
211.832470, -150.710619
94.048177, 91.450414
-318.989325, -35.922382
-129.824727, -201.867012
-96.831997, 2.842570
-6.098801, 121.524431
-16.585345, 1.420827
-220.375994, 57.005804
54.057541, 62.119107
-66.402779, -150.931192
-98.562655, -109.489076
121.692120, 124.066887
-375.215965, 91.065105
-29.259306, -366.267476
486.821170, -387.283946
52.908128, 95.550899
145.604972, 101.222902
46.435213, 28.221010
-139.695679, -165.060608
287.022988, -198.905769
194.533454, 290.422730
35.596589, -119.797065
-42.833858, -401.336265
-226.963685, 176.912843
41.234839, -64.856034
87.590071, -228.318486
-120.714507, 174.606662
-134.485596, -68.824536
-82.993543, -406.574196
19.673402, -245.088766
-180.925043, -72.968843
-321.337407, -145.834718
-55.342572, -94.567935
103.849600, 148.901722
202.734531, -25.920996
235.889340, -381.881827
98.652746, 7.991828
-0.888399, 337.800189
-24.210417, 95.337136
-41.827386, 47.516864
-151.855289, -42.474930
-68.420807, -72.719781
-520.347874, -170.650865
-1093.082802, -4.626514
-128.396625, 162.169437
54.791887, -113.927654
-306.977928, -184.439661
-25.482426, -207.956506
-288.148334, -163.927312
252.182049, -69.420804
281.973451, -62.565676
-159.887368, 68.479075
189.888525, 162.006883
-178.367582, 52.098676
-79.864786, -46.232706
159.386401, -63.198510
-17.932127, -216.322532
220.027090, -85.255973
-310.913736, 180.925802
-282.515621, 61.894962
288.456655, -70.481704
20.206508, -295.751630
169.773182, -154.024133
70.463565, 103.158836
-168.752815, -240.711164
101.725828, -175.020807
-10.317257, -136.991105
174.615739, -189.700888
375.143615, 138.096624
137.315160, -34.250657
154.061932, -89.890985
144.612540, -198.996474
54.846653, -461.454141
-79.428319, -137.217166
18.492088, 50.789341
267.599331, 260.294861
11.261029, 245.364829
-11.570137, -123.709359
84.087471, -82.344915
-21.492876, 45.267736
228.730460, 164.641782
39.789152, -138.859846
-46.171022, -312.124189
399.851710, 184.448957
25.815414, 175.014738
-260.313683, 39.537759
169.937380, 37.765769
186.667287, 20.426538
41.193238, -7.478951
242.148516, -306.206425
54.630027, 215.579302
-563.332498, 625.574586
-280.221394, -72.532035
294.748711, -125.390731
177.316791, 149.514885
291.117437, -240.186322
169.745344, -331.579326
-231.115598, 107.815817
-35.242225, 172.282134
82.077744, 24.012758
-28.734772, 140.768461
-49.521392, 121.276057
-25.821311, 105.903573
-44.048964, 52.095207
-3.633551, -10.602838
53.594987, 84.222189
-51.016351, -170.722983
413.148856, -226.025224
582.011190, -86.043080
-104.872671, -78.211545
-192.557412, -8.325108
-178.673067, -356.629307
-215.758955, -111.062555
-2.813167, 426.263332
39.064797, -13.346053
204.549660, 71.116813
18.398879, 301.832162
-7.557469, -165.039282
244.631961, -43.978945
137.969225, 124.526143
286.966030, -59.127657
28.672899, 149.994885
175.229407, 11.934899
948.571744, -556.482362
275.790534, -280.926473
-250.524741, 200.103251
114.019527, -53.421005
-54.379268, 7.766592
-134.320709, 113.337478
-49.240591, -239.121978
-10.177252, 17.015116
89.241814, 176.987494
-1.248170, -11.158405
-9.990617, 385.772908
26.003538, 308.219761
-46.326811, -13.818020
82.616782, 138.455421
78.123216, -103.618628
-67.301246, 21.284407
445.900891, 212.791878
515.383159, -216.276341
-289.765469, 28.628970
-195.310176, 77.294833
93.923685, -112.769422
-279.862954, 348.146371
-271.911695, -20.499209
63.300131, -362.656057
154.645698, 92.195334
-77.633158, -57.088503
-157.052290, -198.188203
72.172797, -12.468921
176.292002, -147.759539
-114.158850, -195.352125
-367.310076, 44.076196
130.492398, 92.734009
390.023206, 104.029668
153.834603, 258.606760
68.827656, 36.956925
21.177542, 10.633240
443.950299, 134.250981
131.503105, -245.253225
-618.665303, -134.927185
-29.159819, 108.070487
278.805605, -13.060122
127.721186, 222.050495
-4.697492, 535.945746
-44.643821, 441.015321
81.959632, -105.324518
-238.844278, -271.594380
-35.461699, 24.556652
-144.026139, -144.813321
