-6085, -4393
-3674, -2311
378, 696
187, 342
-1142, -913
144, -60
1202, 816
134, 0
-350, -619
501, -105
601, 211
-56, -26
-221, -208
-235, -319
-451, -250
-373, 152
-191, 277
-211, 17
-1, 174
288, 515
14, 128
-376, -404
-179, -157
128, 163
-5, -118
-200, -217
-135, 193
-71, 292
-139, 4
-103, 66
137, 360
281, 274
46, -4
-224, -18
-38, 88
318, 57
357, 25
333, 192
436, 477
242, 578
-113, 256
19, -283
296, -502
0, -238
-345, 66
21, 75
574, -56
569, -125
251, -159
157, -158
358, -81
569, -19
478, -7
203, 42
159, 19
201, -164
-81, -164
-336, 178
-111, 275
140, -91
36, -124
-27, 401
62, 416
-15, -447
-133, -977
-96, -478
-127, 182
-170, 265
-50, 131
-131, 184
-447, 239
-359, 108
-33, -31
-246, 49
-578, 235
-226, 187
177, -65
-119, -120
-446, 29
-238, -44
-68, -256
-208, -125
-190, 157
63, 5
212, -357
166, -243
-32, 137
-299, -32
-407, -578
-326, -434
-227, 360
-68, 447
166, -391
226, -656
162, 85
307, 456
505, 79
355, 16
35, 177
-5, -260
199, -589
266, -49
43, 308
-163, -136
-18, -297
219, 122
95, 196
-103, -5
46, 82
50, 106
-427, 39
-566, 392
-47, 547
135, -128
-251, -550
-201, -1
328, 416
414, 204
118, 138
-14, 171
-268, -167
-672, -315
-445, 37
324, 188
600, -59
267, -294
42, -471
33, -421
20, 40
149, 215
343, -229
228, -354
-16, 30
67, -33
284, -402
122, -246
-333, 2
-544, -91
-316, 35
-51, 194
-166, -226
-496, -361
-575, 413
-354, 768
-148, 78
-79, -371
-5, -172
212, -106
533, -11
603, 420
193, 420
-177, -103
27, -172
272, 193
-44, 200
-289, -70
96, -233
352, -363
-16, -335
-282, -22
-132, 150
-67, -9
41, -194
464, -318
464, -298
-207, 20
-393, 155
225, -238
413, -385
-125, 8
-351, -18
-123, -451
-109, -162
-139, 442
120, 128
202, -430
-59, -44
-130, 462
74, 14
233, -590
343, -359
280, 253
-164, 493
-466, 378
-151, 241
151, 155
3, -59
46, -376
408, -347
296, 144
-249, 471
-437, 289
-329, 68
-336, 88
-144, 40
353, -198
555, -366
313, -225
79, 253
0, 676
7, 514
49, 43
-135, 20
-428, 314
-140, 262
578, 2
703, -93
239, -292
26, -621
-23, -508
-249, -10
-136, 159
261, -68
27, -183
-516, -73
-258, 5
316, -25
200, -37
-11, 68
346, 110
567, -140
362, -339
376, -56
443, 164
38, -304
-255, -736
32, -303
229, 266
54, 166
36, -4
95, 251
-183, 343
-488, 68
-537, 6
-560, 183
-428, 161
17, 25
159, -2
-258, -28
-412, 16
-49, 233
38, 278
-199, 40
18, 35
509, 400
420, 683
-23, 698
2, 443
280, -181
68, -638
-373, -262
-287, 169
118, -409
104, -1051
-172, -412
-93, 570
141, 562
81, 314
65, 589
352, 440
350, -374
-167, -536
-565, 140
-609, 433
-571, 232
-239, 335
437, 541
655, 304
158, -4
-199, 89
-122, 374
-138, 413
-141, 9
243, -458
502, -289
223, 284
21, 246
316, -299
593, -380
437, -137
34, -165
-308, -27
-393, 396
-274, 254
-254, -272
-332, -204
-251, 23
-197, -360
-390, -620
-402, -287
-90, -204
-135, -453
-598, -334
-535, -210
216, -477
676, -407
415, 1
-76, -176
-427, -521
-466, -102
-11, 347
526, 4
377, -355
-306, -164
-560, 43
-173, 82
101, 87
-30, -150
-47, -290
186, 212
157, 635
-138, 186
-91, -310
283, -51
356, 314
111, 266
-12, 175
-120, 61
-392, -314
-386, -562
74, -312
393, 112
302, 382
201, 493
191, 465
-6, 332
-298, 151
-345, -101
-122, -321
118, -333
141, -168
-15, 126
-50, 492
91, 568
112, 200
30, -165
107, -353
136, -576
-62, -433
-50, 348
221, 717
60, 33
-410, -428
-194, 170
537, 683
507, 373
-370, 58
-789, 53
-190, -176
506, -383
399, -51
-99, 306
-1, 107
562, -273
531, -368
-88, -243
-208, -52
171, 59
60, -91
-369, -322
-196, -243
255, 71
162, 176
-171, -76
-181, -420
-120, -508
-208, -182
-160, 311
49, 431
96, 6
-14, -384
76, -172
436, 300
569, 358
165, 102
-152, 78
157, 272
371, 360
-107, 355
-387, 286
89, 92
386, -5
129, 28
10, -149
-151, -254
-716, 263
-653, 656
343, 89
706, -351
83, 315
-112, 785
103, 119
-248, -338
-506, 116
-104, 285
-200, -152
-850, -278
-519, -119
424, -131
274, 11
-449, 247
-240, 45
328, -155
97, 130
-476, 203
-571, -186
-276, -233
14, 30
3, -95
-321, -326
-463, -251
-140, -261
237, -294
334, 59
166, 273
-212, 22
-391, 94
-18, 460
205, 81
-277, -706
-455, -668
336, -46
833, 269
214, 376
-414, 353
-298, -116
-70, -587
-31, -521
94, -393
97, -478
-167, -274
-233, 66
-35, -58
-85, -286
-337, -117
-275, -4
37, -187
152, -159
154, 99
462, 155
896, 150
814, 339
187, 429
-321, 252
-467, 50
-529, -72
-385, -64
144, 195
504, 425
363, 224
358, -183
687, -323
626, -150
136, 160
-45, 388
69, 297
42, 113
107, 293
445, 480
628, 80
524, -365
382, -137
169, 179
-76, -52
-79, -247
-2, -64
-128, -99
-224, -318
-246, -174
-490, -176
-559, -813
66, -1055
693, -274
486, 347
-40, 140
-147, 1
-69, 143
-170, -101
-319, -259
-384, 378
-311, 858
0, 337
378, -177
506, 86
391, 325
246, 46
197, -256
208, -404
46, -445
-312, -160
-371, 130
14, -51
155, -138
-221, 275
-447, 278
-254, -341
-159, -365
-297, 212
-299, 85
-72, -427
182, -102
189, 345
-190, -103
-431, -361
46, 304
572, 487
210, -240
-389, -323
-187, 328
296, 188
154, -376
-360, 143
-702, 974
-725, 544
-281, -236
298, 139
174, 796
-484, 422
-631, -221
-265, -84
-125, 258
-7, 140
466, 61
618, 319
46, 310
-392, -160
-157, -426
115, -191
23, 126
27, 334
287, 539
278, 465
-108, -108
-251, -629
33, -627
60, -536
-443, -615
-752, -337
-484, 199
-223, 73
-218, -544
12, -500
390, 114
264, 323
-226, 240
-405, 292
-334, -57
-428, -733
-493, -594
-278, 183
-117, 273
-263, -77
-446, 160
-449, 387
-297, -94
84, -299
595, 238
650, 414
18, -8
-502, -66
-262, 250
126, 338
-7, 318
-122, 209
308, -242
605, -410
260, 175
-99, 527
-117, 64
-233, -270
-355, -50
-11, 79
368, 90
218, 266
71, 220
399, -29
547, 78
38, 127
-477, -434
-407, -645
-71, 158
44, 679
-5, 0
45, -709
173, -390
209, 358
201, 610
160, 281
-116, -131
-373, -146
21, 155
691, 304
600, 281
130, 348
428, 294
927, 6
438, -20
-360, 287
-385, 327
-223, 63
-437, 6
-371, 86
40, -5
90, -75
-40, 11
82, 33
45, 8
-197, 92
-38, 127
305, 18
283, -110
310, -251
649, -322
606, -106
83, 167
-79, 119
327, 0
722, 116
745, 157
416, -19
35, -6
-15, 232
44, 285
-217, 79
-394, -161
-19, -289
346, -154
272, 101
225, 41
324, -174
192, 69
61, 514
224, 374
242, -131
-45, -228
-168, 37
-63, 139
12, -19
125, -254
184, -338
-9, -176
-89, -89
149, -275
187, -221
-19, 305
96, 594
353, 320
233, 76
64, 15
102, -167
-62, -143
-287, 312
0, 479
440, 90
425, -51
230, 281
116, 444
-134, 317
-271, 190
79, -68
463, -373
445, -245
348, 89
325, 0
117, -272
-95, -161
-3, 83
91, 32
-90, -99
-167, -20
166, 116
498, 92
330, -51
-59, -88
-12, 92
370, 222
376, 98
16, 110
-73, 459
4, 476
-199, -148
-314, -474
-100, 76
-239, 588
-711, 293
-484, -163
257, -36
269, 353
-263, 455
-232, 307
125, 106
-16, -99
-327, -106
-227, 248
13, 594
52, 456
-16, 57
-114, -105
-190, -147
-154, -311
-136, -248
-283, 187
-437, 353
-434, -42
-316, -424
-210, -495
-267, -490
-390, -339
-165, -34
346, -47
421, -303
-116, -100
-503, 411
-282, 466
155, 135
313, -152
84, -461
-230, -604
-217, -242
15, 94
39, -13
-21, 62
90, 375
54, 85
-94, -408
275, -67
747, 399
299, 9
-418, -320
-152, 124
364, 294
-6, -181
-439, -298
-64, 0
234, 54
-117, 128
-336, 329
-162, -31
-139, -563
-180, -192
58, 463
252, 191
98, -388
-175, -233
-330, 123
-250, -16
56, -178
206, 6
3, 110
-91, -74
92, -250
-19, -319
-494, -420
-572, -499
-79, -355
242, -26
56, 193
-164, 193
-67, 110
122, -27
61, -191
-240, -104
-421, 193
-160, 202
355, -41
494, -34
28, 0
-371, -331
-107, -427
300, 72
130, 259
-214, -175
-108, -241
72, 203
-39, 256
19, 27
275, 195
99, 367
-302, 65
-263, -176
-80, -63
-107, -21
135, -82
528, -12
289, -35
-157, -241
66, -243
343, 14
-16, 177
-247, 75
-24, -223
-205, -445
-629, -207
-309, 329
266, 513
56, 203
-393, -121
-151, -157
397, 104
552, 465
323, 520
-12, 279
-167, 261
5, 390
110, 136
-173, -207
-357, -123
-39, -31
334, -207
315, -113
53, 119
-200, -242
-307, -734
-194, -413
-29, 223
7, 239
22, -76
100, -134
227, -135
481, -370
625, -617
167, -504
-570, -32
-662, 228
-146, -105
98, -395
-105, -106
-244, 41
-105, -406
191, -537
449, -32
408, 164
139, -52
-12, 78
-120, 263
-360, -72
-355, -333
13, -183
42, -265
-497, -451
-845, -76
-648, 270
-371, -112
-233, -426
-62, -75
87, 164
134, 17
202, 166
264, 406
136, 38
-128, -350
-264, 76
-129, 633
110, 435
169, 63
135, 273
316, 571
501, 334
274, -101
-53, -328
-11, -450
98, -377
20, 63
103, 412
246, 293
8, 198
-144, 368
271, 200
445, -311
-144, -304
-490, 230
-34, 409
309, 103
91, -120
-49, -45
45, 308
-29, 761
-139, 760
7, 272
122, 69
-92, 225
-339, 77
-174, -155
334, 77
609, 242
353, -8
57, 58
152, 435
247, 221
-21, -277
-317, -156
-390, 116
-382, -87
-241, -161
33, 152
131, 178
106, -20
239, 111
303, 215
223, -57
448, -139
703, 136
290, 195
-178, 45
142, 74
442, 35
-7, -204
-289, -109
32, 376
115, 559
-13, 289
307, 124
514, 199
131, 146
48, -32
485, 19
449, 268
13, 308
66, 77
320, -88
161, -86
-75, -81
-161, -25
-239, 161
8, 313
458, 380
161, 445
-636, 250
-543, -299
303, -574
462, -247
-119, 22
-312, -93
91, -70
415, 80
267, -229
-212, -673
-559, -434
-483, 152
-290, 182
-207, -184
79, -187
472, 101
339, 78
-178, -178
-362, -20
-254, 564
-244, 821
-136, 461
168, 67
231, 51
-53, 163
-283, 141
-233, -40
25, -305
234, -346
28, 0
-445, 267
-533, 189
-117, 225
282, 430
426, 245
351, -140
5, -110
-339, 98
-275, 193
-26, 508
5, 734
-14, 205
76, -364
103, -78
80, 294
78, 28
-29, -169
-54, -28
203, -131
227, -198
-203, 213
-277, 431
221, 188
401, 177
178, 246
283, -156
417, -395
26, -64
-182, -22
198, -346
227, -93
-295, 510
-323, 556
154, 353
130, 438
-243, 360
-91, -155
308, -596
191, -595
-159, -234
-56, 151
306, 182
237, 57
-230, 233
-359, 395
37, 223
239, 273
-49, 527
-214, 152
-77, -386
-141, -14
-240, 504
135, 158
423, -155
1, 111
-347, 3
28, -363
318, -47
0, 296
-210, 2
-14, 47
112, 434
139, -30
133, -504
-259, 317
-584, 688
142, -944
1195, -2293
918, -1339
-157, 98
-188, 127
503, -380
227, -368
-662, -149
-518, -13
393, 124
483, 212
-298, 277
-698, 293
-408, 74
-134, -116
-130, 119
-93, 415
55, 299
166, 27
150, -131
-41, -273
-304, -238
-296, 65
56, 178
308, -132
235, -488
238, -635
502, -519
540, -100
161, 192
-24, -46
264, -177
387, 398
-30, 877
-408, 496
-297, -27
-17, 36
144, 237
212, 158
45, -8
-284, -317
-201, -783
278, -794
317, -136
-103, 425
-49, 467
454, 382
440, 265
-47, -118
-156, -418
89, -246
160, -15
117, -53
65, 29
-151, 285
-236, 170
103, -213
315, -185
22, 171
-156, 235
96, 16
208, -143
-10, -187
-130, 12
-126, 500
-188, 678
-65, 120
287, -513
334, -457
-75, 61
-376, 358
-235, 136
30, -303
61, -348
-82, 11
-103, 4
76, -367
196, -139
134, 457
118, 178
221, -536
201, -305
22, 304
-131, 67
-227, -354
-162, -164
207, -80
428, -325
-91, -154
-796, 146
-588, -55
339, -211
784, -74
401, -260
-79, -409
-120, 74
112, 263
187, -298
-108, -364
-441, 181
-299, 15
117, -541
131, -298
-180, 103
-165, -138
47, -209
-165, 146
-513, 96
-303, -184
105, -156
47, -265
-107, -414
106, 84
195, 464
-61, -84
8, -402
418, 118
368, 196
17, -237
179, 73
525, 556
336, 33
38, -511
81, -132
-75, 187
-482, 24
-372, 95
74, 93
24, -441
-189, -593
176, -48
575, 142
205, -71
-467, 106
-641, 289
-406, -14
-200, -41
-44, 458
215, 568
409, 177
148, 98
-473, 394
-768, 497
-541, 241
-460, -169
-704, -396
-569, -207
40, 67
392, -18
321, -273
239, -338
179, -199
99, 77
204, 235
351, -39
268, -259
103, 185
-111, 555
-479, 49
-513, -478
19, -207
240, 101
-199, -77
-332, -109
56, 190
87, 361
-159, 352
-6, 161
130, -246
-147, -286
-187, 213
86, 286
-16, -282
-190, -456
190, -126
500, -37
189, 4
-117, 235
-111, -2
-206, -526
-291, -299
-73, 292
126, 198
126, -108
76, 81
-108, 177
-256, -129
42, -228
320, -106
-5, -171
-234, -174
110, 7
152, -16
-266, -58
-111, 334
412, 688
217, 394
-249, -130
-40, -218
307, 10
143, 49
-94, -132
-147, -59
-176, 313
-31, 250
82, -418
-342, -668
-661, -97
45, 318
958, 192
822, 155
113, 173
-60, -66
333, 19
735, 564
731, 641
209, 206
-311, 89
-272, 94
-25, -272
-46, -406
10, -1
282, 250
229, 179
-95, 113
-75, -120
154, -406
113, -178
25, 260
145, 293
138, 162
-78, 21
-158, -305
-163, -243
-365, 370
-482, 313
-146, -515
286, -615
263, -132
-43, -391
-108, -648
-1, 147
-141, 648
-374, 45
-317, -197
-212, 160
-325, -233
-236, -799
181, -145
298, 703
56, 383
83, -248
263, -262
100, -101
-36, 18
120, 240
-49, 193
-513, -118
-361, -208
230, -269
284, -515
3, -332
121, 293
319, 446
148, 152
-27, 249
-4, 594
-49, 585
-106, 484
-35, 604
-14, 541
-12, 86
142, -409
209, -656
85, -591
139, -355
334, -330
243, -575
63, -618
237, -354
460, -226
337, -245
199, -25
303, 206
252, -29
-74, -353
-118, -112
313, 340
608, 297
390, 68
101, 297
80, 597
60, 371
-5, 105
181, 340
325, 489
-51, 93
-414, -229
-90, -141
347, -146
227, -286
-49, -87
-161, 223
-283, 122
-42, -186
717, -331
894, -352
59, -184
-455, 219
-68, 439
166, 229
-29, -77
53, -260
199, -297
-65, -30
-173, 240
136, -118
204, -699
39, -505
176, 148
219, 267
-283, 98
-643, 294
-289, 381
243, -67
362, -391
138, -225
-111, -64
-137, 40
68, 349
221, 390
168, -116
-14, -388
-279, -103
-414, -41
-202, -310
-33, -157
-243, 197
-279, 2
118, -278
199, -26
-168, 88
-168, -315
90, -435
-137, -154
-436, -164
-176, -132
10, 372
-321, 324
-467, -588
-186, -758
-105, 167
-254, 357
-139, -520
202, -727
455, -30
447, 186
46, -122
-470, -20
-516, 297
-174, 178
-18, -140
-38, -234
28, -176
33, -104
-25, -11
84, 164
104, 439
-219, 538
-382, 206
-75, -176
141, -159
-21, -45
-78, -194
150, -320
206, -156
-75, 57
-294, 68
-157, -117
83, -306
-32, -268
-461, -98
-555, -144
-30, -357
447, -426
195, -356
-404, -182
-445, 108
130, 103
443, -316
80, -357
-247, 173
-3, 295
244, -153
0, -286
-285, -194
-280, -454
-259, -441
-209, 233
-6, 488
-47, -53
-302, -253
-68, 184
391, 370
109, 210
-497, 297
-380, 530
2, 439
-196, 60
-496, -137
-381, 135
-200, 438
-7, 152
259, -182
51, 265
-473, 704
-247, 140
494, -455
454, -135
-169, 126
-221, -209
206, -158
417, 358
359, 402
54, 93
-386, -92
-321, -437
241, -673
399, -194
127, 287
98, 75
23, -20
-435, 346
-483, 296
107, -91
359, 25
157, 291
268, 137
472, 61
261, 222
121, 108
265, -14
75, 279
-356, 446
-389, 211
-239, 147
-282, 273
-193, 83
75, -216
149, -177
175, 41
270, 186
-19, 235
-545, 129
-507, -75
-38, -217
80, -349
-80, -434
-44, -206
79, 153
50, 148
-127, -153
-435, -300
-596, -180
-321, 4
3, 10
-4, -239
10, -391
125, -112
-175, 294
-632, 351
-449, 42
119, -372
355, -509
378, -114
402, 293
156, 89
-228, -197
-329, 71
-233, 279
-115, -27
59, -148
39, 80
-287, 14
-495, -177
-494, -9
-494, 155
-218, 175
218, 425
2, 515
-544, 80
-323, -133
164, 120
-65, 112
-269, 1
75, 310
-32, 409
-532, 59
-315, 77
51, 235
-280, -227
-359, -556
30, -193
-186, -69
-296, -209
632, 151
857, 284
-229, -185
-303, 40
406, 533
-400, -236
-518, -398
2873, 1950
5462, 3464
2724, 1438
-1120, -555
-919, 185
770, 721
436, -363
-277, -359
90, 886
147, 776
-216, -237
34, -147
205, 368
-291, 215
-448, 44
-83, 17
-57, -242
-140, -52
230, 658
471, 643
78, 47
-439, 188
-530, 653
-227, 300
46, -268
-36, -180
-121, 25
154, -108
186, -173
-336, -90
-433, -87
157, 23
234, 280
-364, 296
-426, 60
83, -51
166, 41
-97, 152
-69, 114
137, -167
279, -468
359, -353
163, 117
-242, 416
-303, 328
23, 37
249, -300
236, -516
72, -438
-173, -251
-171, -276
172, -380
348, -234
161, 14
-81, -18
-366, -247
-577, -243
-175, 78
547, 344
582, 261
70, -20
-83, -132
-49, 67
-348, 303
-516, 229
-148, -79
278, -197
379, -26
186, 51
-213, -123
-425, -182
-132, 34
135, 178
-82, 93
-267, 28
-77, -45
38, -365
-7, -628
150, -378
336, 57
216, 124
19, 55
-32, 269
-42, 447
-29, 179
-34, -241
-186, -365
-252, -213
-15, -23
131, 46
-86, -8
-226, -17
-17, 43
186, -35
144, -140
1, 97
-77, 405
15, 219
248, -164
349, -165
224, -106
120, -389
86, -515
-63, -147
-273, 144
-338, -55
-266, -394
-185, -445
-186, -173
-236, 110
-110, 82
191, -16
219, 246
-141, 444
-342, 5
-186, -428
-98, -176
-133, 49
8, -287
149, -390
17, 71
-105, 302
26, 126
195, 71
243, 47
229, -170
152, -220
114, -2
287, 175
460, 345
298, 491
-57, 278
-223, -119
-111, -247
93, -249
159, -264
11, -41
-170, 149
-233, -73
-270, -172
-296, 164
-213, 189
-161, -233
-226, -276
-119, 31
212, 19
348, -97
266, 60
336, 151
355, 64
-72, 39
-496, -122
-327, -406
10, -255
-130, 181
-474, 236
-393, 48
71, 0
380, -114
246, -241
-39, -62
-11, 92
255, -59
211, -140
-213, -156
-383, -392
23, -441
495, -206
467, -343
22, -525
-342, 30
-291, 464
18, -13
144, -134
-13, 598
-120, 547
-62, -402
-59, -419
-42, 322
218, 256
408, -106
148, 231
-131, 330
81, -211
390, -117
292, 596
45, 582
-84, 92
-246, 190
-304, 380
-39, -45
139, -422
-47, -236
-105, 13
150, 47
180, 82
-73, 131
-168, 159
-178, 262
-299, 330
-258, 251
-108, 213
-235, 323
-363, 420
-100, 350
132, 60
92, -332
212, -475
399, -273
213, -68
68, -4
313, 66
303, 32
-111, -159
-143, -81
205, 313
234, 336
105, -136
232, -334
234, -36
-46, 92
-133, -157
0, -275
54, -87
121, 36
201, -55
145, -109
205, 25
325, 141
-81, 40
-643, -66
-372, 82
219, 248
-16, 121
-559, -3
-426, 201
-103, 396
-185, 248
-207, 50
-40, 50
-174, 116
-414, 257
-248, 451
102, 302
236, -190
161, -307
-75, 176
-346, 565
-337, 392
-98, -5
32, -102
88, 215
229, 422
287, -64
160, -695
-9, -417
-146, 307
-168, 222
-10, -278
96, -104
13, 196
51, -101
265, -146
243, 404
31, 410
94, -198
328, -228
303, 179
152, 74
211, -177
337, -18
231, 50
-33, -73
-124, 103
93, 156
301, -427
174, -904
-28, -715
14, -462
24, -430
-131, -177
51, 263
504, 460
358, 312
-352, -40
-573, -199
-170, 163
-26, 486
-252, 127
-204, -284
54, -98
-21, 52
-267, -143
-164, -16
116, 280
72, 19
-155, -328
-103, -212
91, -296
32, -677
-81, -450
48, 107
97, 29
-119, -149
-119, 289
151, 519
15, 70
-543, -101
-718, 227
-325, 165
75, -252
230, -247
202, 48
-3, 60
-175, -72
-74, 27
90, 304
34, 455
-159, 277
-283, -60
-153, -112
250, 135
494, 165
285, -83
97, -95
193, 93
34, -165
-328, -769
-112, -731
371, 105
86, 624
-503, 346
-213, 199
457, 562
262, 511
-436, -148
-454, -433
108, -244
267, -201
-100, 128
-252, 970
-16, 944
-7, -267
-245, -725
14, 80
624, 284
525, -396
-159, -375
-240, 118
282, -267
457, -808
289, -280
245, 442
108, 379
-149, 194
-51, 249
239, -104
213, -681
57, -591
83, -20
152, 141
191, -157
124, -268
-178, 31
-246, 298
240, 149
407, -146
-202, -110
-539, 153
-278, 255
-387, 233
-664, 216
-151, -18
397, -452
-31, -585
-530, -226
-253, 173
83, 254
69, 166
43, 172
-135, 191
-365, -34
-6, -374
435, -351
9, 64
-508, 362
-88, 330
416, 170
105, -85
-283, -364
-80, -261
308, 208
480, 385
353, 125
-44, 48
-317, 295
-225, 290
-85, -64
27, -216
247, -62
146, -84
-389, -262
-506, -18
17, 485
295, 402
97, -125
-6, -77
-19, 367
-172, 84
-219, -589
-119, -365
-101, 408
-30, 485
139, 109
145, 111
93, 173
115, -61
-119, -125
-470, 18
-347, -45
-51, -69
-138, 170
-124, 168
320, -135
480, -160
138, 37
-99, 70
-171, 144
-289, 251
-221, -57
-80, -408
-182, -140
-107, 191
363, -78
566, -260
408, 221
401, 578
245, 202
-271, -352
-245, -525
428, -323
559, 127
127, 477
251, 281
781, -146
789, -74
401, 347
113, 387
-93, 92
-119, 70
123, 263
240, 170
70, -97
-49, -55
8, 230
154, 325
282, 165
129, -21
-151, -132
7, -160
348, -178
175, -270
-117, -244
-6, 88
-36, 294
-272, -32
21, -321
379, -23
-45, 233
-413, -135
-70, -488
-80, -262
-561, 28
-238, -42
453, -171
98, -187
-606, -208
-409, -151
7, 43
-117, 213
-189, 301
76, 292
259, 112
283, -57
114, -8
-287, 31
-426, -71
-159, 1
-69, 275
-118, 360
71, 253
54, 174
-232, -25
2, -299
381, -183
-114, 220
-699, 264
-297, -4
214, 12
133, 241
258, 161
565, -146
258, -256
-119, -229
35, -281
-9, -192
-327, 168
-157, 260
23, -193
-267, -427
-68, 27
401, 233
-538, -440
-2069, -959
-1673, -539
-23, 22
295, 155
-395, 346
-217, 540
447, 184
330, -283
-175, -196
-302, 23
-249, -75
-151, -181
212, -207
488, -331
145, -319
-439, -178
-477, -274
-52, -325
87, 56
-190, 281
-340, -15
-255, -173
-300, -13
-391, -25
-218, 33
26, 390
122, 217
260, -576
371, -734
67, -159
-494, -95
-720, -470
-404, -235
164, 266
481, 173
207, -45
-242, 144
-150, 168
265, -115
264, 95
-110, 721
-376, 689
-390, -54
-22, -425
544, -123
388, 142
-538, 145
-768, 185
2, 116
161, -199
-579, -251
-613, 19
168, -155
228, -735
-417, -759
-463, -278
-13, -97
12, -30
-135, 265
117, 148
392, -388
324, -286
254, 258
294, 72
94, -461
-330, -316
-614, -10
-603, -162
-259, -109
333, 274
588, 157
129, -313
-239, -382
238, -242
717, -216
275, -9
-206, 188
132, -83
332, -383
-216, -187
-317, 137
465, 263
817, 331
374, 233
231, -80
506, -150
361, 225
-115, 624
-346, 611
-334, 93
-113, -460
289, -297
310, 299
-231, 164
-580, -562
-391, -570
-118, 97
107, 288
356, -6
297, -101
-10, -30
11, 109
262, 372
184, 271
-25, -243
71, -228
224, 322
132, 279
3, -323
-23, -487
-97, -263
-287, -168
-463, -1
-388, 199
-36, 44
162, -105
-30, 73
-107, 14
244, -373
459, -394
195, -145
-58, -182
29, -127
240, 384
346, 730
201, 516
-114, 162
-44, -72
476, -225
454, -240
-430, -243
-946, -352
-457, -275
30, 83
-55, 340
37, 357
506, 226
470, -122
-195, -451
-479, -314
26, 23
574, 74
630, 49
485, 123
315, -18
-89, -270
-479, -249
-311, -184
123, -297
82, -249
-278, 23
-295, 227
-27, 341
86, 217
1, -292
-244, -454
-558, 132
-467, 296
120, -459
428, -696
96, 3
-230, 140
-225, -433
-290, -315
-456, 290
-340, 151
-37, -292
63, -95
-48, 201
-96, -40
101, -374
394, -374
381, -112
22, 252
-209, 322
-130, -71
-23, -261
45, 102
52, 300
-292, 92
-652, 217
-170, 707
750, 766
774, 377
23, 157
-235, 131
32, 30
-1, -74
-192, -129
-85, -215
-54, -174
-291, 83
-253, 214
113, -20
199, -293
-90, -181
-261, 167
-55, 206
353, -131
535, -260
197, 56
-209, 260
-69, 69
177, -66
-180, 11
-547, -26
-122, -118
395, -31
213, -69
0, -313
208, -187
85, 281
-357, 268
-93, -185
576, -164
437, 297
-127, 305
-42, -154
168, -356
-238, -244
-432, -227
175, -236
598, -62
210, 77
-283, 8
-344, -75
-107, -82
291, -147
581, -199
397, -16
4, 311
-112, 475
-63, 400
-52, 228
6, 16
-102, -253
-566, -438
-741, -374
-82, -157
680, -24
583, 28
-100, 153
-409, 246
-89, 104
248, -130
126, -222
-179, -258
-207, -286
-49, -41
-7, 407
-47, 515
-59, 170
-14, -132
215, -192
475, -197
308, -130
-109, 46
-160, 103
-4, 21
-54, 42
82, 73
529, -96
517, -198
52, 50
65, 370
456, 330
446, -97
294, -489
431, -324
333, 222
-148, 277
-335, -264
-173, -445
-131, -142
-103, -291
51, -725
54, -386
-27, 317
0, 255
-155, -90
-441, 178
-263, 341
264, -293
463, -774
359, -366
300, 181
187, 262
13, 217
3, 237
37, 143
0, -1
100, -91
231, -222
59, -309
-177, -145
-76, 128
143, 173
110, -70
-104, -340
-223, -345
-149, -42
-50, 313
-47, 424
77, 247
298, -19
39, -208
-539, -360
-396, -492
288, -334
197, 184
-453, 435
-355, -46
210, -566
240, -296
84, 363
166, 565
22, 308
-140, 19
210, -174
354, -223
-207, -70
-480, 140
-83, 271
46, 319
-243, 273
-277, 289
-74, 534
121, 661
370, 286
330, -211
-139, -318
-336, -110
-113, 286
-140, 790
-291, 874
-57, 346
128, -63
-67, 7
-151, 89
-79, 111
-193, 318
-184, 312
53, -60
-7, -113
-188, 185
87, 60
402, -349
296, -339
247, -86
401, 98
282, 447
-9, 631
-108, 114
-111, -430
-68, -264
-29, -40
-257, -283
-301, -323
397, 97
853, 294
173, 87
-345, -52
273, 51
682, 251
144, 346
-95, 187
348, 36
505, 140
304, 61
286, -359
338, -360
386, 121
532, 65
393, -471
-26, -333
-98, 355
43, 508
-83, 187
-39, 55
378, 26
403, 1
19, 208
-33, 357
17, 189
-272, 160
-311, 309
153, 51
396, -332
218, -130
28, 201
-139, 18
-222, -158
-63, 67
-72, 151
-372, -43
-241, -80
293, -79
305, -200
-93, -31
-45, 274
286, 84
344, -143
309, 329
324, 717
154, 159
-83, -444
-148, -216
-46, 126
266, 40
570, 103
379, 398
31, 323
202, 26
337, 21
-181, 85
-410, -61
236, -124
533, 2
-118, 47
-533, -23
-162, -121
144, -277
43, -363
-70, -255
-156, -165
-209, -188
33, -114
325, 21
118, 25
-363, -79
-443, -284
-89, -497
237, -250
404, 380
534, 421
497, -287
191, -612
54, -187
421, 124
731, 31
412, -98
-61, -314
-83, -490
96, -84
174, 554
259, 555
196, 165
-90, 88
-75, 120
272, -30
205, -75
-204, -16
-146, -68
153, -6
-55, 156
-452, 30
-372, -124
35, 76
401, 74
491, -398
45, -450
-562, 162
-496, 382
101, -85
339, -274
105, 126
-151, 386
-335, 207
-364, 21
-85, 4
199, -108
232, -324
255, -283
300, 17
122, 153
-79, 82
-9, 102
139, 25
125, -286
-39, -235
-273, 231
-335, 172
-137, -304
-85, -48
-247, 573
-89, 284
259, -399
152, -316
-133, 97
-65, 230
-23, 383
-151, 337
51, -185
268, -269
-52, 372
-201, 592
306, 228
575, 147
280, 159
128, 16
93, 361
-145, 793
-179, 451
-47, 192
-181, 437
-120, -92
87, -773
-534, 98
-1040, 650
117, -857
724, -788
-1675, 2927
-3860, 5127
-2154, 2560
496, -306
165, -303
-1139, 65
-495, -263
655, 257
612, 662
388, -298
523, -671
285, 378
-18, 661
195, -138
250, -201
-258, 254
-520, 68
-160, -197
140, -159
-63, -392
-354, -391
-225, 378
151, 734
242, 94
73, -382
35, -413
7, -688
-154, -688
-5, 76
385, 385
217, -310
-298, -587
-168, 128
293, 572
153, 225
-163, -35
58, 127
339, 261
219, 253
-14, 177
-283, -88
-502, -319
-203, -83
307, 316
222, 202
-49, -255
221, -344
375, -36
-104, 153
-296, 119
174, 90
397, 61
177, -51
126, -110
131, 26
-39, 214
51, 113
334, -367
163, -696
-247, -375
-273, 130
-128, 107
-131, -152
0, -113
271, -120
315, -415
213, -451
194, -166
148, -139
41, -226
-86, 0
-331, 115
-445, -151
-153, -231
-24, -74
-468, -175
-662, -265
-172, -36
90, -82
-138, -465
-27, -343
260, 128
-44, 25
-350, -403
32, -410
277, -247
-69, -275
-121, -240
178, -162
-25, -208
-344, -83
45, 124
507, -123
355, -461
156, -135
170, 350
-31, 123
-170, -371
78, -307
30, 49
-494, 55
-527, -194
63, -220
332, 48
143, 277
14, 287
-116, 235
-288, 187
-163, 64
-44, 1
-424, -2
-703, -304
-232, -679
304, -361
129, 314
-282, 250
-235, -263
87, -162
209, 183
93, -74
22, -407
160, -147
318, 184
218, 139
-75, -23
-285, -247
-278, -525
-43, -430
270, 52
293, 322
-6, 184
-108, -35
146, -128
226, -42
-70, 113
-300, 76
-275, -74
-239, -74
-257, -105
-236, -280
-237, -218
-321, 1
-413, -158
-364, -416
-34, -149
392, 288
412, 367
0, 300
-239, 199
-146, -78
-203, -206
-391, -39
-228, -39
85, -171
44, -4
-72, 195
129, 167
184, 255
-258, 247
-545, -292
-234, -542
60, 99
-112, 431
-315, -192
-261, -500
-217, -57
-173, -56
44, -578
121, -499
-86, 61
-42, 104
361, -310
518, -429
394, -70
418, 347
295, 347
-263, -42
-601, -267
-400, -182
-253, -178
-182, -181
188, 101
294, 245
-176, -17
-246, -88
252, 188
161, 236
-418, 139
-309, 311
165, 358
113, 15
32, -145
250, 13
44, 58
-342, 125
-52, 403
303, 426
3, 158
-136, 162
243, 279
252, 44
-88, -123
-38, 165
87, 387
-48, 224
65, 88
211, 152
-203, 208
-367, 124
338, -207
673, -577
5, -355
-319, 314
285, 391
692, -171
399, -232
36, 285
-60, 271
53, -296
291, -368
340, 91
141, 267
88, 209
192, 409
123, 483
-3, 47
-14, -235
-64, 17
-15, 60
257, -335
184, -317
-409, 169
-627, 211
-168, -83
25, 70
-385, 280
-595, -56
-290, -275
-48, -8
-91, -40
-28, -348
209, -50
148, 448
-282, 253
-403, -36
-1, 225
94, 345
-383, 136
-450, 393
109, 777
229, 279
-162, -584
-75, -752
238, -466
-49, -234
-300, 78
119, 253
274, -52
-281, -264
-534, 67
-245, 269
-192, -72
-258, -278
53, 35
244, 312
-70, 169
-329, -106
-244, -260
-120, -352
-8, -378
102, -168
9, 187
-158, 251
-106, -86
3, -305
-26, -134
-78, -15
-133, -181
-158, -190
77, 105
370, 190
209, -145
-187, -411
-218, -230
-27, 104
19, 116
179, -101
553, -43
573, 192
97, -33
-204, -516
-51, -335
64, 262
0, 136
219, -458
630, -316
504, 281
-71, 167
-212, -348
18, -220
-226, 268
-645, 263
-316, -60
253, -130
62, -63
-412, -189
-387, -385
-200, -352
-83, -50
273, 265
470, 292
90, 81
-138, 51
85, 449
-89, 882
-543, 743
-193, 126
523, -152
358, 184
-215, 354
-81, -46
340, -233
240, 182
-21, 337
43, -140
96, -334
-210, 150
-526, 470
-357, 196
50, -82
11, 30
-302, 292
-43, 409
531, 258
398, -30
-144, -90
-146, 148
8, 327
-253, 326
-366, 247
-200, -118
-345, -770
-333, -1001
280, -454
314, 192
-566, 300
-685, 49
195, -155
345, -103
-258, 192
-255, 308
-11, -99
-302, -556
-230, -521
570, -342
914, -398
559, -277
332, 169
147, 333
-246, 75
-227, -12
218, 203
230, 300
-223, 172
-462, 17
-364, -61
-164, -2
-40, 104
-157, 13
-246, -160
60, -107
337, -23
168, -160
54, -167
189, 123
62, 247
-128, 168
80, 365
135, 593
-215, 272
-147, -173
244, -55
-1, 205
-427, -76
-153, -529
23, -424
-447, 55
-409, 195
338, -78
362, -147
-363, 147
-458, 144
-32, -337
-131, -479
-425, -17
-209, 201
-9, -59
-310, -53
-511, 243
-224, 165
15, -84
-101, 84
-171, 339
-43, 186
-117, -31
-343, 48
-126, 167
327, 69
98, -112
-578, -135
-505, -6
186, -54
319, -327
-16, -305
52, 48
271, 44
124, -196
57, 95
246, 413
130, -127
-164, -646
-31, -168
304, 292
362, -54
233, -245
21, 34
-183, -75
25, -332
476, 15
388, 341
-81, 82
-108, -13
140, 240
89, 55
55, -448
339, -509
501, -226
363, -3
184, 171
-14, 186
-94, 13
174, 72
294, 336
-202, 220
-616, -226
-313, -410
117, -245
178, -25
223, 129
360, 169
293, 85
140, -9
102, -16
40, 196
-41, 555
-26, 495
-78, -108
-199, -381
-99, -22
135, 114
191, -115
164, 22
171, 298
23, 108
-191, -55
-117, 102
139, -43
195, -327
32, -74
-152, 149
-286, -238
-309, -434
-158, -38
70, 220
175, 252
52, 462
-114, 483
-49, 123
133, -101
137, -170
113, -245
263, 72
267, 555
23, 402
-13, 39
121, 281
1, 516
-14, 167
436, -34
604, 207
125, 245
-98, 12
153, -110
41, -143
-309, -29
-129, 273
144, 381
-138, 269
-427, 197
-295, -155
-203, -665
-203, -414
-15, 277
-12, 303
-277, 126
-50, 297
592, -100
478, -679
-421, 98
-654, 866
220, -324
735, -1167
-149, 529
-1268, 1916
-1024, 827
76, -112
421, 537
1, 655
-58, -143
208, -219
121, 87
-57, -106
29, -20
10, 380
-157, 97
-125, -379
-104, -249
-208, -178
6, -286
351, 227
214, 797
-22, 508
174, 170
365, 427
363, 439
582, 34
662, 44
132, 325
-310, 174
-241, -190
-329, -310
-562, -232
-297, -30
25, 190
-187, 208
-315, 142
23, 175
253, 122
245, -26
243, -31
28, -15
-239, -137
-76, -138
28, 44
-396, 120
-529, 83
-11, 67
192, 22
-83, -7
-14, 1
196, -102
-127, -66
-531, 441
-406, 803
-56, 397
85, -81
-177, 40
-801, 223
-1021, 114
-265, 195
575, 411
532, 261
61, 7
-193, 42
-297, 78
-131, 34
363, 229
550, 390
225, 84
-47, -248
-248, -113
-593, 23
-541, -254
29, -399
228, -36
-107, 157
-223, -248
-124, -497
-240, -139
-225, -30
134, -568
279, -730
45, -75
-126, 451
-112, 498
11, 615
240, 639
228, 258
-188, 94
-346, 249
60, -91
162, -572
-507, -165
-979, 444
-508, 227
130, 0
13, 433
-424, 553
-307, 72
146, -15
230, 245
107, 44
223, -279
269, -161
53, -32
69, -121
247, 23
-1, 354
-242, 440
175, 380
449, 435
-102, 493
-440, 379
78, 117
385, -74
-12, 36
-194, 254
121, 219
244, 127
22, 258
-197, 286
-293, 60
-161, -2
205, 126
422, 86
319, 16
198, 114
217, 114
305, 42
373, 224
185, 414
-230, 258
-322, 25
-13, -66
77, -88
-117, 115
-136, 477
-43, 453
10, 77
198, -88
184, -100
-311, -212
-420, -138
211, 89
345, -5
-249, -188
-134, -18
567, 78
308, -166
-346, -151
188, 251
935, 396
283, 196
-670, 40
-401, -88
261, -232
248, -146
12, 82
-97, 95
-310, -63
-285, -7
103, 435
50, 852
-472, 590
-403, -155
174, -363
152, 77
-249, 156
-102, -255
132, -271
-158, 108
-167, 167
398, -70
348, -232
-414, -313
-509, -215
39, 30
6, -24
-324, -223
-27, 60
271, 413
-71, 128
-274, -180
-2, 91
63, 283
56, 40
470, -134
623, -311
20, -638
-450, -402
-254, 355
-27, 409
-115, -226
-256, -321
-316, 39
-212, -75
-52, -374
-289, -217
-667, 57
-328, 163
353, 318
275, 353
-203, 107
-122, 24
117, 171
-82, 67
-222, -111
-31, 112
30, 304
-62, -51
-79, -393
-173, -173
-232, 112
-27, -46
9, -307
-293, -258
-245, -54
183, 10
144, -89
-312, -183
-397, -82
-132, 183
86, 333
356, 193
572, -60
365, -158
-14, 20
-87, 331
83, 305
273, -282
361, -719
176, -242
-116, 501
-160, 360
-179, -385
-427, -627
-396, -290
81, 68
231, 388
-99, 589
-118, 353
188, 10
100, 118
-268, 351
-307, 188
-109, -145
0, -363
67, -470
39, -280
-153, 151
-192, 231
4, -96
30, -210
-35, -62
302, -99
677, -279
307, -338
-374, -267
-342, -51
116, 161
42, 70
-292, -49
-91, 166
220, 190
-82, -255
-452, -331
-168, 154
280, 224
255, -216
10, -340
-112, -242
-141, -386
-64, -412
7, -176
-142, -163
-211, -271
59, -107
82, 100
-366, 226
-400, 434
165, 401
250, 36
-321, -19
-553, 186
-370, -45
-449, -392
-526, -242
-99, -68
341, -100
345, 208
236, 530
161, 217
-33, -49
-59, 244
320, 253
623, -178
412, -162
-7, 107
-150, -64
-29, -179
-36, 157
-364, 265
-600, -22
-256, -147
333, -96
395, -19
-65, 209
-304, 281
-45, 29
209, 67
60, 348
-249, 61
-311, -389
-204, -83
-238, 313
-317, -28
-152, -301
144, 62
314, 258
339, 27
136, -29
-310, -7
-459, -231
4, -258
368, 94
174, 229
121, -70
457, -346
288, -325
-503, -198
-832, -255
-463, -470
-211, -416
-117, 3
306, 237
603, 132
212, 194
-183, 348
98, 101
399, -163
39, 125
-391, 451
-254, 299
10, 190
-52, 432
-91, 506
122, 234
212, 13
76, -107
55, -326
164, -475
183, -372
196, -208
261, -131
218, -15
170, 162
276, 182
213, 11
-153, -64
-264, 5
116, -101
432, -351
347, -282
98, 37
-113, 88
-153, -64
67, -41
204, 20
22, -14
-20, 128
154, 341
-164, 173
-808, -185
-616, -297
265, -227
422, -22
-210, 397
-372, 590
111, 230
336, -136
139, -150
14, -192
38, -273
69, -72
124, 91
62, -50
-210, -43
-331, 155
-76, -39
155, -466
62, -459
-66, -147
13, 26
125, 189
160, 416
199, 408
159, 210
-79, 125
-333, 91
-344, -53
-122, -158
100, -98
69, -9
-137, -3
0, 16
600, 127
839, 162
254, -8
-271, -66
-77, 212
141, 337
-53, -33
-13, -280
352, 21
294, 302
-125, 187
-237, 2
-203, -207
-392, -532
-414, -499
-63, 33
174, 336
83, 86
-111, -166
-280, -151
-260, -113
12, -135
144, -154
-2, -151
30, -102
214, -130
34, -288
-279, -267
-206, -35
-50, -91
-133, -381
-114, -297
20, 20
-104, 26
-294, -61
-235, 41
-184, -4
-229, -222
-98, -223
75, -156
112, -319
276, -525
457, -677
186, -740
-247, -313
-226, 440
37, 616
102, 206
90, 87
118, 297
70, 324
35, 292
54, 336
-8, 226
-29, 140
74, 207
-32, 1
-367, -297
-376, 3
25, 497
281, 337
135, -105
-155, -178
-274, -46
-114, 153
44, 404
-64, 250
-103, -204
161, -184
172, 59
-208, -269
-165, -649
330, -323
279, 84
-262, -20
-286, -186
111, -136
125, 16
-84, 335
33, 454
303, -58
343, -433
151, 44
-91, 458
-155, 25
-20, -450
17, -308
-22, 24
138, 270
168, 394
-284, 148
-550, -222
-103, -135
307, 170
116, 124
-48, -104
215, -176
428, -138
333, 8
175, 184
54, 157
-99, 139
-325, 387
-531, 444
-375, 107
146, 17
276, 219
-194, 29
-216, -283
559, 80
896, 649
270, 533
-195, 168
55, 305
256, 485
91, 62
13, -526
36, -587
-105, -271
-194, -74
-57, -73
16, -229
-67, -635
-97, -882
-154, -369
-436, 369
-671, 256
-502, -308
-108, -180
139, 290
225, 211
275, 68
275, 337
226, 305
170, -92
109, -5
132, 296
268, 59
224, -172
-100, 75
-241, 156
-50, 51
-65, 332
-315, 386
-144, -275
325, -536
308, 18
-57, 159
-55, -289
165, -300
88, -72
-104, -259
-76, -248
55, 241
98, 360
19, 119
-58, 244
69, 329
207, -108
-39, -235
-298, 287
-47, 412
92, -138
-399, -350
-605, 102
-26, 465
319, 299
67, -121
49, -363
233, -273
31, -154
-114, -285
70, -339
-178, -12
-777, 270
-651, 106
13, -150
124, -138
-244, -51
-354, -99
-174, -197
10, -277
104, -324
93, -219
180, 50
440, 244
452, 159
158, -40
91, -15
173, 194
-13, 181
-66, -115
293, -258
382, -118
90, -70
144, -183
367, -116
113, 102
-209, 106
-128, -88
-1, -199
107, -178
344, -60
161, 209
-428, 441
-386, 332
198, 11
143, -155
-352, -96
-249, 107
148, 365
139, 358
50, -20
124, -163
34, 267
-71, 530
92, 194
204, -39
41, 49
-209, -228
-513, -580
-687, -133
-357, 364
112, -149
90, -640
-98, -48
40, 460
103, 78
-177, -61
-325, 272
-175, -19
-39, -498
75, -37
198, 517
91, 231
-124, 55
-46, 309
260, -119
465, -872
448, -542
147, 274
-365, 234
-672, -107
-521, 92
-190, 268
6, 88
59, 95
46, 290
-13, 304
-150, 305
-306, 329
-238, 85
33, -233
0, -343
-419, -448
-501, -527
-30, -262
246, 59
36, 6
-72, -57
163, 281
385, 625
402, 480
244, 10
-24, -231
-143, 18
12, 317
116, 94
-43, -302
-254, -170
-346, 170
-292, 7
-59, -330
128, -139
-30, 374
-344, 587
-425, 274
-251, -299
58, -504
304, -99
66, 100
-507, -439
-518, -802
110, -375
308, -75
-139, -372
-251, -404
125, 51
152, 255
-155, 204
-61, 344
301, 379
268, 26
-28, -317
-2, -430
341, -389
557, -80
423, 294
53, 217
-272, -105
-312, -85
-131, 61
-22, -94
-49, -251
27, -117
248, 34
306, 69
151, 69
188, -156
452, -625
366, -806
-128, -434
-232, -19
237, -69
338, -357
-243, -340
-510, -28
-25, 79
258, -70
-184, -14
-581, 239
-396, 239
-68, 132
89, 327
222, 462
214, 117
-72, -242
-228, -226
32, -218
289, -339
212, -170
78, 170
103, 124
127, -237
104, -382
178, -221
318, -90
352, -127
251, -90
179, 175
264, 321
298, 28
-4, -320
-344, -314
-171, -229
205, -142
88, 324
-211, 716
34, 166
465, -704
393, -658
170, -100
294, -60
380, -286
115, -282
-136, -341
-163, -411
-75, -66
188, 308
530, 183
500, -97
43, -208
-333, -329
-294, -379
37, -204
284, -7
147, 207
-105, 471
86, 338
491, -107
365, -23
-112, 387
-160, 160
122, -276
112, -17
-159, 286
-381, -17
-565, -125
-606, 235
-351, 224
-130, -43
-194, 92
-173, 165
113, -153
227, -146
24, 141
-58, -10
167, -121
378, 316
283, 373
-72, -219
-368, -270
-273, 233
99, 109
242, -388
18, -246
-103, 155
117, 201
247, 251
-25, 331
-294, 20
-175, -248
-3, -1
-112, 198
-141, 36
177, 2
369, 111
138, 23
-32, -17
143, 104
253, -31
100, -250
36, -47
164, 159
191, -111
33, -260
-101, 110
-69, 369
60, 246
55, 220
-169, 218
-271, -120
16, -292
350, 152
369, 415
315, -201
406, -871
378, -674
173, -184
106, -222
147, -299
36, 258
-49, 815
108, 578
190, 83
-15, 100
-117, 235
104, -4
298, -117
293, 198
320, 261
357, -183
209, -357
82, 39
182, 290
174, 65
-171, -117
-425, -44
-246, -61
54, -151
82, 25
-175, 294
-477, 206
-480, -50
-113, 27
156, 292
67, 208
76, -197
330, -451
256, -349
-117, -62
-37, 78
335, -204
162, -637
-333, -553
-372, -42
-176, 45
-248, -352
-305, -428
-130, -92
-37, 46
-28, 49
68, 220
-12, 112
-287, -441
-211, -606
222, -109
402, 119
272, -237
208, -337
124, 70
-116, 219
-142, -110
204, -270
451, -3
291, 230
9, 129
-52, -129
131, -341
367, -421
355, -272
-23, 15
-342, 117
-48, -27
574, -39
651, 185
118, 228
-191, -68
-38, -272
20, -98
-74, 216
97, 359
356, 208
307, -112
134, -273
-1, -178
-230, -106
-323, -67
-121, 200
-88, 420
-233, 204
91, 10
569, 240
254, 303
-453, -65
-530, -115
-179, 266
7, 296
138, 29
156, 118
-107, 222
-149, -170
107, -462
-129, -180
-648, 81
-331, -9
479, -10
531, 147
38, 133
-41, 47
170, 97
168, 76
64, -121
54, -216
135, -67
286, 28
331, -212
173, -497
-21, -263
-277, 245
-551, 158
-324, -375
288, -303
269, 216
-371, 45
-474, -571
-3, -432
125, 258
22, 404
189, -14
205, -400
-177, -580
-422, -404
-388, 131
-316, 380
-79, 69
255, -149
276, -25
78, 41
-66, 106
-290, 267
-433, -9
-120, -616
219, -591
31, -25
-228, 85
-8, -145
359, -55
358, -23
-42, -378
-431, -427
-265, -30
309, 26
454, -296
114, -382
38, -277
124, -130
-212, 302
-551, 573
-308, -10
201, -727
633, -499
815, 219
364, 529
-271, 496
-125, 226
199, -356
-400, -562
-1000, -33
-475, 196
139, -273
-68, -311
-267, 268
-44, 309
58, -129
49, -90
-19, 97
-426, -137
-627, -151
-161, 266
111, 304
-187, 20
-268, 113
-149, 293
-248, 215
0, 270
460, 273
117, -164
-371, -343
54, 38
353, 115
-39, 67
114, 675
457, 880
-201, -15
-577, -243
-27, 556
-464, 244
-1042, -657
728, 144
1593, 604
-2366, -2086
