4096,
1,
4096,
-19.000000, 10.000000
13.891775, 36.514045
17.204127, 21.352716
-34.302362, 4.430638
-31.241152, -32.698421
-3.072789, -37.055887
27.453764, -23.053899
-22.880040, 8.283248
12.191801, -43.224564
-5.886468, 47.089037
-50.638972, 7.442333
-54.034403, -14.638880
-38.207927, 34.876648
33.914553, 36.784535
-9.753225, -29.290393
-19.098962, -12.953800
6.200558, -31.202250
-33.328877, 65.530090
-34.812667, -21.622433
7.283908, -30.770066
57.447285, -2.051620
6.583839, -3.684386
-7.070081, -35.364050
13.088808, 22.391254
-18.976907, 13.118536
51.149234, -37.413286
-5.756076, 45.350436
-29.432865, -7.111621
-21.489924, 7.542767
-43.729647, -13.487776
-0.034620, -30.767660
12.581953, -19.697883
-17.722680, 6.111339
-6.243127, 3.925082
-18.218034, -1.695340
26.598939, -37.998459
18.687238, -37.352573
29.328548, -8.606336
18.374609, -76.606047
11.305608, -1.067965
13.180107, 34.181783
13.312249, 3.740886
4.063633, -2.636538
26.495500, -0.643297
48.671208, 6.151953
-34.042847, -11.920189
-12.250307, -13.963494
-16.973552, -16.300661
-39.640464, 56.552193
2.243855, -41.951156
18.720676, 1.216861
19.422787, 22.080134
75.080823, 55.583896
-60.393275, 50.056243
-7.874174, -3.790283
-20.148151, 2.602438
4.208012, -36.148038
-6.403270, 12.524186
-23.350916, 17.455339
29.746405, 13.708710
21.396831, 40.395935
-4.969597, -37.801622
-18.419201, -1.452375
-19.147898, 20.979838
3.802339, -54.459304
-25.355371, -48.230083
-0.954006, 2.361871
-26.768664, -23.700028
26.503518, 25.696933
49.057652, -62.179104
-35.995308, -3.807117
-18.610020, 4.955406
-15.605967, -43.246234
4.971945, -6.206425
98.003866, 11.923438
-0.338265, -3.700729
30.370493, 26.029485
-30.538055, 13.737565
12.665531, 28.893010
-3.825868, 7.134160
-14.780675, 12.283752
-10.601082, 28.428884
26.328445, 7.388153
39.409560, 20.134881
62.269449, 17.338239
15.764747, -64.313929
-21.728376, -26.063769
10.058153, -42.838307
6.116428, 44.289558
-5.936431, 17.197966
-40.372890, 3.546674
-16.653113, -7.675823
-61.470184, 41.551067
-101.207433, -8.989546
60.683490, -10.130529
33.856235, -2.187796
-33.873491, 14.676657
-11.261787, -4.878188
54.338615, -24.897348
-48.858769, 1.878433
-0.038953, -51.557530
9.440952, -30.425111
5.434129, -35.365613
0.320158, -13.124466
-55.144921, 7.501528
-15.009180, -46.493959
61.459138, -9.790251
39.043677, 4.488639
-7.273169, 7.274634
3.483044, 25.011438
-2.831392, -69.828997
-29.294153, 1.495259
7.162818, 46.877291
52.881602, 24.769916
9.659233, 8.490395
10.402258, 11.981007
25.171131, -14.916519
2.498986, 25.796654
-5.496705, -17.205972
-2.034421, 50.092383
-14.068344, -12.198809
-38.943988, -15.258174
24.983711, -22.225865
-31.686483, -21.623027
-54.028015, 11.453847
-34.066888, 29.842344
21.859186, -55.108816
46.639751, 70.566683
-37.359172, 2.638272
-25.434168, -3.377767
-35.167574, -21.551397
16.589886, 0.973050
-24.097783, -15.032734
2.190545, 41.348522
50.259288, -15.076771
30.158634, 13.694524
-22.446482, -43.107765
-66.118450, -32.421765
-5.716188, 28.459111
13.145645, 1.414469
-22.756075, -24.671109
-12.672413, -14.017597
-15.631352, -37.954515
-17.245292, -5.406777
3.668939, 48.650462
-29.393452, -41.628077
55.472738, -19.479097
-2.824413, -8.698018
8.851987, -17.765858
9.559146, -28.092491
5.565014, -17.591747
-45.599611, 26.641092
29.027807, -9.269167
4.453922, -5.392831
5.538780, -15.297763
56.876233, 14.033364
-21.851976, -4.706816
-49.818027, -0.391619
-16.372868, 5.726441
-39.616660, -6.710742
-27.910149, -12.128133
13.599356, 18.357421
25.107206, -45.353046
-53.765951, 24.480294
-15.599459, -19.329807
-19.917839, 35.363602
-26.971124, -9.810973
-10.553409, 72.324734
44.581143, -2.964000
-6.255542, 47.050727
-52.474426, 25.190789
8.625566, 13.513414
-13.453932, -19.925343
30.540390, 21.585058
38.476180, -34.642435
0.094158, -16.808892
-5.496205, 9.852069
-13.599193, 41.665203
-37.143704, -3.536404
26.205499, 28.062142
2.825774, 15.217399
36.256321, 4.792517
-63.110624, 16.645847
49.498511, -8.552952
-16.976348, -21.407939
28.061905, 14.172828
-7.721447, -46.063276
-24.745025, -22.447898
-8.513317, -8.568651
4.873429, 36.772225
16.043110, -21.493567
-11.168456, -60.661895
-34.282373, -2.639032
-19.718747, -12.520890
3.418158, -5.382955
-0.003294, -57.478947
31.336517, -7.834397
38.392601, 7.958224
-35.963354, 18.187504
40.629196, -2.928407
42.835838, -17.695099
6.195561, 31.394761
14.109540, -23.194041
23.338405, -32.425841
-9.460580, -16.274852
13.005207, -25.367519
9.858299, -1.008044
-13.390150, -23.266122
15.434333, 74.932374
-38.943902, 11.819472
8.933999, 13.071267
-0.190815, -10.844123
-36.624821, -6.329623
31.884001, -23.903857
-25.021873, -9.389116
-23.734746, 47.230061
-14.973088, -19.264962
-43.828224, 73.023494
-0.482875, -12.042130
53.192603, 10.711554
77.973704, -8.955203
30.852794, 37.181183
-18.153828, -12.269615
-29.024129, -53.690120
35.653328, -5.765048
-2.890861, 10.334418
2.242932, -13.944733
27.232003, -3.389254
-14.528461, -3.193733
-2.741789, -14.939070
-61.990379, 46.092601
-24.367648, 12.476820
-32.594259, 16.887312
31.843991, -54.343072
-7.130922, -26.706205
-12.878661, -2.873149
-21.695450, -14.927367
-25.783901, 64.219399
9.523743, 6.834655
5.710528, -17.661460
3.427988, 53.457062
15.420741, 10.600219
-60.776789, -63.075822
-4.910228, -28.547226
-9.155035, -31.940059
-6.402710, 2.307413
-38.947821, -20.044627
15.917160, 4.557878
-10.859400, -30.242922
19.277240, -26.058222
-24.818610, 32.504322
9.629526, -34.314791
5.118571, -10.605553
-11.661554, -7.320532
-0.861240, 15.062031
-11.031362, -4.447618
-78.442824, -34.003879
-1.983151, 14.694400
-35.952452, -57.075539
2.174052, -19.701789
-4.289189, -19.569239
-12.493975, 1.692397
-33.386639, 21.001925
9.404149, 7.181486
-8.254925, 1.645947
44.601921, -44.566258
-6.540512, -43.678958
11.737858, -19.822390
-51.373857, 30.515085
-4.253467, -3.351702
29.673432, 42.994749
23.519483, -16.581231
23.082693, -2.934333
1.578484, -30.713772
6.895640, 40.205647
-16.689458, 36.464631
-13.113278, -4.079042
47.815887, 15.800213
-27.240344, -22.857757
59.977160, 53.305396
29.973757, 12.882675
-21.934238, 23.174394
35.246719, 9.687407
-19.088380, -11.935109
26.802349, -37.350034
2.324514, -20.528986
-32.895628, 5.930259
16.779113, 42.028721
-24.546602, -80.930569
40.480969, 3.650376
22.420667, -1.087106
-30.267277, -5.262746
-3.629522, 16.354236
-39.025128, -37.257891
-18.472173, 58.731755
-18.694484, 6.833165
27.956456, 46.906914
56.665397, -11.406894
9.282890, -8.738780
-0.591299, -21.208625
-12.181738, -11.684577
6.873278, -8.107910
-22.531490, 1.575787
71.145166, 49.329723
-43.627908, 7.077736
0.600736, -41.200962
8.984195, 15.902489
13.013643, -5.676122
-26.086131, 18.914183
9.519578, 36.377525
20.427534, 18.694810
-16.843303, 13.263406
-73.102904, 7.423385
-29.118939, 5.370973
-20.452615, -16.947523
30.836181, -3.096214
-13.823103, 7.006576
-7.642953, -38.540667
10.659854, 10.594205
-11.745292, -40.555156
-36.839267, 54.438947
0.457911, 36.038788
-16.882855, -4.600236
35.244467, -18.677159
-10.370859, -39.196757
-58.642110, 19.808857
34.503434, -62.469507
69.073229, 8.178194
-17.039123, 19.986277
-7.757579, 20.468958
13.453144, 0.257009
58.988672, -4.020263
26.187029, -20.218081
46.543642, -23.322149
-55.165014, -1.964403
-53.205270, 35.060386
-18.567111, 10.731202
31.777036, 16.188020
-1.482379, 17.757573
-2.431469, -23.297111
63.377032, -25.467135
17.110764, 29.297237
86.502520, -6.997262
15.877349, -43.867849
-21.413837, -69.888948
-16.793666, 3.586055
42.892665, 7.973421
-9.264099, 20.055686
20.237102, 6.799128
-5.409968, -24.368986
0.537343, 59.583722
74.448721, 33.260899
-27.752107, 27.630215
-66.963308, 14.302570
35.602633, -10.351723
23.934884, 10.715044
10.946243, 48.287855
26.880402, 42.831910
-7.743982, -17.203096
3.788019, -4.522102
30.372817, -26.366399
3.001782, -4.717621
9.810410, -7.271868
-3.761970, 47.562951
9.854329, -17.771110
32.662042, 25.621916
-87.050140, -0.230881
-4.777913, -12.737040
19.895118, -15.853378
28.078597, -35.148717
-28.340506, 11.527394
-29.115920, 37.080116
-35.530012, 22.716827
54.598705, -29.431840
-9.412912, -10.194075
3.566063, 7.235509
10.626904, -1.879162
-38.911103, -8.388158
5.306187, 49.690450
-39.615193, -8.507170
-40.182700, -21.264221
-59.437893, 8.059944
-68.156651, 15.629793
-4.444973, 30.006020
-83.812213, 23.495701
-20.491638, 3.161661
-18.737973, -13.973355
84.447099, 19.250725
-54.965465, 50.596868
-5.309716, 12.417593
-11.545106, -45.868627
-32.069063, -13.397377
-36.838969, 32.691321
-37.969383, -53.228556
69.676709, -55.571772
25.969198, 5.355760
-14.006309, -7.623713
-7.796686, -36.412941
-2.887838, -27.394393
61.410230, -17.430381
-31.285218, 1.032694
24.297443, 7.031448
-66.689329, -17.294833
9.482583, -56.835646
-11.678273, -5.373508
-14.734640, 46.875564
-29.036212, -56.465085
57.283874, 22.109495
-42.567088, -2.145911
-29.553510, -10.376206
-19.531393, 22.754726
31.464424, -16.197965
1.115452, -25.675321
-8.507960, -2.353281
-31.590777, 23.261488
-16.436382, 4.640517
40.444268, 28.461303
-72.877553, -4.535708
-18.755441, -66.489867
6.432174, 9.299591
-48.482826, -10.475128
-15.862528, 20.780794
38.119642, -25.871464
34.565957, -36.708582
-19.274895, -63.241633
-4.831888, 2.821024
12.652871, 34.973868
-16.251101, 61.672129
47.908436, 9.952075
2.714845, 11.294018
-11.630581, -10.751009
-26.339889, -24.434544
-23.275441, 30.225309
-20.833177, 12.583156
-23.549054, -36.359408
43.180112, -47.872490
23.351162, -20.200384
46.831357, -14.013002
13.223759, -4.451047
-4.740505, 40.909384
58.795729, 29.154910
22.602928, -38.521957
-39.100233, -7.615386
-23.108341, 8.224298
-25.602462, 47.681901
42.991013, 31.448012
-53.538339, -26.408534
-11.929217, -7.470232
34.138757, -1.041067
-22.417692, -20.371521
24.192918, 17.822983
19.272918, -12.435210
-33.256401, -37.048585
-15.999560, -16.798809
-20.360062, 47.787240
-14.096605, -38.118615
-54.626697, -33.826781
26.817348, 37.864940
6.024781, 7.707969
3.694281, 33.509612
9.278187, -12.799165
-21.779412, 29.894534
-44.135716, -24.003629
-15.435858, 9.873735
13.352972, -34.936202
3.726783, 5.929574
27.010394, -38.025538
-45.514526, 17.657371
-7.336506, -77.116144
36.092747, -56.440099
-0.399300, -44.594688
-28.202289, 10.966495
-13.745093, 57.306445
21.764594, 11.742028
-28.510391, -42.565815
-1.972949, 29.292679
52.933226, -23.327308
-23.583917, -9.258125
-22.503757, 23.895322
-28.308913, -1.615638
12.847545, 15.613936
25.156112, 3.391470
38.966541, 41.097710
0.741884, 7.237228
27.568873, -26.197175
-31.472722, -12.787224
8.892540, -31.561674
-63.552342, -2.409363
-8.722769, 58.846139
-19.678963, -51.861489
-56.417143, 31.809077
-40.685997, -2.929027
0.922914, 25.619068
32.789867, 7.445609
49.769290, 17.722860
-24.832229, -16.230794
24.072065, -31.739927
-42.374475, -6.818049
-7.199533, -54.120667
-28.986114, -35.701495
-39.423805, 5.016800
7.313829, 72.581533
14.017116, -18.921470
37.035669, -10.937594
53.075880, 36.871874
-32.628150, -41.248192
-38.749433, -16.067067
5.743443, -1.777934
38.412561, 13.840778
15.965721, -22.089298
4.221199, -26.163749
-9.000139, 29.843838
14.352127, 18.074280
-12.863359, -4.799309
-34.486618, -28.913553
28.364080, 57.622259
42.088103, -15.754838
-23.026567, 4.493505
-23.416764, 20.640959
11.424620, 16.216258
39.542387, -14.796616
-7.893853, -17.644146
-5.201439, 19.123357
-11.203691, 4.980390
-2.033125, -30.714239
48.770690, 22.362761
-38.281195, -12.600666
-12.593760, -3.302066
-26.327819, 1.568540
-16.773574, 12.742851
-26.452134, 27.838564
32.190172, -15.677170
-2.083400, -0.567585
23.259628, -9.686157
74.731029, 9.946795
14.532943, -9.121678
-17.638861, -41.652596
-21.950594, 14.433122
22.149902, 60.142413
22.499945, 44.946643
5.114420, 2.191885
-17.343125, 44.042117
35.425352, 20.956076
-25.072506, 1.084744
-23.443637, -4.855417
-8.836370, -2.616972
15.617002, 7.303787
34.973411, 54.163874
25.186971, 9.354236
23.735535, 40.368006
-55.868126, -3.048093
-11.087768, -6.498935
12.862039, 66.691330
-28.980778, 46.727959
2.770244, -7.643081
29.813233, -48.832551
1.193070, -10.768376
30.450677, -12.095006
43.013116, 16.009765
69.062329, -6.453489
17.430749, -5.414884
-21.821744, 22.187508
3.270698, 5.669163
-6.296044, -40.086278
5.383116, -39.208314
51.001858, -17.369603
7.595158, -31.221409
-14.034783, 23.300263
-35.464989, -19.552537
-43.406166, 24.529185
-14.002798, -2.159450
60.179919, -53.998016
-42.325051, -27.871194
31.769571, -1.746866
7.059304, 18.489876
-29.413549, 29.899762
-9.138161, -6.158901
15.701205, -35.486302
-13.263483, -49.070967
-1.518964, 6.366787
-27.195408, 25.272890
-3.501952, 78.563292
-44.487766, -7.793516
-8.098648, -9.114202
21.438508, -35.245227
15.395069, -0.227054
-7.893048, -5.407459
-0.496137, 34.013810
25.920314, -44.217145
-17.989216, -11.633768
-9.244718, -30.264341
-5.702821, 19.391230
-9.058927, -5.355361
-4.144003, -45.999467
-30.982003, -12.165170
9.481420, 34.990590
38.751110, 14.742225
2.155593, 30.394314
-9.033044, -20.093937
15.444200, -16.029019
-3.812804, -35.845970
-0.430858, -8.029583
-32.296639, -56.746153
31.641998, 34.862559
38.613762, -0.694751
-4.666435, 36.741247
-69.240537, 19.175386
-12.193058, 45.348051
-28.715951, 4.956451
17.613840, 9.093995
30.154844, -55.056603
-11.044166, -9.457324
-4.835526, 10.222233
-0.835761, 52.106420
-27.177778, -3.081960
11.658750, -38.618411
-1.346739, 4.616326
59.903267, 38.112258
-1.472332, 0.746360
-55.436123, -22.306002
-24.828707, 34.333624
46.250042, 17.870157
-50.412009, 7.430614
30.417246, -71.559855
-26.972464, -0.731065
46.737748, 12.128349
101.727422, 22.129971
18.877984, 19.496708
18.237295, -13.915090
-9.618059, 2.350828
2.494743, -63.462068
-24.249780, 2.627736
2.746429, 62.090209
1.032438, 8.393593
15.363496, 19.584465
31.981010, -2.221977
-9.884571, 37.841652
-7.648359, -52.361095
-8.718541, -31.199226
11.027931, 44.636282
10.757565, 18.793073
-14.595707, 4.140646
22.624176, 25.849684
23.443887, -46.859025
-39.102879, 30.364310
4.364172, 35.279730
8.886166, 35.635327
-4.486199, 11.436603
7.182300, -13.637848
-0.957246, -11.447451
-7.103531, 27.894683
36.574129, 13.684687
13.723827, 4.577446
-8.540085, 8.448197
-60.224712, 58.505404
-12.085094, -15.681796
17.851914, -19.297615
-1.179208, -23.914817
-28.911122, 25.135880
12.486106, 74.319121
-11.775273, 31.865555
6.767666, -19.938855
3.564584, -12.527231
18.923202, -12.308577
-24.172247, -43.740660
-40.757320, -16.941659
-0.626743, 1.100351
-9.564756, -2.415881
-26.336522, 1.044221
14.642261, 26.560935
-14.601979, -23.971565
54.308416, -42.763976
-39.009790, -11.348696
12.823571, 22.118105
9.017658, 39.115278
30.543898, 73.526933
-35.035902, -43.520907
32.453191, 0.181282
43.397740, -1.377777
29.696050, 41.586982
-30.440242, -4.164966
-18.384570, 2.387753
8.554901, 1.208390
19.664975, 35.066214
49.752014, 5.580152
20.914144, -19.976513
-19.543323, -20.212604
20.174891, 12.073253
65.584824, -30.094473
-35.506618, 37.337328
-12.614713, 4.558792
50.538956, 1.363703
-31.624460, 3.545553
52.314453, 42.592698
21.875392, -54.624205
8.245904, 23.054072
-33.428386, 20.548176
-1.994855, 4.789384
-1.654386, 30.216468
-58.980905, 16.134732
7.661547, -25.748393
-3.614789, 29.595186
9.960445, -72.700515
-28.275116, 76.275909
-7.662581, -10.974568
42.280249, 56.393336
-3.773136, -27.458888
-28.335808, 21.598109
-9.845344, 15.924895
44.268879, 10.093014
2.008348, 31.244148
18.782011, 33.171233
22.790065, 28.914566
-44.330659, 23.904301
-9.874910, 48.029288
42.594982, 27.520689
-20.341744, -33.491927
8.763247, 25.630698
-39.786796, 22.463068
-15.250491, -19.844365
-38.617036, -56.926016
-61.508207, 49.525050
-2.436764, 1.326850
-39.843086, 17.529082
-11.371527, -13.690594
13.425155, 28.904472
-12.756693, -73.326601
52.980214, 3.406973
-21.626359, -20.425764
-14.297962, 5.068179
5.831796, -15.669950
34.658217, -33.762077
3.771219, -7.323062
7.425070, 54.574781
-31.686248, -2.253514
23.620487, -43.419432
0.232990, 35.289537
5.249145, -18.435216
3.783572, 32.409040
-10.068939, -17.486685
13.052219, -26.967690
17.596890, -23.892784
-21.335434, -23.487155
2.750585, 10.934215
-10.437716, 15.707930
-27.003202, 4.231995
-15.263762, -11.361072
-2.770006, -37.468113
-45.685560, -25.619332
32.308584, -10.194810
-48.707585, -35.297564
42.611087, -59.738981
-45.145708, -17.533881
14.669027, -28.252909
-10.493343, -35.895361
29.418029, 11.264787
-5.600653, -45.257077
21.737355, -3.693400
61.743028, 21.882695
-27.375395, -36.091684
-1.184735, 3.175516
33.739213, 55.683232
-16.157388, -3.084902
-4.036101, 3.973356
7.836235, 56.242881
27.372255, -3.944024
-30.565377, -52.387772
3.865051, 21.017538
-32.001353, -7.916257
-33.948950, -76.060443
33.200804, 24.275506
-19.709455, 6.471432
-15.669259, 5.827075
37.209825, -11.601104
-45.848007, -26.728691
25.971902, -23.865607
-35.802988, -33.072116
-14.065787, -12.114497
-13.727380, 59.153490
-10.421058, -12.133427
16.868653, -17.347479
27.047290, 27.299887
-59.587129, -14.191195
0.817106, 5.351877
-24.916693, -51.031558
-59.663813, -12.656378
-11.018427, -7.783682
-7.739518, 20.634105
-31.328578, 2.277186
-6.651222, 11.212761
-66.946898, -44.873476
-23.184082, 13.325751
6.592639, 40.863955
-48.918766, -16.039368
11.530770, 41.225657
42.857504, -38.293695
9.228833, -4.599418
-3.430670, 0.706029
-71.136549, -2.812362
-2.968277, -16.569952
36.565719, 23.974470
38.441215, -26.676642
10.295213, -39.768136
-37.011629, 43.096661
6.970373, 15.079164
7.631366, 30.216420
-9.308239, -5.869153
-32.484214, 0.322467
17.925792, 63.480586
-6.137253, -72.143398
22.823869, -16.503243
5.607958, 7.358687
-40.692435, -72.793678
-28.848739, 53.911228
16.468874, -48.856160
48.884391, 30.998205
-13.452764, 4.771968
-37.790195, 35.358501
7.478888, -18.540614
881.481299, 930.342662
-913.135706, 907.320341
-936.176315, 2678.509697
-888.821415, -2745.627104
933.478195, -2716.410826
2686.357386, 2766.168751
-858.676756, -2716.234427
-954.992474, 851.776103
-2704.160288, -2769.161813
-2750.428542, -2756.703093
-2766.672393, 2693.159496
-965.505290, 2687.204359
918.326946, -2743.717014
-837.911582, -2683.802063
-951.673067, 2745.927144
-2755.931835, 821.924587
2819.761689, -2678.042499
-931.856568, 850.567863
-886.662112, 930.500690
-2669.912223, -2786.608426
-2731.547839, 892.678640
-2755.639178, 2732.432729
-892.373572, 2745.199563
-2765.969594, -946.764718
-903.390357, 2724.635812
-933.583989, -2730.414191
894.401496, -900.337096
-894.474738, -2749.850310
2660.155068, 2748.732578
916.298617, 2658.876913
-1002.164853, -2709.632402
869.540866, 2643.536722
906.413001, -890.631665
-879.323067, -2800.462759
-936.992441, 891.336613
-862.122381, -2748.250498
882.051286, -895.920567
-888.888065, -889.111376
-902.754633, -2718.473639
-941.362209, 886.840255
-2652.705281, -2733.531472
-2711.802037, -2709.182443
-2714.371426, 2760.087628
-887.378051, -2761.539006
962.947774, -931.007164
814.762307, -824.754960
-933.144430, -2790.158573
-971.934200, -2722.273269
899.112298, -893.441436
-2769.592536, -2758.029989
-2733.214270, 2750.918163
-966.791900, 2648.860755
-911.434698, -875.457092
-923.724051, 950.040800
-900.695192, -2703.769692
865.424557, -2645.011973
867.213119, 2660.653839
-930.719787, -2731.394428
-846.874176, -952.512719
-923.414463, -2711.817196
-2748.249822, -2702.141503
2742.050856, 906.423312
-980.248337, -2751.282331
898.637176, -2711.373569
-839.439852, -2731.376112
-925.180912, -2749.975256
-904.696439, 906.181758
-820.521957, -2778.806348
878.575916, -2760.470468
-900.537841, 894.170273
-912.133228, -1006.693395
-2729.887451, -2758.525722
871.175191, 2727.708490
-881.603719, -2722.962424
2715.615403, 981.060380
-814.459990, -2716.559202
925.860594, -876.158156
925.871469, -2679.616924
-925.407761, -2687.300901
-891.244887, -905.018049
2718.282601, -2668.596318
-2683.387260, -2752.055605
-2713.733116, 2640.137007
-909.158297, -2717.630307
-2779.390402, 2663.612709
-2705.446211, 893.034870
-909.618878, -2762.394569
903.234507, -2714.006765
868.050060, 935.598975
-888.485626, -2752.851218
-937.874380, 2724.011763
-2760.572827, -2754.610207
904.740087, -2681.427556
-2737.120530, 2702.261309
-958.138106, 2722.310756
-2772.326312, -897.988144
2760.465401, -2695.682179
-940.975199, -2731.118490
876.191859, -912.552116
-931.399383, -2727.542528
828.403394, 2706.003694
901.837399, 872.773709
-927.012685, -950.495129
-2704.054586, 2703.580572
2694.152378, -868.756001
-941.050130, -978.753997
-898.658184, 876.117977
-976.261276, -870.531826
-891.698292, -2788.479855
-888.800533, 2660.810012
-878.964611, -2659.361684
-928.117979, 891.456801
2793.323543, -2683.028786
-974.104504, -932.099818
-2728.257428, -2743.235844
-2624.826068, -2746.582052
-2720.559469, -2805.032261
-2830.262501, 2673.132574
-965.086360, 910.629926
-2735.332380, -924.919750
2667.495138, -930.046833
-950.113519, -2747.061893
-2710.717308, -915.573911
-874.903556, -2777.674690
-2732.373933, 2652.492171
2671.591488, 903.246161
-895.234042, -2682.163106
-969.413372, 902.783293
-966.011712, 2668.832202
-896.723346, -2733.043358
896.143156, -2701.152842
-862.026162, -2739.901665
-2751.246967, 2662.064678
-2690.553770, -926.889663
-916.178721, -2723.630554
-922.848017, 845.770775
-2726.360442, 882.258452
-2689.497596, -2764.310381
-2709.945038, 2738.477834
-919.472455, -2795.627513
930.903291, 836.918079
2732.524276, 929.501028
-947.788688, -951.623646
-2678.129345, -913.799314
2717.552487, -870.266665
-2719.627328, -2728.622434
-2820.413922, 2669.063535
-898.173418, -2704.724569
-911.497280, 886.455038
2648.898855, 918.245129
-872.438206, -2720.106549
919.655710, -2690.011299
875.058598, -937.272859
-884.303665, -924.052301
-942.668143, 2703.970393
-895.607556, -2700.789301
-2780.867691, 2686.725126
-868.740539, 930.799742
-911.392234, -935.417299
-2691.786146, -2725.535990
-855.079164, -905.288912
-871.026227, -2741.202537
860.865074, -2677.138741
-853.471700, -2689.473212
-895.143833, -2695.666580
-2739.359096, 877.325467
-980.098342, -946.189972
-979.261055, 2710.630166
856.852938, 2706.409406
-908.708925, -2745.350331
2639.378958, 931.469714
-958.729968, -2782.650853
898.251725, 2707.501313
846.930995, -847.643827
-943.665743, -2734.412548
904.405805, -2691.502437
-2692.295862, -2773.661548
-903.002666, -2689.432476
-2747.132524, 844.884092
-909.407066, -2678.608904
-902.832408, -851.095774
914.822995, 2705.930690
-900.038847, -2805.668933
890.899204, 2701.414951
-845.319743, -921.352585
-968.106464, -978.577840
2741.661889, 963.415636
-2739.331813, -2746.824297
2733.643793, -2621.915715
-2765.687763, 2721.618126
-905.706761, -965.642614
-2735.476121, -2764.674506
2738.877544, -845.652864
-951.327031, -2791.158089
-962.759400, 947.795108
-885.269770, -2774.797477
858.285366, 2696.069363
-2635.158592, -872.322558
-914.835806, -2759.528284
908.593786, -828.754291
-941.897521, 2632.924227
-868.829289, -2690.738652
-881.308739, -907.595258
-948.304315, -2773.601492
2776.940060, -2674.929409
896.000000, -2701.000000
-899.015416, -2687.725681
2673.937399, 1021.497779
2737.325726, -2646.687817
-947.775323, -934.110711
2765.802861, -2652.789050
-879.232798, -2764.884349
-2735.918826, -2739.287015
-847.911073, 869.908168
-952.074791, -2748.523714
-970.851462, 2760.190489
-2719.803761, 875.068942
-2713.888671, -2759.274883
-2747.582133, 2679.534886
-917.097790, -2736.906896
-941.912802, -878.947862
-859.112902, -2708.191857
-877.934163, -2739.553463
861.664875, -907.256355
889.097897, -865.875583
-923.128406, -932.230318
-2692.885458, -2753.796388
-2750.382395, -2800.558669
-926.953658, 947.563243
-2713.644697, 2681.244838
-927.736921, -2751.132791
-2747.112593, -904.442450
2785.315853, 869.162877
-939.102440, -1012.966433
-890.014094, 819.664694
-906.923165, -960.706462
-2672.253778, -947.203375
-930.599419, 2743.202011
-970.155507, -944.246122
-852.162351, 2740.191821
819.562660, 2680.384175
-952.975559, -2701.744061
2663.506305, 938.001862
-928.394033, -2806.349585
-938.297454, 2690.579855
870.604323, -2654.028347
-932.270044, -2657.941418
-859.602040, -906.109234
2647.868349, 2715.506003
-2702.606157, -2758.141254
-2766.424793, 2734.333451
-884.095359, -2720.364083
2725.206215, -889.680116
-989.464012, 913.281527
-921.905653, -2752.854352
-897.811237, 2693.037168
924.833365, -2705.358888
-911.961868, -2719.633277
-880.903343, -874.376064
-917.892311, -2740.521904
899.562117, -882.667307
-928.840328, 911.058787
-2723.264332, -2790.117500
-2742.676361, 2669.424991
2700.450063, 2748.644971
-924.839194, -897.217133
-2710.215079, -2741.919539
-873.345947, -2762.577922
-2689.257504, -2713.079698
-928.960017, 952.942733
-881.644323, -993.138840
-2718.422693, -877.609781
-2662.240418, -2720.114384
-903.639504, -2709.682568
-882.701510, 879.131409
-957.400744, -2726.117211
-965.377352, 2727.692457
-2724.189014, 829.841515
-925.395141, -923.192590
-2686.819564, -2721.332106
866.734397, 884.253604
-916.673248, -2683.710791
-2714.988346, -907.096848
-954.479000, -2769.699092
-981.298555, 2679.041610
2693.244733, 2707.337190
-2652.985582, -2796.166469
-2751.010844, 2672.464072
917.921350, 939.004847
-943.796638, -2752.154780
-2814.297201, 831.757581
-915.302987, -2731.480308
-2675.693148, -858.733361
945.898394, -2710.474980
-913.165392, -2760.955039
-930.654354, 2732.358293
945.979941, -2742.261143
-2713.122732, -2757.509659
-2714.912291, 2732.295674
-875.201056, -2736.034970
-949.400798, 898.315995
-956.307708, 943.203637
-956.153859, -2718.056677
-1011.756489, 2777.361146
-2704.892469, -950.179788
-913.522047, -889.809904
-977.325288, 980.422386
-906.414245, -2747.149028
-970.403156, 2646.927842
-2681.833299, -912.678726
-938.508153, -2679.740467
-2749.275575, 934.623033
2698.645111, 912.571745
-933.152390, -938.946319
-935.490706, 2705.977159
-901.942175, -2727.251381
-857.570674, -902.192976
2684.643989, 924.828260
-863.248635, -2725.423747
890.002444, -840.670777
-939.474815, 903.201674
-938.270322, -2787.088639
932.320154, -2638.233454
-2760.647020, -2706.838417
822.694044, 952.708434
-2705.847598, 2677.080375
-866.209277, -2737.984418
2674.813146, 933.995788
2625.070629, 931.834297
-919.144051, -2740.848682
943.736154, -2730.784187
-2695.111029, -2778.237337
2636.676646, 2747.338718
-2754.502130, 2676.498757
-918.852745, -888.715485
-951.026295, 2673.093419
879.634948, -2641.271831
-947.849410, -2737.346083
2647.068143, 2749.673531
-912.889194, -2668.504123
-920.450667, 2715.554283
-950.585915, 900.084808
-2760.476122, -2776.128841
-2793.424202, 2771.383118
842.493121, 2705.237909
-899.192605, -2741.849100
-2748.555725, 950.466027
-875.104010, -907.564952
896.178951, 2720.818386
-2694.011724, -2721.437504
-929.503644, -2739.944632
-911.900815, 918.780059
-879.625211, -2688.929358
-897.479029, -2653.370114
-2707.759090, 888.963364
-994.823642, -912.902579
2634.028154, 926.965459
-2728.736476, -871.814681
-2761.977079, -2711.569543
-2785.690403, 2681.540674
-2724.532695, 868.195707
-873.322123, -2736.255114
934.384635, -815.147647
-974.900870, -2759.951346
-2762.176271, 2704.755353
-862.610682, -2704.737220
-2695.327173, -2770.532592
-2757.560030, 2711.376093
2662.247149, 2814.638017
-994.324348, 2712.177783
-2668.609690, -916.273425
-917.392054, -2697.198067
879.486160, 2750.674947
917.521771, -869.478583
-893.860789, -2751.975791
864.716712, 902.808905
954.106618, -2743.147660
-905.234914, -961.398324
-2708.408786, 2691.814720
-917.340686, -956.739197
-2692.301393, -2736.457149
-942.831648, 895.816319
-960.288115, -971.647165
-934.307122, 2691.282416
2666.671729, 911.012501
-866.247653, -2773.257183
-915.803155, 827.189182
-957.880624, -965.493543
-804.761362, -857.958933
-2731.846014, -2729.871454
-2724.265704, -2799.696305
-2772.897184, 2712.535112
-2748.754772, 2657.437410
-953.013073, 865.845951
-2739.703552, -906.258277
-876.140712, -2705.882886
-875.204369, 888.485770
-2628.977628, -892.666400
-874.064184, -2704.281737
2658.397347, 918.008890
-2659.809818, -2774.647263
-963.109331, -2735.388434
-950.729907, 942.480331
-917.478115, -2690.088857
885.283080, 2730.806598
911.301616, -2644.940103
-856.675880, -2713.341429
-2686.301230, -897.881793
-960.203238, 2680.928042
-948.667256, -2742.114095
-987.220306, 929.387326
-2686.854398, -2799.505453
2717.197477, 2728.508434
-2805.023565, 2667.104696
-947.738623, -2729.615899
-2643.856278, 862.064668
-2737.950321, -2774.296586
-903.664461, -2734.529143
895.547847, -2642.384300
-940.174168, -2772.458554
2705.113269, 933.929747
-988.181114, 2777.828415
-2731.074277, -2735.120805
-2797.430810, 2719.415987
-838.646831, 2671.794812
-947.863690, 2692.231134
-2727.727329, 933.362901
-866.094831, -952.468506
2781.352175, -2688.852978
-2686.154760, -2767.724274
-948.866901, -967.728229
-946.240531, 2726.339269
2644.164374, -878.646825
-915.168221, -2706.771778
2710.055834, 874.827779
-969.488905, -2742.022858
2679.463071, -890.026645
-893.482247, -2716.575620
-882.330547, -2790.598958
2722.575939, 906.965368
-886.415864, -905.114819
-892.033390, -2779.991714
-2641.001760, -956.967175
-919.215026, -2742.116604
-2758.089095, 854.430771
2679.462202, 946.280987
-947.296217, -2731.496165
-2699.547846, 875.816586
-2663.921275, -942.410962
-925.865091, -2758.277238
925.815516, 2777.952536
-2689.594391, -2800.673665
937.197943, -2706.565872
-2783.769970, 2722.368826
-885.857989, -2698.070256
2687.372564, 962.025200
-2657.817891, -2734.392816
-973.704550, -2697.591508
895.651003, -2662.633620
-962.687679, -928.351298
903.520954, 923.320217
-877.181216, 2665.684381
-827.411332, -2721.838978
-935.073910, 868.515586
2619.906906, 2718.811865
-966.442259, -2727.039831
873.567449, 2801.196274
-908.243207, -2713.564486
889.308674, -924.927147
865.235594, 2714.601212
-864.790411, -2729.542253
2623.032622, 931.492045
-2740.172226, 866.620036
-960.056390, -2698.622494
-936.613645, -900.456567
-862.381897, -2744.406839
-886.010348, -860.820276
-905.877338, 930.923830
-940.032430, -2705.406563
897.498827, -2721.243335
-2679.076381, 831.868815
-932.960443, -2744.396679
-2680.263759, -894.612747
-959.124828, -2748.567829
924.081939, -917.516706
-962.624975, 896.471609
-2707.474103, -2708.714337
-2684.600085, 2684.027319
-2764.876598, 2656.519132
-2752.804104, -2719.117435
2620.438808, 2766.887200
-889.090851, 2698.983217
830.150909, 2678.926398
-2710.396295, 872.497494
-960.718110, 2640.775440
2685.755973, 921.515876
902.146655, 895.096546
-2710.838221, -2806.531260
2796.654304, 998.659561
-2714.362044, -2734.614347
864.683848, 942.054124
888.054715, 2777.145252
-2756.746831, -2757.629270
-2721.229360, 2741.949746
-2660.881115, 846.290747
-981.812923, 2713.869313
-2665.091544, -932.323406
-883.210740, -2809.665614
-828.989924, -2747.721585
884.370195, -833.602925
-944.044461, -2791.670458
941.375369, 947.937389
-972.024158, 2728.605676
-895.119138, -981.241144
-2668.658160, 2695.821743
-912.531545, -892.543471
799.810384, 2689.002029
-928.601768, 914.515366
-901.083653, -955.561771
-965.044570, 2676.432431
-914.259312, -2697.848200
-957.780993, -2784.858798
-949.496785, 910.373817
-914.527543, -930.519564
902.727624, -2697.682666
-2733.429759, -2737.631310
-2763.900512, -2733.555396
-2774.762575, 2712.981272
-2707.881816, -2708.798323
-1007.231105, 2678.110988
-965.678633, 946.950994
-890.306433, -2776.854615
-991.012130, 2689.402202
924.828057, -2678.581124
-956.239928, -2708.742542
-940.612562, -892.296327
-2632.501649, -2768.857447
-916.259926, -2789.337956
2675.471288, 905.889740
-866.868741, -2771.152887
-2742.289887, -2751.520987
891.816571, -2692.461340
-985.694178, -2727.483106
-898.528048, 904.108638
909.639850, 846.085770
-973.288321, -2751.563077
-878.836054, 919.221133
-1004.798906, -914.368905
2673.641178, 935.183447
-2712.590857, -2696.699421
-905.334986, -2687.273580
2697.481233, 897.722571
2642.064317, 2689.586992
-956.447484, -2737.879462
958.204666, -2669.625821
-987.238895, -2752.260508
-2710.991239, -2727.775470
-921.033236, -908.679949
-2698.357618, -2759.812776
910.586417, 2699.549323
878.254604, 894.538702
-2737.179938, -2731.169549
-2734.519926, 2665.189863
-990.133521, 2653.662192
2692.479668, 938.597854
-925.129021, 889.307525
-946.213815, -2775.705150
875.679002, 2757.370077
-986.468663, 865.523972
-923.582382, -2745.185818
-908.525048, 920.856998
-975.330227, -2718.887171
2656.084520, 2749.378321
-2650.645903, -958.167748
-893.014882, -939.814226
-874.462955, 2679.726653
-898.275189, -2760.505756
-896.787653, -926.819308
-2710.071628, -2713.161525
-872.433867, -2787.014552
-2704.536208, 859.118148
2693.378543, 878.120548
-870.506318, -2758.806246
-2653.825002, -898.244580
-2698.537504, -927.204709
-918.979390, -2761.742003
-2677.708108, 901.283098
-925.735748, -2716.929213
-2782.883773, 903.146047
917.067609, 2742.612344
-2685.395021, -2768.109614
-2744.698359, 2656.387867
-2654.725695, -2756.927375
-947.819277, 2716.774247
-838.601941, 952.969266
-925.825954, -2690.230748
-2722.990626, -936.418230
867.957187, -2663.049278
-894.093846, -2797.980746
-883.844474, -947.961585
-907.074397, -2693.852414
-828.798535, -2725.987415
2703.068721, 923.772386
-928.393204, -2690.047311
-2630.705030, 2687.836226
889.052945, -2708.695305
-934.001966, -2730.137561
-940.254283, 945.916889
882.521956, -2671.820916
-955.706341, -2799.888854
-910.026949, 875.423588
-894.255622, -937.406053
871.267360, -931.724752
-2695.387782, -2702.000460
-900.587005, -2793.389006
2697.842266, 939.153090
-905.014801, -911.406773
-927.142936, -2710.469873
939.041088, -2763.345566
-881.817423, -2683.571294
-916.968167, -902.126476
-846.669456, -900.171100
-2703.528699, -2802.665911
923.480499, 2763.328566
-931.365699, 870.504779
-2707.004022, -2783.929329
-2681.113718, 2661.189185
-975.604632, 2688.401238
949.862095, -2667.086267
-2765.165099, -2770.384513
-910.464734, -2791.089051
2714.668228, 967.121268
-959.649432, 913.903198
-922.567860, -2740.942474
967.060247, -872.518830
-915.938885, -2868.148250
-2753.705021, 843.777104
-982.614100, 905.213178
-905.076743, -2770.869311
916.033113, -2650.656760
806.061975, 2692.159133
-942.832741, -2721.222242
-971.569385, -949.027727
-898.410085, -2761.912390
-856.187133, -2686.127302
2663.373732, 880.830155
-933.869388, -2734.755468
952.535314, -2681.939572
-2656.247034, -970.547281
-891.885251, -2764.360871
-887.585604, 877.425351
-883.437903, -2745.418701
-916.456408, -2701.638682
-1008.379538, 892.513167
-959.340051, -944.261418
-2728.082136, -2733.599449
-2745.267734, 880.873927
-896.031618, -2732.704064
2675.331171, 946.288572
-846.907136, -2768.093453
-2724.381168, -2771.784969
977.051365, -2728.312899
-907.826955, -2743.943852
-919.477080, -911.179320
891.746582, -909.920561
-2673.332451, -2721.262986
863.039311, 2663.351459
-2723.641370, -2760.165028
913.926733, -913.095809
-2704.127223, 2674.877220
-1035.445707, 2692.372390
-2729.628731, -973.939805
2679.142035, 916.913400
-908.168094, -2713.297860
2732.363684, 961.180322
-993.257765, -939.191740
-2768.223934, 2652.672695
-882.763637, -2733.490958
-890.165219, -2742.238482
2671.909723, 958.747729
-2699.749655, -963.630219
-933.306741, -2768.716809
902.531855, 2766.076239
-2642.869334, -2755.361175
-966.726374, 903.163903
851.743744, 2742.051975
-2773.636885, -2749.324295
-2681.495736, 2667.045285
917.584531, 893.573935
-949.559746, 2665.125246
-877.389461, 833.859789
-964.174636, -2738.583547
-2778.542227, 2729.112029
948.980950, -2636.851419
-868.022439, -926.028154
-906.928094, -2715.133908
-2743.400573, 2662.437834
-942.296082, -2737.392806
2733.068629, 906.698357
-905.646292, -926.740429
-2695.858264, -2771.406953
-2717.629246, -2751.971803
-906.082267, -2746.986766
879.500849, -894.803517
2784.379440, -2678.242791
-930.855049, -2751.185571
873.352603, -2680.906157
-857.618419, -2737.884591
2768.761900, -831.005761
871.387524, 931.144318
-863.740161, -2739.800349
-917.931963, 918.696084
2763.170908, -2709.265515
-879.160659, -2722.712607
898.793402, -2635.238246
-925.701886, -909.578837
-933.605915, -896.427581
-905.355952, 2672.553137
-893.357562, -2731.932992
-2673.405520, 855.705893
2675.797754, 2771.038783
-966.972302, -2715.462316
927.109646, 2717.093932
-2693.239511, -2752.304046
-956.274075, 2709.743008
-2762.897595, 2679.110038
-902.050622, -2740.542110
-2757.727632, 949.912437
2754.604196, -916.071780
-889.936888, -2770.557012
913.401114, -2695.652625
-976.678067, -2697.118595
-2745.507945, -905.734572
-976.015843, 2730.492454
-2754.085377, -2699.926960
-2740.347107, 2671.962909
2727.228782, -2614.526446
-885.603055, 2662.508864
-959.727917, -906.964541
-941.051089, -2784.755731
-2683.500440, -2699.889744
-947.626234, 907.256762
-936.908425, -2690.250474
919.825552, -843.313984
-972.604567, 882.070204
-935.102166, -2754.514695
917.600443, 956.332498
-906.078989, -2772.519173
2734.370622, -2718.997283
-2678.177211, 882.170945
-972.518574, -959.553971
-887.072364, 2650.531376
786.158224, 2754.739025
-860.979889, -2748.727807
2727.528008, 924.633809
-853.166302, -2787.345272
-2721.706090, 890.360437
-2596.431142, -909.125955
-992.481664, -946.676794
-2726.675245, -913.583393
928.205054, -2687.784187
-2732.101566, -2721.633851
-2708.073635, 2677.702929
-936.122073, 2684.989129
866.009953, 2717.672383
-902.894465, 889.251826
-969.617603, -2786.860433
934.095054, -2791.100586
-920.248748, -921.240332
-872.231983, -2693.765633
-922.011516, -954.935496
-886.214238, -2731.030260
-865.109387, -2741.023241
2702.798169, 885.985373
-876.737211, -2753.696636
956.259989, -2669.572932
-862.553147, -883.144145
-948.182385, -2729.984477
-952.052943, 929.244691
-933.766294, -2772.902426
-972.892568, 2741.924980
-914.555361, 951.012024
-933.944579, -966.994462
-2747.555064, -2757.757149
2643.397221, 2750.655916
-935.858060, -2799.902209
2679.786046, 913.690088
-956.715270, -2762.440386
2699.634535, 2717.311644
1006.421067, -2740.155772
-904.351590, -2737.899298
-974.055338, -957.028683
878.172009, 897.382832
-2730.224763, -2780.738006
862.491029, 2750.969930
-2752.468941, -2693.362234
975.509021, 2673.242691
-2650.738535, 2779.419720
-1033.274255, 2727.104155
925.834328, 950.590718
2722.337817, -2685.534820
-890.407498, -2720.536963
-892.057203, 863.027905
-895.719456, -2716.281459
-913.856253, -2778.504437
-2728.054277, -906.171095
-964.843181, -2765.884089
2619.099919, 2729.657221
859.158266, 2739.973093
-962.536600, -2734.076837
-2713.482366, 910.496702
-902.783335, -2794.377762
2682.756016, 2749.334482
897.882377, -2645.456414
-880.117014, -2717.652556
2650.995164, 972.036897
-961.728524, 864.957634
-940.977090, -2717.164033
-2722.490837, -937.371198
-924.000039, -2813.743283
892.562777, -911.466126
-2706.567817, 927.005530
-884.809659, -2814.226451
881.985092, 2726.463036
930.255697, -2739.673000
-2741.586586, -2789.054405
-2702.370553, 2666.449360
-1027.557572, 2639.696754
2702.168775, 2763.455735
-912.711046, 935.388720
-945.836360, -2758.889644
827.482098, -2709.620013
2702.268762, 901.440923
-890.194569, -2717.192767
-901.297092, -877.403407
-973.978263, -2767.976667
2712.736189, 931.395193
2704.480822, 940.926980
-865.797021, -2760.074818
932.289979, -2696.732299
-2670.623117, -883.152868
-880.911107, -2749.761371
-939.351517, 904.021736
-857.970114, -2730.482310
-962.788355, 2714.302835
-921.820651, 896.788080
-935.586725, -907.585993
-2623.494848, -2670.109104
-910.854635, -905.777708
-898.593367, -2744.900378
2729.806673, 935.021670
-933.676567, -2777.310422
-2730.911652, -961.201675
916.573274, -2700.754253
-930.763144, -2747.405054
-873.227526, -868.916211
913.265859, 924.669215
-2700.582346, -2782.005684
860.190894, 2714.753454
-2766.769368, -2689.905102
-2672.825484, -917.386096
-2778.484719, 2684.281062
-953.201732, -2817.968999
-2743.275895, 906.327676
-2685.041925, -826.975330
-921.046863, -2715.108890
943.635271, -2721.751062
-909.781578, -2764.082148
-2738.473131, -2756.474374
-927.281457, 2725.661863
-2723.425840, -2785.709172
-2766.894544, 2676.518848
-2708.346542, -894.673303
-1019.616283, 2692.557789
937.199072, -862.505406
-897.221271, -2819.699952
-866.494047, -2703.841594
-2623.726997, -880.706631
-935.496055, -2701.805786
-899.533955, 921.641719
-894.613164, 2652.550529
-948.816282, -2733.250240
-2681.075595, 907.458193
-965.153603, -2754.381627
953.102680, -2697.509470
905.809401, -2751.893247
-2728.321046, -2747.552099
-2815.330222, 2696.693374
-893.583108, -2701.607347
-967.322948, 2690.025188
-909.121849, 916.461762
-895.271439, -2684.226511
-2688.452233, -2765.282387
892.198993, -2710.033497
-925.199949, -2776.345522
-910.812530, -880.234276
909.987564, -2752.668386
-928.843984, -2805.292954
2773.145685, 951.538981
-929.998173, -2721.592977
886.752037, -893.955350
934.440341, -2615.378261
-921.374494, -2696.832655
-938.126004, 879.564125
-897.142747, -903.341736
-869.824569, -2734.392593
-867.468881, 901.628761
-998.453674, -978.846069
-2713.624964, 876.966787
-2721.459891, -2720.059421
-914.075878, -2743.072647
2776.950277, 951.243919
-886.034891, 2754.385142
-910.159421, -2805.152409
922.804506, -2641.775084
-881.568932, -2797.040328
-871.606839, -2806.539624
-986.916133, -924.268166
-2712.621489, -2797.976014
920.186569, -2692.239912
2592.680430, 920.291348
-2689.575003, -2733.305005
-2692.748365, 2687.989172
-883.491136, 901.276145
-956.800444, 2685.765297
-2672.710572, -2754.235493
-914.080628, -2762.172491
-927.886202, 941.428173
2704.547310, 887.312470
-905.496725, -926.741932
-2665.314631, -932.691537
-913.381981, -2770.867155
2742.309300, -986.433058
-949.693094, 884.593618
-897.609265, -2795.124436
-2752.796854, 931.269442
-2709.204666, -927.024550
-936.968774, -924.714549
-2726.300657, -2735.138182
-915.200355, -2743.260713
-2711.350656, 893.852121
-2770.799110, -906.086367
-957.331969, -2742.740571
2704.645674, 2787.281788
-934.043087, 2645.110060
-2730.648426, -2757.823224
-2739.183067, 2706.080665
-924.665373, -2728.067336
-880.241662, 895.965851
-2705.885821, -942.618064
-896.121188, -2663.601975
874.575614, -860.919120
-934.441807, -2677.424802
-896.541255, -2725.008994
931.061764, -2699.053599
-977.451499, -2716.784799
2673.388502, 2760.838698
-938.794311, 2693.007509
-981.896421, -893.785266
-932.854140, 877.290224
-2774.309598, 907.901148
-965.552602, -2793.850359
-2789.828769, -956.794030
-942.165935, -926.935344
-922.708854, 2691.679253
-937.879306, 2721.673142
-892.885264, -2783.241124
-963.161266, 906.140997
903.114781, 2763.645788
-923.199614, -2750.765390
-936.502130, 2702.010934
-2775.071179, -2821.963833
-2697.300818, 2694.749838
-2779.329162, 2669.194269
-994.372823, -2734.858115
-2720.450439, -2701.290996
882.397461, -2685.382688
-932.399596, -885.372627
2687.336371, 888.548262
-2727.581579, -2759.141567
2699.102520, -851.221575
-2774.275980, 2699.708712
-924.939799, -2793.143226
915.243478, -913.168593
-865.290511, -899.811081
-946.933989, -957.200262
-914.625209, 903.048070
-944.730230, -955.129763
2754.414436, 938.205316
-2728.506981, -2733.548736
-2798.538896, -2770.251746
-2739.139235, 2658.179254
-2743.297093, -928.996016
-936.801247, -2728.188469
-879.830818, -2743.385315
-888.600812, -2730.382727
-931.625545, -905.264815
-2695.937808, 876.947438
-975.769819, -2791.940147
-2696.649931, -913.979616
939.932798, -963.165029
-973.973593, -926.410622
-936.583276, 938.126656
-998.821258, -2720.139174
2666.806249, 2735.941138
799.043160, 2653.961101
-933.957359, -889.331117
-947.013032, 2700.963727
2630.131340, 2677.138206
-887.602084, -929.558789
2752.261958, 979.441731
-2702.884454, -2768.838865
-2742.090272, -917.704776
-2768.816964, 2705.710250
-852.039197, -2806.809655
-2773.503869, 914.699308
-866.995577, -962.794650
-901.895552, -2734.848292
890.464761, -2686.891008
-998.765257, -2750.223647
2719.228396, 964.657031
-931.976661, 2702.655498
-2743.563963, -2746.313139
-2755.547621, 2663.696363
2765.703262, -2689.852741
-937.014198, -957.594503
-928.388915, 2725.257492
-914.492987, -2807.205430
-836.139041, -2743.671788
2674.419732, 2787.538252
-922.266719, -2777.757155
-920.877113, 878.573394
-973.238078, 840.888581
-907.132147, -2726.683996
2702.937127, 960.302389
-879.222938, -944.618509
848.456770, -863.011958
-2675.464913, -2734.410888
-2783.857709, -2751.684750
-2746.275726, 2707.020983
-2804.904593, 2691.458300
-916.618731, -969.642122
-864.521718, 2721.983157
-890.503579, -2744.465589
944.819450, -2689.950250
-884.008269, 868.839847
-960.404954, -2681.530099
-2700.968181, 877.794216
938.363396, -2734.304820
-896.600886, -2758.682908
902.461544, 981.201730
-908.389845, -948.588327
906.134955, 2748.428992
-2773.118299, -923.573965
-2721.176284, -2763.372178
-2716.072937, 2721.315831
-2736.161961, 904.951261
-941.327474, -2817.650326
-943.763970, 947.888983
-1018.833069, -899.929157
-943.086479, 2714.752303
2650.863588, 2725.589984
-953.727866, -974.743447
-2714.780364, 2686.270384
-936.104024, 874.963318
-947.798167, -2733.766529
847.718833, -910.703801
-884.421859, -896.994532
2704.785850, -2731.090466
-2737.119619, -837.133067
-801.226652, -2644.743371
-876.058770, 968.743845
-2713.305732, -2773.090318
-2794.892709, -2761.748701
-2775.807399, 2694.575916
-927.345673, -2771.134128
2760.891879, -895.163937
957.008110, -870.806736
-936.041880, -915.739786
-917.792180, 880.860538
-2759.441233, 844.771552
-917.797040, -941.865725
-2660.182565, -2694.604817
-2687.208234, -2791.620292
2770.284091, -2674.605257
-2727.576989, 2742.989408
-888.735094, -958.730905
-2775.756367, -905.704708
-992.667669, -941.968756
-897.255498, -908.461091
-949.846838, 2694.267502
-957.962543, -958.417334
906.704608, 2718.497000
-956.685232, 888.003486
-935.452416, -2785.356939
-935.270930, 2691.602901
2721.049182, -844.539416
-940.455962, -2777.097995
-912.558777, 900.754281
-920.515748, -2769.835500
955.448012, -2696.047458
933.077248, -2665.834736
-945.715345, -996.030571
-955.525319, 2735.439474
941.701025, -2695.156916
-921.497989, -890.260274
-2715.203706, -980.649906
-2750.483920, -2778.093600
-925.705908, 908.043745
-2776.916780, 2623.426739
-980.337322, -1007.467924
-873.072003, 2741.457228
2755.484630, -894.354462
-986.603726, -2756.738412
868.373937, -888.022874
-2686.516847, -2790.622583
-2727.988696, -959.351628
-2719.641821, 2752.204360
-986.891894, -961.366670
-916.444337, 2743.070771
-2763.207087, 2678.516556
-914.151268, -2785.051830
-864.798345, 888.964727
-917.189310, -2772.714247
2719.114058, -918.141646
-2745.321880, -894.526723
-872.628295, -2729.355148
2725.495361, 2732.327873
2600.925224, 2756.973650
-882.318357, -2744.635775
842.177045, -2727.623825
-946.286775, -2750.700655
-913.911986, -911.462416
832.199399, -875.380784
-911.088207, -2766.785528
835.195869, 2707.308818
875.380788, -2665.118378
-936.546609, -2746.580199
854.303327, -804.746930
-868.754722, -2723.648912
2692.773824, 952.391657
-919.269962, -885.993333
-983.012423, -911.659667
2751.703903, 927.347232
2629.394800, 964.494867
-2735.112931, -2658.105950
-2796.465691, 2706.268361
-951.301784, -2733.008975
902.701989, 911.230582
2647.789902, 913.567099
-823.583721, -2719.339002
945.663545, -2695.078273
883.088235, 2724.136091
-896.891195, -2745.805465
898.520880, -2664.731506
-897.032926, -2727.131569
2705.348650, 902.685657
924.364872, -866.703871
-889.513874, -959.766775
-919.772870, -2678.887405
-2710.933264, -2816.916489
-877.281313, -2781.883165
-2666.073627, 923.592531
-960.281054, -921.524845
-2717.382695, -915.963588
-939.405808, 2729.386840
-899.941141, -2724.452255
2737.190567, 966.891685
938.875482, -2702.689397
-972.660847, -2776.296995
901.984969, -873.813499
-955.575517, -2699.666697
-2725.749211, 2731.556297
874.195223, -2709.756258
-955.006855, -1013.799552
-2677.756165, -929.064246
-873.148021, -912.182749
-2717.276764, -2806.374810
-2774.219666, 2658.019262
-880.324671, -914.481988
-2688.234940, -2686.094904
-958.865866, 2710.776651
-894.526003, -2772.841738
2662.337892, 2724.957355
909.317889, -907.982119
-919.230322, -2735.519302
-2739.202986, 930.390057
-976.460624, -970.166414
2710.386543, -889.155417
-970.918893, 2674.073980
-2805.296398, -2789.271908
-2783.699763, 2774.502822
2634.576213, 2716.276921
-918.689994, -973.394661
-2819.854198, 2712.216311
-895.549306, -962.598778
-860.784995, -931.440172
-875.676811, 916.322218
-859.705473, -866.910155
-2718.880592, -905.933331
-2769.426647, 2692.534809
-908.552195, -2726.311844
2671.164885, 2770.345679
-2779.669542, -2770.158558
2714.847165, -2694.361051
-2682.015247, 2687.178438
-877.094871, -963.638815
-954.053113, 2707.429676
-2714.131763, 2697.258244
-863.985561, -2710.178197
2718.942177, 2827.138434
-943.033139, -2734.095787
-2705.003718, 871.328855
-901.429068, 871.849086
-2680.279640, -2735.346973
-2744.886890, 2709.553074
2710.924634, 2765.362846
-903.950517, -2732.190011
-2746.081874, -929.967878
-948.785366, -949.538737
-2700.274493, 871.563712
-942.142199, 840.885933
-942.274564, -913.837277
-2707.970429, -2733.873571
947.091941, 880.015767
-918.849949, -933.347977
-2670.172969, -2701.785252
-879.626147, -2707.177512
-41.240899, 30.363869
-943.000000, -1072.000000
-935.784844, -2765.194952
879.201360, -2755.757631
871.912431, 877.907351
-937.035931, -924.253132
-920.140744, 2760.308086
-2724.576544, -2786.556286
2753.922768, -904.191906
-2788.552049, 2702.985197
-969.425068, -965.343715
-2637.346505, -906.656874
-2712.248678, -2756.657026
-929.547747, -927.481884
-922.019748, 2702.543769
-947.516005, -2722.962772
2734.480975, -2727.472391
-2679.506588, 890.933220
-923.158015, -984.061230
-967.156870, 2752.908875
2633.670709, 2766.678185
-953.772900, -2754.081705
-921.286498, 905.384232
-2751.447378, -2732.921917
886.961434, -909.833570
-2748.743665, 2654.978546
-889.993880, -2714.465366
964.716204, -880.237111
2829.879936, -2663.622913
-924.247793, -2740.475039
-850.082319, -2738.821202
-2777.050262, -2773.306794
842.363909, 2713.187733
-2738.871431, 2746.330283
-948.858523, -967.931242
-935.717912, 2687.025448
-812.767138, -927.867516
-905.147032, -2761.554160
2721.541662, 2846.577035
-913.688059, -2733.292629
-878.614270, -2729.741016
-890.388658, 935.378978
-2739.929432, -2730.914950
-2687.512563, 2709.591441
876.300066, 939.981554
-914.384414, -2779.374194
-2747.504009, 908.357652
-882.807088, -946.437273
-2747.210383, 872.962454
-2676.866616, -2722.895991
-1003.066613, -980.570722
-924.779868, 2728.506975
-2646.571397, -2753.613927
-2705.293399, -2811.263440
-2715.412445, 2727.589916
-961.797291, -2774.571550
-2643.952950, -2752.796945
915.406477, -877.023778
-916.509581, -2753.578104
-891.261859, -2690.370077
-867.738117, -2735.379371
-2701.558662, -2773.112156
-2702.266659, 2709.106570
-932.838095, -887.760917
843.282879, 945.557197
-908.322179, 2765.016098
-893.519289, -2755.535330
2690.366278, 2758.864640
858.538079, 2673.150797
-898.791643, -2781.558061
-913.516161, 866.743683
-2782.236915, -2738.032434
-2793.949487, 2708.730369
-2758.938526, 2728.790244
-936.924160, -2717.651309
-928.537023, 2733.967498
-978.247162, -2733.692900
-963.849686, -2732.798816
2689.611209, 982.319667
-962.664089, -934.849988
2707.491058, 2749.721754
-2696.029022, -842.172485
-907.851038, -2763.075080
-2716.195872, -871.470820
-836.310935, -2759.585856
-975.231640, -2708.244216
2687.055406, 1014.888375
-940.269177, -936.656860
2740.397160, -2694.280617
-2781.406432, 2723.883748
-897.763881, -2678.680717
821.245994, 2691.479112
2714.789085, -2610.929543
-951.723358, -2719.215271
2616.444725, 970.839029
-836.407435, -2712.063582
-913.451178, 2691.654935
920.956647, -2660.719796
-923.417043, -2758.774917
-921.836725, 938.248763
-897.980244, -2699.548999
-951.930360, -894.897477
-2726.769849, -832.433363
-2716.935610, -2719.082459
-2732.020015, 2695.206666
932.428905, -2721.027108
-2750.832291, -2709.832064
-2734.507726, 2711.284500
872.725899, -958.565708
-938.191744, 893.317265
-933.013650, 2751.075492
-910.594013, -2758.422877
-2684.507233, -2749.546208
2710.052897, 2737.169819
-873.712592, -2784.527189
-916.269983, 872.856306
-2700.094918, 898.267889
-2734.445705, -2731.056483
-2727.848058, 2723.860684
-978.374540, 2671.349367
-901.249536, 871.969655
-2679.202217, -956.754329
-900.508537, -2741.060775
874.719183, -935.698052
-2721.377623, -984.858778
-945.375450, -2768.255835
836.975630, 2729.352246
-883.541731, -2722.163353
-889.926217, -912.621510
783.895497, 2750.668378
-923.775152, -2792.794256
-902.437688, 899.282053
-914.048474, 858.223590
-937.650386, -2746.702719
-888.629034, -802.786085
-892.310881, -2767.588576
889.509297, -974.432505
-896.252146, 898.914186
-2742.322621, -2746.566295
-2719.480910, 2719.052223
997.249347, -2692.735513
-972.141482, -972.106876
-2714.480744, -2678.853503
-940.294222, -2735.679728
-2766.809131, 2665.409704
-884.230828, 871.517187
-987.519325, -897.008372
-2737.922960, -922.698719
2667.172022, -911.737238
-960.536422, -2750.294079
-910.185501, 914.205436
-926.288908, -2772.818549
-912.056776, 2759.062396
-2776.728941, 925.033650
-917.410937, -921.301582
-2732.918990, -2722.113423
-848.918245, -2736.449975
-933.832658, -2721.190448
-2745.510434, -918.222602
-947.874333, -2759.178766
2667.369365, 2691.514907
2576.427310, 2786.925656
-2714.445072, -2732.340371
-2706.722624, 2768.704023
937.900069, -886.385071
-906.122757, -2700.511710
-946.999742, 920.648316
-900.441393, -2751.279062
-842.727232, -2717.552674
-866.459982, -2659.111709
-872.568980, -2726.163433
-882.310108, -2699.613095
902.721045, -889.795353
-863.769953, -2747.077044
927.592539, -926.281561
-930.382158, -976.622433
-944.356177, 2694.691957
-2678.129844, -2690.311062
-955.446463, -900.277743
-901.497393, 2709.604233
2702.768513, -854.265190
-935.052181, -1009.112599
-2740.702491, -900.725651
-2771.984419, -2841.041117
2710.167817, -2675.576795
-2752.158302, 2698.702907
-944.208952, -2811.543294
-2749.833632, 913.704749
2717.699725, 2695.679426
-886.648176, -1023.336429
-2654.173995, -2753.116713
-905.801873, -2762.140618
2745.438664, -894.199033
-907.242019, 919.073091
-2770.214862, -2721.008613
-2780.243385, 2724.435485
2704.198697, -2696.029160
-899.007998, -918.363532
-2698.680787, -955.475884
-909.619791, -908.973995
-2712.509206, -2758.920249
-932.379279, 911.840273
-972.475965, -943.080562
-2750.161450, 2753.128971
-2698.380317, -2734.221967
-906.788125, -949.998448
-2805.332478, 2750.184839
-857.928583, -2746.692874
925.141625, -898.616543
956.413381, -884.580316
-943.239499, -909.269796
-2679.255472, -2686.681112
-2740.189325, -2725.503481
-932.195139, -888.861854
-933.428148, 2676.536880
-926.799351, -2756.713122
-2718.762630, 2638.684259
-900.370022, 934.612694
-944.065199, -2782.999009
-966.538118, 2705.452483
2663.695745, 2782.625751
-2722.493168, -2769.147991
-2661.048940, 2760.479441
-890.205964, -2723.340240
948.338932, -2696.447055
-2680.168988, -2671.885294
-861.140624, -844.527531
2683.697493, 999.683295
2722.690709, -2685.874869
-2744.745932, -2757.043969
-2713.035730, 2741.411777
-917.736580, -951.891363
-2616.933817, -859.021596
-946.980833, 2661.690538
-929.246567, -2738.608245
2648.346312, 2727.849307
-928.328233, 866.880293
-936.398907, -2718.946892
-888.419437, 885.457086
-2711.135442, -2824.422438
-853.170958, -939.657192
-2754.936784, 2711.242724
-949.469612, 2688.713935
915.567367, -2727.855042
859.778553, -914.186542
-901.173736, -2730.158297
-2766.407328, 884.260763
-949.431477, -914.728999
-2686.038861, -2726.828504
-937.945952, 2730.033415
-911.438456, -2722.542030
2707.468876, 917.084799
882.918617, 972.438488
-914.284200, -2746.946669
871.494279, -807.022930
-928.099804, -2751.506402
2735.023023, -2721.320311
969.841019, -2736.014083
-883.169874, -2798.358616
-2729.094548, 859.788333
-829.784796, -2756.303189
-941.711935, -2760.345831
911.748706, 2716.362575
-2729.643817, -2752.452894
-2683.790556, -920.821353
-2750.127280, 2670.199233
-895.894493, 853.779163
-2713.497275, -865.091489
-875.954699, -2706.683945
-898.552531, -2746.807945
-2684.110281, -941.793098
-959.669011, -2746.402338
-877.611600, -850.405207
2778.481961, 930.741038
-908.355114, -2719.198763
-958.278485, 930.942874
-2738.696373, 871.748696
-888.680810, -2752.241705
904.822158, -2721.297824
-972.309092, -2712.556114
2660.718037, 946.034055
-2723.101459, -936.070502
-873.198119, -2808.751439
-926.151917, 955.387654
-2668.705822, -950.443629
-2704.505698, -2762.577407
-2696.191979, 2679.186695
-944.864656, 2722.137259
-892.711895, -2685.191978
-875.621091, -2749.316239
-924.988784, -2744.926599
892.267532, -921.981558
2701.488145, 903.336999
-931.820789, -917.710055
-908.582992, 875.132604
-908.901673, -2755.711476
-912.223419, 2703.035487
897.479461, -2730.804129
-897.394186, -2720.334426
-964.932557, 2757.962212
-975.429180, 2713.010450
-861.341268, -2726.760395
-2715.513330, 944.831688
-943.334372, -929.162812
2705.974351, 924.441149
-972.533738, 2623.106395
-873.771638, -2753.715968
2677.075860, 902.616625
-879.448213, 2676.220852
-961.944711, -2729.385426
891.809028, -810.297930
-957.404903, -2697.287042
918.652323, 886.746744
902.693043, -2714.611907
-2750.066255, -2742.574557
-2740.715517, 2709.101504
878.438678, -907.497623
-2666.146657, -2769.698236
2650.228883, 2737.681255
-985.938489, 2666.704951
2733.826287, -906.358224
887.899191, -2687.394938
-959.955128, 810.085329
-2682.665504, -849.667092
-957.719590, 888.907806
-1011.756577, 2663.565668
-859.398731, -2706.481026
-2688.468736, -2745.368188
2681.503700, 947.734529
2637.239861, 962.373197
-2746.539413, -2733.530900
888.430718, 2715.599927
-2717.434084, 938.832489
-2745.361696, -2773.902933
-2750.194103, 2713.419979
-899.308131, -886.588998
922.659773, -2681.213782
-939.573152, 2709.130854
-903.740777, -2771.451877
2639.975657, 2786.215430
923.682184, -2778.581402
-887.482787, -2773.222754
-951.884942, 932.728954
-2738.105780, -2738.373179
832.268166, 864.429604
-2719.932580, 2701.774645
-987.438587, 2714.453828
940.903697, -2709.254224
-965.265585, 2655.290585
-922.569382, -2752.323594
-2731.152288, 911.437911
-979.411873, -935.503106
2696.886258, 1016.095555
-912.485383, 2691.923465
-953.018864, -2758.890518
2728.774590, 931.395956
-2770.674586, 2711.055991
-886.959947, -2702.441738
926.101814, -918.189307
-847.158218, -2730.686942
-862.484717, -2754.726933
940.559642, -2699.167865
-872.300036, -2756.571259
-2738.936053, 926.582670
-963.649457, 842.875276
-909.853899, -2759.370731
828.756040, 2767.042867
-2754.181906, -2720.605581
-2638.134516, -2749.319430
-2750.847239, 2675.289042
-951.652483, 2669.068643
2682.489025, 971.942719
-2671.317114, -2774.075013
-897.905944, -2759.234992
920.606773, -2701.519223
-955.671310, -944.950076
-875.874902, -2789.478031
-2767.485116, -853.306232
-902.062433, -891.113362
-894.016116, 2762.002088
-2755.368980, 907.835167
-930.880204, -2783.474247
2687.414203, 984.264623
-970.437538, -967.805439
2699.184578, 905.470560
-908.530655, 2681.533284
-935.344910, -928.548015
-950.039752, 920.808596
-864.054171, -854.224514
-962.206492, -938.674762
-962.939730, 2704.483713
-956.599955, -2711.944035
2694.965491, -922.847407
-926.327717, 914.810137
-984.970113, -895.094449
-2681.380658, -888.862081
2644.244809, -888.870939
-2708.359607, -2753.519008
-2707.161165, 2688.590977
-869.066799, -2661.375368
2748.295635, -2707.851674
889.298601, -927.646888
-915.370404, -2741.975835
-825.992672, -2727.356981
-2710.963352, 2683.772925
-2695.750824, -2807.634313
-2766.980010, 2681.960295
-912.277065, 2715.620980
-2733.894796, 802.446483
2688.705566, 2749.113273
-918.021651, -2752.847523
-859.789141, 920.448752
-949.213802, 869.699596
-952.745145, -2697.716767
-2669.682700, 951.322605
-898.097907, -2650.228919
2697.516499, 2711.239048
839.285084, 2771.726469
-876.307943, -877.773575
-870.316606, 2742.980304
2764.665331, -2701.349316
-876.717313, -2712.170205
2659.846610, 2773.150076
-2670.341490, -2665.341604
-855.816637, -2744.677155
-2727.042849, 2709.707606
-2681.448261, -2780.501251
2706.575889, 2718.042687
909.344522, 883.678660
-945.861337, 2721.248076
903.272076, -2633.546378
-1006.932855, 2743.674673
2773.254821, -860.953299
2734.268232, 895.470327
-987.078922, 2643.471180
2680.683597, 2793.374391
996.288812, -945.602062
-2696.738572, -2743.061009
2728.685657, 948.240479
-2657.434370, -2756.029465
2713.055137, 2710.698354
874.246059, 2753.052980
-2668.409215, -2755.599142
-2739.628321, 2709.129710
-879.179278, 964.554687
-883.978506, -933.616039
-880.475324, 2749.983330
-921.587832, -2727.045148
-2753.042441, 882.747352
2677.495587, 2732.582402
-920.896586, -2714.990859
-874.792041, 960.414417
2692.554257, 937.159449
-2758.998641, -2744.827778
-2829.366622, 2680.376572
-1000.379471, 2720.747992
843.428670, 2662.135535
-884.822208, 2779.194000
-922.412163, -2722.486000
-989.093959, 866.702999
-853.588286, -2710.233170
-947.227216, -973.613222
-2743.397132, 2763.483756
-898.881097, -2701.104275
-2675.976412, 890.487552
-2706.906624, 910.968673
-932.988893, -855.516195
-2696.043810, -2751.431200
-869.478753, 2675.127781
-967.047807, -929.326917
-950.206692, 2709.013849
-926.760972, -2756.892474
-2654.450288, -2695.154080
843.902060, 863.579932
-915.051264, -2768.410403
-952.464851, 855.197197
-949.761426, 2723.868267
-958.123446, -2722.027998
957.174741, -2646.499839
-919.526649, -932.201981
-906.898370, -912.761088
-951.558636, 2726.479878
-2728.839607, -2705.414546
-2762.913822, 2687.063067
2715.099136, 2752.759102
-928.874182, -2743.753936
942.301503, -861.028218
-910.966603, -2724.289124
-910.417491, -902.930955
-890.003050, -2702.579544
-2810.083430, -2770.074053
-2778.269764, 2746.705423
915.210174, -2669.367537
-925.368920, 2661.223583
-999.013891, 2794.140584
-860.690278, -2784.739963
2673.140596, 2736.620599
-893.322641, 959.839443
-878.573667, -2779.785454
-892.153756, -2657.517610
928.602320, -897.357071
-946.512312, -2728.144223
-898.657936, 921.941096
-915.725243, -2727.032960
2735.071898, -2722.368094
966.150688, -2697.718543
-912.083120, -885.082643
-2765.038450, -927.628076
886.105878, -914.757872
-914.654495, -2702.529907
-900.227682, 915.608719
-2667.857588, -2827.249681
-2739.620578, -984.763426
-2702.352127, 2649.925720
-2755.171844, -2737.749900
2682.717194, 2782.397321
2720.596886, -2681.389897
-991.189040, 2691.730208
-999.397240, 2776.457324
-967.753683, 2690.741927
-968.138059, 2701.369733
885.584976, -864.684393
-989.498953, 2706.247964
-986.464978, 2690.809705
2694.715154, -2670.043578
-2764.400902, -2764.918053
2670.301898, 913.507309
-2746.982290, -2751.777865
2695.345152, -859.337235
899.089356, 2771.806381
-2668.634519, -2795.703636
-2753.224016, 2717.323323
-2766.506193, 891.822412
-955.424536, -876.296332
-884.878303, 2659.489686
-956.204763, -2733.500108
-891.149287, 2663.464921
2558.202037, 2828.762684
-883.963799, -2742.328273
-876.158429, 966.150039
-2673.177785, -979.764880
-2702.403301, -2725.491866
-2736.184762, 2717.248392
-909.367821, 2660.157516
2765.376363, -2725.148520
-869.978994, 2724.879709
-912.519138, -2721.499320
-933.773910, 883.003572
927.612888, 953.510438
-964.327321, -905.328226
-2743.506053, 2698.582371
-936.636697, -2646.301563
-867.827148, 813.209208
-2748.701017, 856.598090
-899.012101, -936.471227
-2682.427152, -2674.382782
900.274783, 2784.316670
-957.145267, -914.284379
-935.433280, 2753.188310
-908.751125, -2756.241262
2816.960798, -2691.337093
922.500822, 854.486251
-922.734250, -2769.963076
-899.316775, 899.606358
-2682.015078, 2724.356599
-911.338102, -2792.174817
931.932090, -2686.688527
-966.799253, -897.785347
2697.327144, 944.699209
-928.405372, 2759.230809
-2764.168451, -2791.404005
-2807.109055, 2670.947176
-893.591736, -2673.945595
-930.148774, -2742.293215
938.628608, -922.221685
-972.562062, -2725.544945
896.212617, -2733.945680
-855.515245, -2654.488225
-2734.153945, -2713.348067
-2791.199492, 2763.264349
-2747.225387, 2648.854547
-927.996075, 874.363725
-887.969475, 2704.366818
-955.311403, -939.561442
-913.570326, -899.943967
-2707.593312, -2681.322474
-901.981000, -2764.760026
-2757.783720, 861.772799
-916.510042, -2720.685790
-872.133355, -2754.619745
952.661378, -2689.969998
-984.985022, -903.462721
-905.329221, -958.685127
-2665.422550, -867.553680
-941.460494, -953.149212
-2700.328417, 2647.896173
817.478473, 2723.521849
-947.414539, -2705.481892
915.921296, -866.094759
-990.470339, -916.370706
-879.938002, 858.911717
-2652.518609, -2741.867029
-1055.549466, -931.644438
-864.643804, 2740.992882
904.090142, 2699.567147
-929.055024, -2797.852623
-2720.259587, 915.402864
-914.573187, -974.484926
-935.341531, -931.196119
-986.128303, 2709.790214
-952.944682, -2737.413441
2648.399544, 1010.157245
-2736.940543, 2722.159354
-944.337871, -2699.890791
860.549086, -845.962048
-898.516111, -2670.086460
-2712.535147, -2757.498880
904.409226, -2745.282661
-2679.776611, -2731.695555
-2772.897798, 2683.970130
2781.155794, -865.616981
-2675.805063, -2774.377841
2598.940716, 2842.559534
-1002.475461, 2715.719827
-942.730068, -938.805884
-994.546916, 2732.182791
-926.323069, 2608.075153
892.598793, -891.831998
-2686.883674, -2716.459141
-943.918801, 854.055565
-935.587788, 2752.057761
-2705.397881, -2773.045687
-920.180087, 914.550957
2668.026715, 967.625693
-2744.964165, -2745.948059
872.626398, 2747.768629
2661.233617, 879.122626
-2733.368930, -2785.125264
-2799.340562, 2670.583193
-894.296106, -953.955952
-2688.926407, -856.431118
-936.789936, 2717.022756
-889.878709, -2736.827561
2698.258985, 2748.517981
2737.655304, -903.437794
-902.484361, -2760.113740
-941.233774, 854.585209
-2720.062816, -2772.637686
-2734.886043, -989.396757
-2722.812751, 2727.851772
-951.337766, 2655.787373
-925.823896, 2730.939989
896.725920, -2722.569212
-968.958543, -2733.279518
-904.430439, 895.208979
-945.504799, -943.499241
-914.329533, 2684.857505
-2756.084018, 2659.487117
-910.041126, -2699.315944
-2751.296583, 911.604985
894.263513, 2738.481170
-905.081985, -920.122502
-2670.914860, -2716.842365
-913.654845, -885.458246
-2691.964759, -975.181346
-906.921770, 2700.831040
-887.404946, -2761.139687
978.461098, 946.246340
-921.819015, 2702.056649
-959.648613, -2741.517552
-861.226349, 939.327311
-902.415854, -2714.494749
-2762.133801, 824.311006
912.678228, -2705.426411
-948.547323, -944.006093
-914.406444, 2769.998065
2656.207225, 932.652057
-2647.796820, -2717.686807
-2681.357728, 2718.534082
-859.539611, -2705.390417
2694.334569, -2653.521335
863.864412, -949.291001
-916.575831, -2685.469462
-908.008462, -2678.375709
2700.336340, 2724.237005
-2714.303500, -2747.530869
-2744.206530, 2752.425544
-895.916158, 2663.322143
-903.967512, -2704.409775
-958.292196, 967.992081
-923.073361, -2763.581075
-941.359741, 2708.661936
2731.865114, -2651.303559
-883.594317, -898.104407
-942.090116, 871.771811
-927.890552, -2707.164854
2737.939910, -2672.964139
-2776.779869, -906.388863
-848.426909, -2744.989907
-2760.971061, 905.442716
2749.508722, -2690.246247
-866.390999, -855.161847
-937.521174, 2739.803310
-866.873568, -2721.713331
2755.822902, -2720.192820
2709.047267, 939.413586
-951.265870, -2700.116343
949.420033, -910.176858
933.635431, -900.510877
-893.974305, -2756.614105
873.200529, -2688.163889
-2669.046359, -2810.885654
-2667.264744, -967.418593
-2725.121877, 2731.549678
-2668.221274, -2732.765169
2669.545082, 2760.556999
2772.581618, -902.703904
-916.910365, 2630.801068
-851.001800, 2782.280906
-952.120015, 2717.449326
-2690.108859, -969.931273
884.380614, -832.558346
-1016.995119, 2643.806895
-874.046095, 859.688742
-2720.040569, 824.816779
-830.618023, -2709.167897
-886.580444, 2684.936743
-2736.242040, -2772.854738
2687.095630, 922.220801
2744.061536, 990.845219
-2676.751617, -2777.509177
846.006307, 2688.643546
-941.133081, -900.637360
-2754.241709, -2818.235408
-2727.360601, 2740.328760
-899.286538, -836.109037
-851.441997, -904.365693
-900.454383, 2716.033201
-842.692207, -2750.826312
2762.549391, 2704.185014
2734.198677, -2683.832830
-954.363370, -2703.853584
-876.746469, 857.381523
-2664.143185, -2799.226149
788.719531, 2656.775730
-2749.398204, 2777.939898
-973.666041, 884.139402
-2731.051978, -896.146995
-962.250755, 922.355389
-948.883321, -907.477983
-920.700638, 2669.172484
-904.135868, -2743.962454
2693.942894, -2671.314812
-2711.978974, 918.184902
-931.053444, -902.118652
-935.771685, 2725.205040
-889.216114, -2658.267879
-932.999707, -2702.270511
-892.427843, 943.294276
-2715.952744, -2686.626676
830.342535, 907.451209
-2692.399786, 2795.667425
-918.655533, -2729.109468
879.655007, -907.409638
930.404016, 950.955615
-927.078448, -2747.289279
-822.213994, -2673.978085
-2678.738752, -2745.022269
-988.283790, 2711.019858
-2688.442298, 2678.075636
-955.051195, 2676.792509
-906.144914, -2630.093078
2646.289338, 940.454141
-925.432305, -2760.601998
895.983735, 2714.740476
-924.350027, -2701.970448
2649.482551, 952.695652
914.836433, -898.186311
-989.204789, -897.335249
-2748.008657, -2757.020573
2663.309127, 2707.992913
-918.241379, -2707.948512
2690.963630, 928.917349
-971.729111, -2776.236815
908.275126, 901.387841
-921.746212, 2772.697972
-933.622639, -2809.428236
-2742.699429, 950.301558
-898.675122, 2628.848871
-2711.679244, -2783.434320
911.071022, 2697.103223
-2760.270910, -2745.835005
-910.894361, 826.711876
-2741.431424, 2663.157152
-912.505966, -2685.143481
-2714.508078, 884.294465
-2681.909426, 892.993040
-932.842750, -2764.463706
951.801864, -2638.115758
-883.603547, -2700.649878
915.230389, -893.060435
-952.186264, 2688.463384
-2767.926739, -2721.235072
-2752.666886, 2663.465641
2706.725318, -2714.700928
-861.781955, 2716.998589
2701.015211, 883.838444
-897.724006, -2765.095011
-919.153974, -936.578799
885.835392, -2608.943263
-939.866303, -2680.437925
-894.922430, 2758.377851
2653.092173, -2700.083475
-979.945283, -928.864220
-934.119542, 891.735310
-897.054286, -995.120332
2703.072762, 2771.424754
-2665.184353, -939.577433
-880.490847, -900.545440
-911.244906, 2729.400329
2777.433511, -2682.272800
-884.316074, -895.055430
-2677.872334, -2781.414105
-935.963206, -970.977988
2694.757762, 2746.942574
2658.426899, 955.898788
-2731.807757, -2768.530993
875.464956, -2697.087363
2728.148773, -889.284064
-2758.004533, -2742.311114
-2788.549017, 2697.828039
-911.424169, 908.369105
2595.691163, 2775.696875
-941.640160, 2639.518584
-925.598514, -2738.700086
2654.230856, 2762.531293
898.576828, -897.763222
-857.403485, -2735.151519
-872.090926, 903.582778
-2716.530940, -2749.946194
-2670.673456, -913.585330
-2788.695100, 2716.491920
-1017.146856, 2681.373878
-896.520897, -2724.929035
-2704.984277, 901.949282
-982.141991, 2656.537916
-2681.521113, 952.181166
-903.915941, 872.737545
-2686.715287, 911.345319
-900.124936, 933.017648
-2742.564831, -2749.151949
-2755.388740, 2759.698908
-2647.199917, 837.271046
-980.593236, 2751.867793
-2733.047086, -894.827705
-895.559625, -2752.086965
-879.940008, -2799.151757
877.527593, -832.968648
-876.584419, -2692.855574
877.833669, 2769.609663
-912.313311, -1004.819779
-899.402150, -2684.672831
869.565409, 2797.331480
-899.248723, -2753.108156
-902.094779, 921.722389
-931.496348, 949.815154
-874.632781, -2715.072591
-910.072907, -895.723933
843.804677, 2727.360192
-951.461436, -2740.273183
-934.341523, 907.001015
-2649.388474, -2819.833589
2714.841482, -2734.926812
-2798.706073, 2708.053248
-878.273847, -2656.019980
890.329981, -826.507999
882.630076, 2692.834641
-967.757272, -2717.046423
-915.613628, -2749.567657
-2752.476517, -2766.891075
879.253426, -2693.023473
-2797.958228, 2653.769528
-922.385420, 2738.984484
-949.253491, 867.436875
905.444286, -914.005130
-893.780544, -2744.686985
937.267507, -2709.765373
-906.456607, -2742.209623
-2715.313987, -960.375010
-860.959202, -847.993271
-944.038071, -2794.717716
2685.643846, 967.977339
-2672.532211, -2715.145037
-925.214048, -2690.779285
848.134176, -2606.520688
-864.369956, -2760.557268
2686.517386, -920.693003
-942.609116, 864.523059
-891.633647, -2724.837753
-961.322358, 868.010701
-2779.425915, 893.985206
-952.814279, -966.639611
-2708.577566, -2711.835435
-877.445313, -2719.190538
2719.621516, 2701.029846
2750.837470, 857.464832
-942.165516, -2662.349973
910.260254, -2731.910349
2633.262790, 2737.340405
-879.086729, -2678.392134
-919.422376, -913.839909
-2762.367738, -2760.111830
862.846215, 899.529662
-2739.170951, 2773.266990
-960.287832, -2762.760688
-2790.518397, 856.642795
-843.874325, -927.450987
-947.097228, -2678.819578
930.780693, -2677.220741
-929.210571, -2719.692514
-863.280878, -2724.760417
-955.599526, 2674.269084
-2638.717029, -2786.163991
-2795.915774, 2720.137340
2725.228451, -2669.413372
-952.722564, 2717.180308
-2724.447382, -959.688451
-929.377832, -2702.030557
2756.887952, -850.163231
914.966118, -871.176810
-878.956217, -2770.785560
902.207907, 902.429567
2696.452195, 2634.909911
-944.925785, -897.505280
-2735.904477, 2756.291609
-933.462801, -948.803281
-922.041655, 838.285259
-962.830149, 929.081987
-936.893062, -955.891572
-938.583196, 2752.582607
-2701.155962, -2749.910499
-884.444970, -2703.112481
-940.745654, 942.923662
-885.522633, -960.321111
2695.945743, 904.522616
-2655.662634, -2672.630706
-2741.882369, -2669.833675
-2751.803440, 2701.026738
-939.502876, 2686.435006
-953.465755, 887.967505
-2689.365394, -930.267513
-906.615297, -2720.338422
-2746.111922, 2683.250737
-2697.889420, -917.173167
-881.870129, -2708.244141
2699.040043, 977.126994
851.822451, 2695.281276
-901.088811, -2755.672817
-968.256953, 916.053081
-889.633924, -2778.670730
-2677.428901, -939.199087
919.606913, -2726.337913
-987.215820, -2757.740818
-2701.373070, -908.424642
-930.330520, -957.857993
-921.227725, -2740.873736
-894.941506, 938.503555
-2720.028190, -2760.366481
2702.495748, -906.326780
-2716.391302, 2679.714436
-938.583755, -2786.327435
915.967852, -862.351681
-940.759868, 833.802578
-919.122856, -2750.757814
-921.148102, -2739.578632
-901.578824, -2747.513975
2707.538748, -896.330788
-876.877218, -2657.335616
-916.421882, -2739.263114
-954.385195, 926.226729
-923.973589, -2742.856490
-947.304368, -960.265272
-2682.495599, -2657.820191
-933.852373, -931.903852
2693.858638, -2731.449794
-2766.330097, -874.944629
-2615.652452, -2774.129713
-2696.325759, 2719.705798
2728.961081, -842.525632
-2742.494730, -929.148530
-2678.220187, -836.131783
-2757.707321, -980.525776
-910.719166, -904.424876
-912.661601, 2721.360681
-2778.751109, -2807.912689
-2767.235911, 2672.271863
-2683.756363, 2674.807623
-861.210079, -2771.726851
-939.108821, 2699.371356
-903.515090, -2748.719777
-907.374507, 901.759196
-936.185898, 822.602686
-957.762798, -2788.646131
-905.083422, -895.977917
-943.955803, -2794.597902
-933.918035, -950.098803
-2723.304535, -2705.665192
-964.221684, -2755.804523
-971.649156, 2692.802620
-978.617311, 864.004508
-905.953553, -2717.365997
-900.759229, 895.337606
-2645.280614, -997.058229
-2782.397802, -2756.051501
-2742.531662, 2701.849371
-916.501285, -895.604266
966.323588, 914.806820
-2736.899028, 2707.705237
-984.994954, -944.657147
-2698.063529, -2768.785451
-929.041668, -2739.820081
-875.411675, -2738.425292
856.228779, -773.402397
-947.167959, -2678.305421
938.862661, -2694.866136
-898.000000, -869.000000
-992.629657, -930.655623
-2674.849301, -2724.912503
-916.512119, -2741.347804
-963.682856, -2728.889046
-2687.558544, 877.618995
-888.338918, -2728.037831
855.000022, 2712.794201
800.737028, 906.503510
-847.647611, -942.441366
-2728.743778, -919.588743
-881.450958, -2697.893968
-2672.161954, -2777.754061
-2764.046285, 2718.274935
-907.885865, -2752.955883
917.714947, 2698.178145
-2694.149015, 910.981780
-989.682764, -859.932610
-980.960939, 2707.728480
871.561481, 2765.188632
-2695.961454, -2759.455669
-2780.674206, 2683.353332
-985.281125, -946.511206
-874.461158, -2726.551125
-922.889782, 2723.739492
-945.539256, -2729.076326
2672.273948, 2796.176868
-2641.080728, -949.632686
-909.628090, -2788.927662
-941.015225, 899.151996
-2786.758665, -2751.863401
875.440618, 2712.809858
-2789.693099, 2764.690486
-936.264311, 2721.626637
-2742.704400, -2698.488717
968.387806, -831.939120
-931.724615, -2763.500783
-2732.820250, 910.778390
-900.250081, -2748.210584
-868.223404, 931.766528
-2685.503338, -952.446761
-883.946026, -2749.003225
2600.146941, 2752.360258
2691.342443, -2666.889011
-955.877478, -2695.756258
-1008.021078, 846.915746
-986.060892, -2733.061367
-950.915569, -953.746123
830.162526, 2726.247004
-831.735792, -2731.967593
873.010591, -908.535118
908.000697, 866.503954
-922.390684, -921.458570
-2675.830763, -2728.511111
-934.078070, -924.567099
789.168921, 2718.182549
-2696.430686, -925.454520
-2670.537880, -2749.089922
864.132640, 2726.248182
-2692.981658, -2751.888631
-2783.972521, -2717.099674
-2711.952515, 2739.280423
-967.611535, 2644.842327
918.507452, 952.778878
870.163646, 921.899245
-882.986017, -2745.317231
-2743.439514, 889.404180
854.921002, -918.496135
-914.187626, -926.196811
-2691.215310, -967.612487
-860.835046, -918.923734
2704.029343, 2725.187128
-953.618354, 2725.024439
-907.119427, -2762.862825
-889.089720, 941.769332
870.474697, -2726.339233
-940.237985, -959.868947
-2622.809611, -2748.955509
-942.019986, -872.448190
2650.043056, 887.821581
-2787.625533, -925.619921
-2703.436860, -2780.961794
-2790.984068, 2709.865599
-2744.468858, -2823.310629
-888.703677, -2716.085662
-2709.236498, 960.114433
-946.813185, -2762.164942
-2719.920526, -930.337191
999.963150, -2736.772208
-922.443040, -2787.229699
-958.686823, 2701.788937
-896.298014, -2723.219818
-2717.016892, -2736.905012
-2767.103301, 2697.076562
-922.544635, 892.305709
2661.873601, -909.212615
-2682.428993, 2659.060175
-876.598072, -2795.019901
2684.157610, 2809.741345
958.952689, 925.861709
-2704.860324, -2721.199952
915.849505, -2632.320254
-930.389047, 2650.887101
921.764672, 2739.263300
-903.648609, 2740.118430
-2689.236907, -2728.787449
922.100735, -2672.184869
-890.680343, 918.286103
-2718.399641, -2772.793742
-2747.493819, 2765.847218
-918.406788, -2737.622653
2778.605054, 2785.160366
880.807646, 2699.088507
-988.201902, -2708.720734
-891.817603, 907.367321
-2704.307069, 885.032611
-896.190454, -918.139484
-890.927429, -2735.007538
-926.682484, -2717.557908
-2741.440019, 837.861241
-874.132044, 905.266756
-865.737915, -2738.608587
824.632545, 2763.465811
-2648.574232, -2790.697000
-2744.024849, -2792.984307
-2799.124422, 2755.596807
-920.097718, -886.386338
2698.880268, -2637.088621
-951.577484, -895.399202
-881.184555, -2760.971066
2660.824060, 925.472397
-925.945905, -915.022306
-949.836791, -948.559168
-909.137156, 2725.785787
-897.511837, -2784.381964
-2641.767407, -958.732059
2707.625553, 2730.094387
-2770.548484, -2710.781125
-2755.254140, 2679.313794
-927.384830, -912.583044
-934.802438, -2766.390470
-2774.471620, 860.988202
-2735.892583, -2718.106187
-2688.983810, -2732.434380
-2779.104382, 2746.391306
-931.979432, -2693.476004
867.886122, 972.542803
-2738.356518, 2671.755213
-918.751086, -2748.859910
945.372747, -905.991792
-952.615224, -2696.450082
869.416883, 923.784173
-919.204210, 2760.094326
-915.836292, -2733.745907
-883.142715, 902.452847
2662.404110, 2724.598543
-925.608157, -905.438776
-2733.876677, -2672.945591
-917.050895, -2717.051300
982.136036, -2696.123479
931.509349, -2622.265821
-2732.674312, -2787.153234
-2725.443793, 2682.619823
2685.623236, -869.813398
-930.736091, -912.088751
-998.829160, 2716.287850
-913.690868, -923.442782
2722.840310, 926.875835
-888.846885, -874.025295
-946.700033, -2748.999586
2725.486381, 911.144083
888.216419, 924.630297
-929.663631, -934.764898
-2722.175801, -863.834794
-830.312706, -929.989301
925.271378, -2692.160093
-908.579995, 2698.457844
-2696.851634, -2746.606747
-2779.403448, 2673.919820
866.443393, -885.179760
-947.501738, -862.032861
-891.252075, 2728.768700
-926.845480, -2724.615645
-2741.637851, 2717.963728
2708.417487, 2744.963767
-941.569007, -2744.505686
-2733.709374, 882.347025
874.988473, 895.346472
-873.383696, -895.272597
-985.111897, 2682.770049
-2696.928338, -2800.733083
2724.193886, 929.390985
-2792.506173, 2662.550022
-934.507643, -2746.113010
-2604.862216, -2773.442694
952.588299, -930.652176
-904.407155, -2716.601859
-930.694296, 883.053046
-884.698940, -2753.561485
2646.098711, 2726.347641
-2719.355150, 934.070724
-957.698596, -931.201947
-2708.138790, -2734.089576
-862.364186, -935.420945
-46.441524, -20.808585
-7.319371, -2.500733
-3.153239, -22.609198
27.636520, 29.060933
24.265006, 50.716978
-26.973883, -35.455583
70.578468, -22.966547
30.089244, -3.720405
50.970451, -30.409907
-7.213107, 2.251010
-14.064260, -35.314133
78.353726, -41.880520
-27.604019, -21.145399
-79.813718, -4.544789
-10.817203, -30.837731
20.198865, 47.610140
-26.173484, -23.810511
-31.904552, 35.760830
-32.169262, -6.403641
26.275444, -46.101975
-13.539996, -22.900460
-8.761788, -14.311137
17.417469, 98.116840
-27.654550, 10.776321
-8.644473, 25.288985
-5.380575, 25.383846
-8.517903, 7.648618
-17.986060, 21.115685
-48.261138, 41.705924
-17.849159, 3.489081
18.246433, 26.961829
-20.896508, -15.816879
29.520007, -13.108991
3.026318, 22.602635
-54.010517, -48.266977
-22.445600, 68.002525
-5.898814, 45.310522
-2.850399, -28.265705
44.407857, 75.827994
-25.760457, 20.788460
30.464203, -36.502553
-17.606080, 31.057274
-36.678233, 16.339421
0.813459, -8.492197
8.031364, 34.928851
-2.025258, -61.070049
25.283694, 27.597856
-26.513563, -28.272077
-33.686431, -49.964486
-33.173037, 12.683016
-69.001341, -51.461574
43.881682, -66.762164
17.783021, 20.333581
5.060574, -47.099566
-9.872205, 16.129623
-46.175214, 41.154035
-104.320036, 6.364949
-10.648056, 38.684435
6.659809, 11.008914
-54.167164, 26.290570
33.989893, 33.814591
-61.031512, 28.077959
-49.292474, 22.177427
4.117422, -31.442622
-12.050609, 5.747464
-32.624906, 10.677615
-34.538939, 13.742808
8.744666, -39.202854
57.560794, 18.271530
54.675409, -34.844584
16.676538, -6.002311
17.050896, -40.714683
7.199764, 0.191847
18.974057, -9.121527
10.943067, 12.144336
-22.097373, 11.777054
-52.637690, 11.923448
-6.865990, -1.321883
7.912716, 32.032876
-20.874322, 20.699503
21.841180, 11.164610
-27.882716, -35.093344
-36.303495, 14.220078
46.716627, 27.864151
-36.042135, -29.150092
26.630645, 24.250702
-18.791648, 15.420753
-1.249183, 15.290380
-19.704073, 15.258329
-84.888074, -40.465294
-5.800500, -34.895217
22.847011, 34.804361
-2.077170, 0.727007
-63.556436, -44.634336
31.528701, 84.561667
-19.632261, 32.453533
0.628293, -35.882315
9.149842, 18.250613
-6.479409, -6.805197
18.638340, 57.385953
56.589358, 18.550118
45.646134, 5.251907
44.986389, 54.337872
-64.391277, -15.514970
-19.307202, -27.916833
-17.377513, 5.157981
14.951130, -50.168521
14.862105, 59.528918
-18.091559, -10.518757
-12.570804, -31.516238
-25.106521, 42.035443
-11.607902, -37.258354
-34.841406, 7.722517
-2.635880, 14.434869
-10.525266, -57.428128
-28.002578, 35.304886
-20.463114, 16.967550
-6.409647, 78.332349
-0.075633, 9.283703
0.783046, 50.189257
-50.324178, 2.292351
-32.779182, 11.881031
-35.320129, 28.707316
11.877792, -5.073921
5.439350, 0.664656
-17.354475, -23.931644
28.611414, -22.469183
-22.880007, -89.771286
-20.720413, -13.115003
-8.982688, -52.519014
2.232743, 13.315486
-15.156371, 8.592950
-4.757031, -4.264356
-60.410429, 12.860371
16.467982, -36.383549
-17.061508, -9.711383
-27.954030, -6.718222
-67.941544, -24.242935
-17.548100, -1.055367
-18.518346, -11.321597
53.699043, 12.370489
-12.227447, 24.945380
-12.516123, -11.419636
-1.938464, -8.801112
30.965003, -15.735133
9.476009, 13.095672
8.292852, 22.862777
7.917199, 26.624641
-55.571507, 34.217273
16.549909, -56.961616
16.670407, 19.893447
-4.213160, -17.230270
-7.448534, 14.769896
-30.210243, -36.380803
-64.326318, 36.585325
21.040243, 3.522309
17.313002, 50.232396
-10.345803, -10.218259
17.911645, -29.537471
-7.105556, -50.934268
-24.486689, -12.511719
-43.095352, 24.475906
8.294206, -12.326288
49.862899, -1.101154
-4.769169, -0.234496
-3.531387, -19.880804
-60.572088, 25.617421
24.085287, 43.251509
9.463953, -30.449311
-22.362678, -41.042657
0.069186, 26.579986
49.743444, -35.872102
2.093824, -5.995503
-16.151540, -20.459328
13.807810, 58.587218
28.705498, 7.452155
13.057235, 35.699330
3.764088, -48.483861
-36.372754, -0.917248
-26.017408, 10.236871
-19.297468, -5.692852
-34.477307, -8.487124
-7.412965, -13.730515
20.056042, -39.461431
38.785016, 29.850227
-7.858122, -20.362743
-8.201919, -10.839878
23.394648, 1.087859
12.327215, 16.116692
-0.875971, 0.966798
-15.391498, 0.770054
25.560233, 19.783133
-3.474006, -56.491217
-22.668972, 15.175883
-50.939257, -65.534546
34.920199, -3.902602
-1.310426, -28.929980
-11.651044, -51.626677
-21.199008, 26.251080
-59.010621, 7.579605
43.675720, 9.985799
4.759604, 30.374276
7.179711, 7.122835
-9.226643, -30.146614
26.133480, -15.759494
32.924834, -25.267721
9.002982, 35.036636
17.804079, 6.694070
-34.910792, 7.971348
2.234242, -2.516691
-38.383552, -42.901621
-14.641217, -2.537788
37.303200, -7.611026
12.870803, -6.937535
15.838713, -43.087533
17.708086, -25.363098
5.184490, -29.631518
-22.461511, -1.274114
23.139949, -30.510008
32.014490, 1.396115
7.620547, 14.075208
-27.184610, -5.599517
17.629671, 20.285412
13.709129, -14.791662
-5.413866, 11.191887
67.038217, -18.381781
14.697771, 19.362981
12.022430, 35.420989
22.034380, -21.914121
-1.841491, 37.089044
10.650039, 33.011512
16.120839, -2.012900
8.366532, -52.580574
-39.591159, 31.847251
-3.290683, 45.939751
-15.654383, -11.368658
7.990803, -8.274821
-12.696265, 14.033639
2.834635, 16.197617
-52.100046, -40.317080
-55.051024, 28.407752
35.096242, 48.538556
15.547115, -23.727651
33.652776, -1.831751
0.929805, -67.028115
-34.638365, 26.512099
-48.823933, -11.719739
-32.937051, -29.450316
33.755099, 60.979406
-6.466984, -53.975974
-33.738474, -16.494116
-44.905200, 5.672013
-45.910502, 45.088280
-11.757960, 2.680779
40.570900, 17.729021
-33.525394, -30.726652
11.026682, -33.237504
-2.277877, -21.770271
-11.762719, -12.593426
0.764267, 30.085587
-7.062800, -21.150883
43.971047, -57.687028
-22.704953, 56.720391
-33.212397, 0.910174
-39.552380, -37.173361
5.423716, -29.143752
32.245459, -12.345696
1.200346, -9.241528
-28.041845, 39.937546
10.876398, -13.562534
-12.337777, 28.954957
-34.300790, 22.747113
-2.886740, -24.053811
-44.381413, 18.995700
-39.990400, -13.009396
13.085479, 19.023974
-1.087826, -20.307468
60.996435, -61.849668
-33.494566, -66.759336
-31.871621, -25.184829
17.289570, -15.998179
-20.535811, -38.006903
-4.473112, -20.393846
-2.927090, -2.598452
45.461839, 63.479882
-33.562029, 32.108522
-12.523200, -36.009001
-19.078767, -23.596022
-39.344012, 36.123953
-13.216349, -22.798823
11.273496, 23.733519
89.572905, 5.973613
-25.365861, -17.441142
16.682336, 41.100533
-24.784840, 53.640989
-45.886900, 30.518575
17.089762, 48.164820
45.582681, 17.130242
13.296792, -1.379213
38.938947, 0.530055
28.227810, -5.519299
64.764457, -11.317092
30.641527, -13.377215
-30.002996, 14.050866
32.901975, -54.141565
1.998844, 17.345625
3.955388, 20.887585
-36.767543, -23.364322
-18.644048, -4.553137
-14.042157, 15.325315
53.820306, -14.560647
-19.553673, -22.394332
-28.246217, 34.170299
-22.162345, 2.777509
-3.310567, 44.376144
40.619536, -33.722474
-15.120450, 2.876877
20.062602, -3.066542
13.134527, 2.443993
-38.163425, 1.701416
13.258045, -33.374561
-18.077336, -8.263039
-5.988746, -26.829582
35.032733, 19.857529
-3.083028, -24.676869
-12.181289, -25.204935
-86.646074, -76.364374
-23.139251, 23.759700
66.677512, -39.737471
3.818340, 0.740980
12.751772, 45.321801
30.622895, 2.292790
32.453130, 19.936795
16.673553, -3.800255
-1.587118, 29.267508
10.821954, -3.719104
9.924454, -6.943832
-14.131013, -19.696824
-52.833179, 9.973622
-7.934163, -34.194939
-36.480593, -12.509142
-25.260238, 10.805824
38.115985, -0.263337
64.985706, -12.327067
-2.119908, -6.368065
-26.565665, -67.861888
-47.161243, 20.688395
-25.032275, -64.059391
24.945553, -3.919199
-5.849855, 43.290854
32.238525, -2.263586
9.560214, -45.377127
28.461343, -9.955306
34.015675, 45.774791
0.214269, 11.428703
-29.986029, -65.566938
12.776947, -22.399226
-22.686869, 41.394010
-0.870217, 10.428739
-55.452284, 20.140002
-26.863561, -10.810847
-22.142682, -1.125156
-16.985938, 34.155347
-20.797291, 18.047350
-11.082508, 37.543483
74.886948, -30.574585
-9.019317, 16.469348
18.428460, 14.507727
75.765892, 31.608919
-46.902435, -10.540794
-38.506011, 9.099475
-39.361278, -18.298521
12.032046, 11.384952
17.370588, 11.422629
30.623008, -5.989265
-14.194423, -15.667967
-0.002332, 13.076260
29.623854, 3.016858
13.779941, -21.505990
-1.934599, -39.341159
34.000962, -0.350673
13.523602, -4.171076
-3.547116, 2.967567
24.559707, 29.815547
13.334840, 21.802943
-0.967155, -47.530889
17.687134, 16.790200
-4.218393, -0.346658
22.184773, -11.260583
-26.205614, -5.982075
-13.247417, 18.285343
15.161978, -26.800102
-22.493307, -9.123558
38.682794, 4.630431
1.914169, -54.924936
-14.100812, 14.854109
-15.773078, 3.773217
13.200746, -3.094444
11.609900, -22.487477
-30.458581, 30.667858
-6.787854, 13.856530
20.436193, 13.923157
-9.223616, -10.181603
12.919530, 33.538049
-49.159393, -79.656373
-16.235336, -2.422152
-27.114546, 68.096124
-17.087476, 10.341306
-11.948579, 26.778248
5.493050, -27.921277
-4.358406, 45.575605
41.518455, 15.074014
4.141395, 33.045724
-11.275628, -2.923081
14.548266, 12.914993
19.259321, -31.015452
-7.665271, -25.416260
1.423264, 7.476429
29.503106, -13.454583
-56.005055, -11.533810
-1.932784, 36.675921
1.642803, -20.471746
38.908882, -6.468805
-0.912467, 46.294772
17.097064, -6.310606
-3.940242, 2.573533
16.343644, -40.454235
81.519506, -21.874507
1.371314, 46.577762
3.218594, 30.811107
23.717847, 43.696050
-20.435687, 6.025029
-11.218584, -8.204703
-55.376319, 10.494339
6.072957, 10.469096
-3.682379, 64.520074
-8.603688, 24.989887
-9.370987, -22.383639
-1.442586, 22.323805
4.479491, 20.012761
11.512499, 1.426191
25.497470, -28.824217
-3.005502, 38.623993
20.839134, 33.315667
1.361298, 12.892677
20.838886, -35.717026
4.482452, 17.370524
-8.244859, -58.719525
13.195837, 46.468693
-8.207457, 8.265772
22.165385, 52.076566
-31.978078, -18.620940
9.381618, -13.987533
-30.883030, -1.960688
43.785239, 15.402292
-60.519928, 2.924028
-41.485850, 13.984066
-22.324130, 46.233560
-41.775205, -8.923463
-12.612444, 11.834426
35.769043, 2.248356
-2.682361, -6.712350
-37.311941, 50.098462
26.094654, -13.365944
-23.543982, -21.261237
-21.565898, -1.706211
-29.176545, -24.540271
-0.534985, -0.447506
-29.602965, -24.212704
-57.267241, -27.377480
-43.690053, 14.650345
-22.704715, 52.960780
-17.587894, 21.945892
-11.999643, 25.338881
-27.513867, 6.374951
2.444269, 14.828568
10.716622, 1.708229
-3.761310, -7.385574
8.862849, -3.640976
18.639714, 25.313753
-33.290529, -26.994184
-27.123923, 14.231243
-17.875590, 9.454587
9.959182, -32.701873
-16.308706, 12.478032
-61.408354, -8.156303
-44.190848, -10.013365
23.153609, -22.243716
-25.909494, -30.567828
-39.954773, -37.584493
-0.873406, 3.232364
-41.838601, 37.141388
30.165346, 7.074935
-66.419464, -26.869060
20.014942, -52.243932
-24.558243, 14.039463
13.713933, -27.044704
-22.195489, 0.450523
34.313266, 73.617306
5.750746, 3.542457
-10.810389, 41.050488
18.314387, -31.966354
-44.880952, -31.793800
39.085166, -30.744921
-41.972509, 14.329977
13.378727, -3.523336
-26.218524, -5.562727
40.675763, 26.233876
1.381599, 28.785122
-46.975739, -28.308357
-8.951519, -13.017464
-25.690693, -42.370044
-0.980693, 27.655075
5.499269, 25.502690
5.837232, 14.110232
23.862508, 15.420267
-13.888502, 23.207557
-22.382970, -29.161449
29.378534, 9.056127
7.471120, -16.309500
-28.738253, -35.173776
33.164000, -52.977689
20.218435, -0.859890
-3.083282, -12.248906
-35.640408, -5.647859
2.774295, -33.622389
-29.279749, 20.397984
70.267242, -13.600150
41.672292, -39.925190
-48.182793, 2.450914
5.112369, 17.373324
-20.060133, 47.719328
-15.766392, -29.276999
-20.043728, 14.355423
13.154685, -5.935688
14.846371, 1.504175
-5.749532, 2.594819
-10.212079, -41.822823
16.099848, -16.511486
-5.411124, -12.220770
-14.092582, -7.171099
-26.024792, 64.585049
15.714041, 30.076434
-60.714890, 17.107593
-20.205058, 8.779363
12.253671, 47.477940
-31.973353, 11.773659
44.637269, -40.350484
4.265881, 34.382154
32.456682, 19.891871
-35.621264, -15.096759
17.199805, -1.174133
-40.978302, 27.462706
8.033904, -20.453149
26.758911, 17.623027
-8.775328, 22.963158
-27.491654, -25.293630
64.539779, 24.870373
19.831509, 20.186713
49.525642, 9.118398
22.226654, 2.041169
16.932151, 20.848015
-40.287226, 7.258411
-31.453063, -13.095441
27.772813, 88.646352
-3.832855, -7.676946
-5.044928, -6.631008
30.097962, -3.267587
-19.310454, 31.519852
-1.239160, 35.064205
-42.519283, 36.542479
-13.219158, -45.095736
-19.676438, -2.611205
-3.688559, -13.276423
23.175583, 14.647636
11.604023, 24.066092
-37.820507, 10.070768
40.699899, -8.859730
57.312624, -62.417546
-23.031246, -22.015426
-21.839158, 43.062081
17.444301, 28.463020
21.566074, -8.004637
20.675530, 19.096518
-21.531724, 6.338403
8.659236, -5.269893
-18.123021, -27.189082
70.077099, -11.837281
10.246006, -9.833207
12.383438, 26.962868
-2.836108, 73.660536
13.370067, 18.948600
-19.389055, 41.404804
10.753711, 13.127311
28.784456, -18.130308
-16.794670, 30.859660
43.632834, 11.034916
63.363360, 15.906124
-4.241118, -6.389217
-47.023838, 39.169460
-22.070917, 16.238583
4.509181, -21.217352
6.643327, 1.738925
-20.813088, 68.192862
38.863602, 5.967011
-50.048444, 27.278562
-25.646166, -30.057997
-18.361232, 2.892956
11.086508, -20.140836
18.596569, -25.397402
-8.789460, -7.203159
-18.466398, -3.479424
-19.902796, -9.488496
20.170333, -32.674915
-59.028909, 23.120055
10.528708, -21.665281
2.655702, 16.724634
-5.929642, -37.234055
-31.737247, -15.801732
-6.922491, 24.125728
11.583725, 41.796816
-37.854223, -30.326208
-5.054791, 17.001622
10.778956, 16.850578
11.380990, -9.599676
37.146514, 21.716676
8.480907, 4.674810
24.071915, 48.623402
-15.657465, 45.165495
16.776820, -4.359276
-11.668733, -30.465862
6.793345, 15.112821
7.041129, -20.802645
10.436707, 18.665585
92.255919, 5.892356
-20.904131, 57.925769
40.544308, -7.772137
-5.479178, -27.309893
9.814834, 36.348715
-27.234400, -10.829175
-18.226832, -24.418721
-5.736501, -43.469706
-13.744761, -0.365839
-68.944100, 12.123094
-13.533262, 20.108520
40.412619, -7.097028
37.872889, -6.710196
-39.190806, -0.643826
-36.674187, 45.095809
-1.160164, -23.368477
10.964332, 34.646301
-15.691615, -15.815238
-7.811878, -4.665406
-30.282639, 8.142869
33.194082, -1.790145
-29.916893, 5.380477
23.167751, 31.552543
-14.600562, 23.059334
-9.303522, -37.821146
-52.554608, 2.195051
-3.589899, -29.321743
7.039581, 23.620049
47.638402, 11.794911
8.255626, 7.401481
15.896752, -35.685006
-4.455743, 0.484066
51.764565, 46.332923
18.416090, 15.664589
-4.041698, -28.366447
-16.209921, 2.097555
15.189721, 5.118125
59.778918, 8.916302
37.057606, -55.811299
-8.540674, 28.898138
13.132770, -21.527986
3.843818, 23.147941
-26.024121, 23.795719
0.791323, 9.577556
2.030238, -30.791368
0.572685, 54.523459
-6.439754, -2.664061
46.961820, 14.938061
-22.678542, 24.973423
47.331420, 47.479721
44.935340, 29.908815
82.720791, 44.440832
-51.490686, 47.841257
-39.781215, 12.348301
-18.115559, -40.072749
-24.341207, 60.076028
61.112791, 20.599091
-4.237293, 23.336561
58.233125, 62.980123
-65.228818, 28.711923
35.839044, -50.806256
-42.305826, -26.939912
22.423555, 4.476719
-22.063302, 6.850378
8.818836, -89.645605
4.823061, 8.024298
3.541764, -4.253126
-17.897775, 33.213313
37.330785, 11.155797
-15.287394, 61.971288
30.150020, -62.911516
9.772541, 70.837480
-32.257341, -35.931075
-31.423927, -48.386230
-20.963961, -11.389734
40.303492, 1.054381
14.133499, 18.808467
-35.446831, 49.139927
41.830377, -43.595916
2.749573, -39.287696
-14.862968, -47.359802
41.404323, 23.239506
52.760878, 24.102132
15.745385, -15.208063
13.413920, 4.657234
8.181512, -16.334341
4.584490, 0.903930
-1.085472, -37.505819
7.322867, 14.821754
24.714589, 2.258323
-25.964644, 30.687219
-15.235545, -10.360022
20.364920, -19.983058
10.076977, 46.523181
32.940303, 45.635729
26.496866, -37.837811
12.392240, 41.267912
49.161982, -4.798748
-2.605476, -45.178651
5.531918, -10.331512
26.274369, -29.403285
32.928783, -9.324318
-19.076280, -35.102566
-53.136271, -11.828791
1.652476, -20.779641
-38.300740, -23.423585
-1.198222, 26.276305
14.637692, -31.316665
-15.377063, -5.672070
-15.028057, 11.065893
13.749475, -1.014674
-49.679984, -13.031619
-38.997846, -55.751655
13.162088, -13.919525
58.173101, 11.301861
-17.122799, 3.348925
-3.505093, -4.430557
22.574601, -77.384237
16.321850, 14.120549
3.900871, -9.982132
7.681668, -19.215768
52.527752, 2.933192
72.983797, -1.324107
-48.926376, 50.553120
-29.438130, 20.607819
-29.468813, -36.100870
-16.500890, -43.201307
-20.487459, -3.109058
-31.818404, -7.626809
24.755649, -41.283653
23.514265, -1.876261
-3.098415, 47.266706
26.376312, 6.630688
23.011175, 45.581885
-52.372243, -38.161250
-21.505374, 10.938915
-4.085647, -2.912976
1.212300, -1.593869
-34.421246, -17.906275
36.931761, -2.717728
10.364597, 11.686985
31.690328, 19.061680
-20.113220, -18.564749
-11.728196, -5.503623
18.070937, -60.115433
-9.402090, 24.290876
-14.540331, 75.117751
24.984101, 23.637991
19.195399, -24.297730
87.129325, 17.958586
-8.645513, -17.035285
0.318866, -18.534017
50.789686, -14.024107
10.436478, -4.704474
-7.479492, 4.887371
32.246393, -15.169547
23.566723, 3.708879
-20.336232, 2.278751
11.881015, -23.856369
-8.849103, 21.400609
-6.529312, -31.828866
12.078027, -18.233948
-13.311274, 8.246270
12.296446, 33.984708
17.751760, -40.562145
-6.535318, 3.707833
42.114686, 10.396130
50.172612, -10.776082
3.396169, 8.662621
-1.181550, 2.359081
19.584232, 23.805676
-17.851024, 5.503403
10.723230, 58.265703
-20.568348, 14.687322
11.437723, 20.268628
-6.978654, 32.939178
8.775142, 1.807652
-22.543976, 6.746273
45.337236, 11.490885
-3.805865, -48.066498
44.350003, 2.076057
1.614346, -40.844739
70.278951, -6.264155
-36.443175, 33.731686
-22.150027, -1.763767
-40.789495, 18.110380
