4096,
16,
1,
0, 0
0, 0
0, 0
0, 0
0, 0
0, 0
0, 0
0, 0
0, 0
0, 0
0, 0
0, 0
0, 0
0, 0
0, 0
0, 0
0, 0
0, 0
0, 0
0, 0
0, 0
0, 0
0, 0
0, 0
0, 0
0, 0
0, 0
0, 0
0, 0
0, 0
0, 0
0, 0
0, 0
0, 0
0, 0
0, 0
0, 0
0, 0
0, 0
0, 0
0, 0
0, 0
0, 0
0, 0
0, 0
0, 0
0, 0
0, 0
0, 0
0, 0
0, 0
0, 0
0, 0
0, 0
0, 0
0, 0
0, 0
0, 0
0, 0
0, 0
0, 0
0, 0
0, 0
0, 0
0, 0
0, 0
0, 0
0, 0
0, 0
0, 0
0, 0
0, 0
0, 0
0, 0
0, 0
0, 0
0, 0
0, 0
0, 0
0, 0
0, 0
0, 0
0, 0
0, 0
0, 0
0, 0
0, 0
0, 0
0, 0
0, 0
0, 0
0, 0
0, 0
0, 0
0, 0
0, 0
0, 0
0, 0
0, 0
0, 0
0, 0
0, 0
0, 0
0, 0
0, 0
0, 0
0, 0
0, 0
0, 0
0, 0
0, 0
0, 0
0, 0
0, 0
0, 0
0, 0
0, 0
0, 0
0, 0
0, 0
0, 0
0, 0
0, 0
0, 0
0, 0
0, 0
0, 0
0, 0
0, 0
0, 0
0, 0
0, 0
0, 0
0, 0
0, 0
0, 0
0, 0
0, 0
0, 0
0, 0
0, 0
0, 0
0, 0
0, 0
0, 0
0, 0
0, 0
0, 0
0, 0
0, 0
0, 0
0, 0
0, 0
0, 0
0, 0
0, 0
0, 0
0, 0
0, 0
0, 0
0, 0
0, 0
0, 0
0, 0
0, 0
0, 0
0, 0
0, 0
0, 0
0, 0
0, 0
0, 0
0, 0
0, 0
0, 0
0, 0
0, 0
0, 0
0, 0
0, 0
0, 0
0, 0
0, 0
0, 0
0, 0
0, 0
0, 0
0, 0
0, 0
0, 0
0, 0
0, 0
0, 0
0, 0
0, 0
0, 0
0, 0
0, 0
0, 0
0, 0
0, 0
0, 0
0, 0
0, 0
0, 0
0, 0
0, 0
0, 0
0, 0
0, 0
0, 0
0, 0
0, 0
0, 0
0, 0
0, 0
0, 0
0, 0
0, 0
0, 0
0, 0
0, 0
0, 0
0, 0
0, 0
0, 0
0, 0
0, 0
0, 0
0, 0
0, 0
0, 0
0, 0
0, 0
0, 0
0, 0
0, 0
0, 0
0, 0
0, 0
0, 0
0, 0
0, 0
0, 0
0, 0
0, 0
0, 0
0, 0
0, 0
0, 0
0, 0
0, 0
0, 0
0, 0
0, 0
0, 0
0, 0
0, 0
0, 0
0, 0
0, 0
0, 0
0, 0
0, 0
0, 0
0, 0
0, 0
0, 0
0, 0
0, 0
0, 0
0, 0
0, 0
0, 0
0, 0
0, 0
0, 0
0, 0
0, 0
0, 0
0, 0
0, 0
0, 0
0, 0
0, 0
0, 0
0, 0
0, 0
0, 0
0, 0
0, 0
0, 0
0, 0
0, 0
0, 0
0, 0
0, 0
0, 0
0, 0
0, 0
0, 0
0, 0
0, 0
0, 0
0, 0
0, 0
0, 0
0, 0
0, 0
0, 0
0, 0
0, 0
0, 0
0, 0
0, 0
0, 0
0, 0
0, 0
0, 0
0, 0
0, 0
0, 0
0, 0
0, 0
0, 0
0, 0
0, 0
0, 0
0, 0
0, 0
0, 0
0, 0
0, 0
0, 0
0, 0
0, 0
0, 0
0, 0
0, 0
0, 0
0, 0
0, 0
0, 0
0, 0
0, 0
0, 0
0, 0
0, 0
0, 0
0, 0
0, 0
0, 0
0, 0
0, 0
0, 0
0, 0
0, 0
0, 0
0, 0
0, 0
0, 0
0, 0
0, 0
0, 0
0, 0
0, 0
0, 0
0, 0
0, 0
0, 0
0, 0
0, 0
0, 0
0, 0
0, 0
0, 0
0, 0
0, 0
0, 0
0, 0
0, 0
0, 0
0, 0
0, 0
0, 0
0, 0
0, 0
0, 0
0, 0
0, 0
0, 0
0, 0
0, 0
0, 0
0, 0
0, 0
0, 0
0, 0
0, 0
0, 0
0, 0
0, 0
0, 0
0, 0
0, 0
0, 0
0, 0
0, 0
0, 0
0, 0
0, 0
0, 0
0, 0
0, 0
0, 0
0, 0
0, 0
0, 0
0, 0
0, 0
0, 0
0, 0
0, 0
0, 0
0, 0
0, 0
0, 0
0, 0
0, 0
0, 0
0, 0
0, 0
0, 0
0, 0
0, 0
0, 0
0, 0
0, 0
0, 0
0, 0
0, 0
0, 0
0, 0
0, 0
0, 0
0, 0
0, 0
0, 0
0, 0
0, 0
0, 0
0, 0
0, 0
0, 0
0, 0
0, 0
0, 0
0, 0
0, 0
0, 0
0, 0
0, 0
0, 0
0, 0
0, 0
0, 0
0, 0
0, 0
0, 0
0, 0
0, 0
0, 0
0, 0
0, 0
0, 0
0, 0
0, 0
0, 0
0, 0
0, 0
0, 0
0, 0
0, 0
0, 0
0, 0
0, 0
0, 0
0, 0
0, 0
0, 0
0, 0
0, 0
0, 0
0, 0
0, 0
0, 0
0, 0
0, 0
0, 0
0, 0
0, 0
0, 0
0, 0
0, 0
0, 0
0, 0
0, 0
0, 0
0, 0
0, 0
0, 0
0, 0
0, 0
0, 0
0, 0
0, 0
0, 0
0, 0
0, 0
0, 0
0, 0
0, 0
0, 0
0, 0
0, 0
0, 0
0, 0
0, 0
0, 0
0, 0
0, 0
0, 0
0, 0
0, 0
0, 0
0, 0
0, 0
0, 0
0, 0
0, 0
0, 0
0, 0
0, 0
0, 0
0, 0
0, 0
0, 0
0, 0
0, 0
0, 0
0, 0
0, 0
0, 0
0, 0
0, 0
0, 0
0, 0
0, 0
0, 0
0, 0
0, 0
0, 0
0, 0
0, 0
0, 0
0, 0
0, 0
0, 0
0, 0
0, 0
0, 0
0, 0
0, 0
0, 0
0, 0
0, 0
0, 0
0, 0
0, 0
0, 0
0, 0
0, 0
0, 0
0, 0
0, 0
0, 0
0, 0
0, 0
0, 0
0, 0
0, 0
0, 0
0, 0
0, 0
0, 0
0, 0
0, 0
0, 0
0, 0
0, 0
0, 0
0, 0
0, 0
0, 0
0, 0
0, 0
0, 0
0, 0
0, 0
0, 0
0, 0
0, 0
0, 0
0, 0
0, 0
0, 0
0, 0
0, 0
0, 0
0, 0
0, 0
0, 0
0, 0
0, 0
0, 0
0, 0
0, 0
0, 0
0, 0
0, 0
0, 0
0, 0
0, 0
0, 0
0, 0
0, 0
0, 0
0, 0
0, 0
0, 0
0, 0
0, 0
0, 0
0, 0
0, 0
0, 0
0, 0
0, 0
0, 0
0, 0
0, 0
0, 0
0, 0
0, 0
0, 0
0, 0
0, 0
0, 0
0, 0
0, 0
0, 0
0, 0
0, 0
0, 0
0, 0
0, 0
0, 0
0, 0
0, 0
0, 0
0, 0
0, 0
0, 0
0, 0
0, 0
0, 0
0, 0
0, 0
0, 0
0, 0
0, 0
0, 0
0, 0
0, 0
0, 0
0, 0
0, 0
0, 0
0, 0
0, 0
0, 0
0, 0
0, 0
0, 0
0, 0
0, 0
0, 0
0, 0
0, 0
0, 0
0, 0
0, 0
0, 0
0, 0
0, 0
0, 0
0, 0
0, 0
0, 0
0, 0
0, 0
0, 0
0, 0
0, 0
0, 0
0, 0
0, 0
0, 0
0, 0
0, 0
0, 0
0, 0
0, 0
0, 0
0, 0
0, 0
0, 0
0, 0
0, 0
0, 0
0, 0
0, 0
0, 0
0, 0
0, 0
0, 0
0, 0
0, 0
0, 0
0, 0
0, 0
0, 0
0, 0
0, 0
0, 0
0, 0
0, 0
0, 0
0, 0
0, 0
0, 0
0, 0
0, 0
0, 0
0, 0
0, 0
0, 0
0, 0
0, 0
0, 0
0, 0
0, 0
0, 0
0, 0
0, 0
0, 0
0, 0
0, 0
0, 0
0, 0
0, 0
0, 0
0, 0
0, 0
0, 0
0, 0
0, 0
0, 0
0, 0
0, 0
0, 0
0, 0
0, 0
0, 0
0, 0
0, 0
0, 0
0, 0
0, 0
0, 0
0, 0
0, 0
0, 0
0, 0
0, 0
0, 0
0, 0
0, 0
0, 0
0, 0
0, 0
0, 0
0, 0
0, 0
0, 0
0, 0
0, 0
0, 0
0, 0
0, 0
0, 0
0, 0
0, 0
0, 0
0, 0
0, 0
0, 0
0, 0
0, 0
622, 656
-0.891669, 1.035924
-0.930199, 3.018742
-1.106931, -2.997828
679, -1909
3.041560, 2.957382
-0.934396, -2.952673
-1.095185, 0.992497
-1896, -1996
-3.019989, -2.978432
-2.919028, 2.959455
-1.014427, 2.842859
644, -1901
-0.840364, -2.950938
-1.092288, 3.021035
-3.063298, 0.967346
1948, -1916
-1.051016, 0.957944
-0.931623, 1.066411
-2.932341, -3.008636
-1923, 625
-3.052069, 3.070641
-0.940960, 2.954761
-2.992115, -0.998574
-636, 1901
-1.107800, -3.031224
1.051331, -0.996971
-0.999696, -3.025204
1907, 1931
1.039684, 2.951057
-1.087495, -2.947211
0.945463, 2.940960
582, -620
-0.945816, -3.299146
-1.198450, 1.015299
-0.910396, -3.192645
617, -624
-0.985553, -1.036643
-1.107035, -3.098006
-1.130515, 0.992884
-1870, -1915
-3.054529, -2.989654
-3.047635, 3.129493
-1.012329, -3.104981
656, -617
0.845029, -0.961827
-1.090481, -3.033569
-1.161665, -3.007962
645, -629
-3.091846, -3.100596
-2.984430, 3.129196
-1.075539, 2.914943
-653, -637
-0.991378, 1.049096
-0.956178, -2.895292
1.042028, -2.825769
597, 1874
-1.086678, -3.031214
-0.984764, -1.074800
-1.113248, -3.059747
-1944, -1936
2.909072, 1.025989
-1.070861, -3.007959
0.891527, -3.003420
-544, -1871
-1.192814, -3.160192
-0.987546, 1.067834
-1.050146, -3.120214
559, -1895
-1.054937, 0.950562
-0.953182, -1.216301
-2.989567, -3.204000
583, 1930
-1.051256, -3.009397
2.974172, 1.012541
-1.002132, -2.960224
654, -637
0.994600, -2.880081
-1.061682, -2.911053
-0.973166, -1.064401
1927, -1829
-3.130153, -3.028805
-2.961864, 3.002576
-1.159186, -3.007539
-1938, 1854
-3.054230, 1.013360
-1.008628, -3.120067
0.985164, -2.987442
614, 633
-0.980067, -3.053156
-1.024479, 3.040922
-3.118032, -3.118043
663, -1837
-3.028514, 3.160884
-1.045213, 3.150290
-3.140749, -0.995904
1927, -1929
-0.982486, -3.096517
0.993580, -0.983126
-0.979090, -3.029503
569, 1885
1.037655, 0.959293
-1.088217, -1.022523
-3.001662, 3.167311
1856, -579
-1.099572, -1.135420
-1.072247, 1.026846
-1.124707, -0.872659
-607, -1959
-0.885923, 2.922480
-1.045811, -2.804092
-0.958373, 0.959997
1951, -1897
-1.045297, -0.987203
-3.007018, -3.005888
-3.011896, -2.943086
-1905, -1977
-3.073348, 3.004999
-1.075498, 0.994913
-2.976461, -0.974983
1883, -703
-0.929390, -3.054439
-2.982553, -1.181059
-0.821382, -3.120488
-1891, 1850
3.061574, 1.000282
-1.021626, -3.003346
-1.075037, 1.023563
-761, 1838
-1.165421, -3.024882
0.773039, -3.102947
-1.163732, -3.032201
-1922, 1834
-3.011885, -0.877129
-1.080112, -3.040112
-1.064263, 1.021307
-1906, 559
-3.192930, -2.964675
-2.961031, 3.210879
-1.134993, -3.136687
660, 620
2.942278, 1.137578
-0.999375, -1.095248
-2.844818, -1.117211
1892, -644
-3.016726, -3.065970
-3.132077, 2.879198
-0.952513, -3.109754
-605, 627
3.031450, 1.076209
-0.946134, -3.169524
1.139118, -3.062701
602, -666
-0.973685, -1.059301
-1.138350, 3.001734
-0.802656, -2.994030
-1977, 1891
-0.859743, 0.975094
-0.970001, -0.995844
-2.982116, -2.809453
-622, -624
-0.994880, -3.070091
1.036451, -3.011372
-1.006233, -2.972495
-657, -1896
-3.047412, 0.894094
-1.145863, -1.033859
-1.148700, 3.019494
588, 1888
-1.053003, -3.113168
2.943162, 0.961994
-1.180647, -3.100688
644, 1929
0.986585, -1.000203
-1.062420, -3.012485
1.034482, -2.943622
-1895, -1935
-1.090297, -2.942941
-3.000525, 0.894215
-1.002458, -2.912781
-628, -579
0.943202, 3.219592
-0.893945, -3.384634
0.859187, 3.247670
-576, -665
-1.193692, -1.082935
3.167293, 0.879740
-3.323549, -2.851276
1930, -1781
-3.064426, 3.158888
-1.063934, -1.073698
-3.211456, -2.989046
1946, -597
-1.130896, -3.000328
-1.022676, 1.031732
-1.039334, -2.991509
637, 1914
-2.961864, -0.983243
-0.969388, -3.064004
0.995175, -0.935854
-654, 1871
-1.022906, -2.993461
-1.002016, -1.058115
-1.085316, -3.138329
1973, -1889
0.997754, -2.974843
-1.080069, -3.012293
2.974616, 0.998468
1868, -1863
-1.017945, -1.085436
3.042048, -2.986883
-1.037649, -3.110294
-1902, -1922
-0.910638, 0.919457
-1.054812, -3.027778
-1.097936, 3.045950
-1904, 598
-3.042619, -3.008247
-3.003113, 2.988031
-1.027211, -3.151640
-677, -639
-0.863337, -2.872343
-0.861289, -2.935133
0.969352, -0.924618
599, -578
-1.227497, -1.013583
-3.268958, -3.247432
-3.351660, -3.287146
-644, 639
-2.962431, 2.944029
-1.059073, -3.035401
-2.995854, -0.983890
1942, 632
-1.012699, -1.129699
-0.937940, 0.934942
-0.936969, -1.083814
-1865, -677
-0.996878, 3.156487
-1.164638, -1.005188
-0.862360, 3.108333
556, 1857
-1.179069, -3.145521
3.087459, 1.019952
-1.116210, -3.257856
-688, 1858
0.922888, -3.009863
-1.195076, -2.924599
-1.003858, -0.970094
1845, 1910
-3.078767, -3.032461
-3.108919, 3.144798
-1.041376, -3.067038
1892, -601
-1.128224, 1.019866
-1.105206, -3.101491
-1.018205, 3.086026
670, -1882
-1.084996, -3.019703
-0.957708, -0.948116
-1.138705, -3.103395
619, -659
-1.030505, 0.969020
-2.923563, -3.113629
-3.158616, 2.914217
1885, 1938
-1.088555, -0.967742
-2.998999, -2.937645
-1.077131, -2.964440
-1909, -1919
-0.972190, 1.024528
-1.006352, -1.114970
-3.030638, -1.006180
-1851, -1933
-1.049108, -2.995975
-0.957615, 0.997483
-1.101895, -2.980753
-673, 1917
-3.000832, 0.931799
-0.997971, -1.040152
-2.982030, -2.869601
595, 537
-0.971451, -3.442840
-3.247271, -1.255098
-0.971257, -3.495778
-711, 1885
3.040439, 2.901795
-3.051964, -2.941185
-2.931269, 3.036499
636, 630
-1.043855, -3.064052
-3.086453, 0.898950
-1.032858, -3.084288
-1902, -612
1.075052, -3.001658
-1.004432, -3.164145
-1.059570, 3.046878
614, -1938
-2.964533, -3.010811
-2.983912, 2.942616
-0.852247, -2.982382
-690, 627
-1.002821, 1.004867
-1.192044, -2.862353
-0.940903, 3.089002
-1953, -702
-1.001381, -0.952396
-1.004180, 1.083885
-1.018584, -2.968651
-699, 1881
-2.996489, -0.965320
-1.195887, -2.966191
-3.048063, 1.119614
1867, 672
-1.124512, -1.047401
-0.998659, 3.003459
-1.056033, -3.127207
-646, -642
2.914128, 0.976231
-0.889583, -2.986757
0.948216, -0.913139
-658, 630
-1.122058, -2.961051
0.954274, -2.839193
-3.063353, -2.913434
584, 707
-2.621676, 3.177974
-1.188826, -2.908859
3.007806, 0.744277
1839, 661
-1.155450, -3.141388
1.057051, -3.132061
-3.080172, -3.164500
1842, 1954
-2.925757, 3.064689
-0.991096, -0.988218
-0.966382, 2.980765
600, -1843
-1.102975, -3.163947
2.906853, 3.229980
-1.078498, -3.091125
-643, 1893
-1.102910, 1.000857
-3.049846, -3.098342
-3.154385, 3.052948
584, 1892
-1.101270, -3.041464
-2.985215, 1.172222
-0.978652, -1.043637
604, 1924
-2.996316, -2.982401
-1.122439, -3.041759
-1.012248, 1.030143
-609, -1888
-1.054051, -2.949731
-2.972687, 1.017814
-1.176094, -0.991570
1866, 686
-3.142812, -0.873221
-3.148563, -2.955572
-2.995351, 3.059643
-1933, 623
-1.011199, -2.979930
1.103979, -0.913114
-1.093489, -2.952360
-1930, 1912
-0.926230, -2.930545
-2.972136, -3.059128
-3.032007, 2.993455
1862, 1992
-1.006245, 2.994816
-2.869929, -0.919449
-1.102812, -2.907825
601, 1950
0.921023, -0.941456
-0.977882, -2.962317
0.953189, 0.930357
648, -1918
-0.948859, -1.009323
-2.922947, 2.958666
-1.028452, -1.080291
-1906, -1903
-0.980239, 0.958506
-1.068962, -1.062425
-1.055452, 2.965433
1858, 666
-1.049076, -3.108209
-1.064278, 0.920656
-1.089787, -0.977447
-574, -604
-3.317636, -3.224481
-3.379760, -3.318733
-3.264309, 3.265378
-1957, 1846
-1.095529, 0.885148
-3.083744, -0.916722
-1.048748, -2.883020
-624, 643
-2.886383, -1.027952
-0.866226, -3.081606
2.916850, 1.151090
-1843, -1945
-1.072033, -3.023593
-1.069219, 1.003704
-1.106727, -2.946597
595, 1913
0.911995, -2.898537
-1.054506, -2.962418
-3.003337, -0.978731
-723, 1883
-1.248398, -2.938116
-1.085116, 1.062925
-3.071973, -2.974380
1889, 1899
-3.115845, 2.895921
-1.021060, -3.045628
-2.923380, 0.964294
-1905, -1950
-0.976239, -2.884379
0.965406, -2.876572
-1.117378, -3.061034
1860, 663
-1.052384, 3.121150
-3.136798, -3.030595
-3.122610, 3.133806
-616, 1871
-1.039255, 2.996958
-3.067316, 1.002181
-1.018949, -1.116745
1983, -1875
-2.981862, -2.886327
-1.090558, -1.065228
-0.991511, 3.046993
1830, -596
-1.069353, -3.070601
3.098154, 1.028768
-1.106338, -3.208282
1896, -607
-1.009644, -3.017216
-1.010672, -3.149817
3.039021, 1.027951
-611, -653
-1.069253, -3.044384
-3.009646, -0.987432
-1.160627, -3.028531
-1900, 575
3.034127, 1.002164
-1.152582, -3.018171
-2.991493, 1.075401
-1877, -639
-1.093475, -3.132564
1.028260, 3.109146
-3.055438, -3.091618
648, -1872
-3.087281, 3.082426
-1.039388, -2.988307
3.109430, 1.033991
-1862, -1933
-1.184969, -3.045938
1.015466, -2.928998
-1.124997, -1.039549
660, 633
-1.066610, 2.872527
-0.787425, -3.019576
-0.974210, 0.977720
1805, 1897
-1.100718, -3.117538
1.074811, 3.103259
-1.048293, -3.098829
590, -657
0.748491, 3.056584
-0.814700, -3.129787
2.895813, 1.325977
-1882, 629
-1.097992, -3.100454
-1.128212, -0.998810
-0.946257, -3.118181
-627, -624
-1.086306, 1.004247
-1.027418, -3.039401
0.997768, -3.071180
-1873, 568
-1.124296, -3.076842
-2.977130, -0.895543
-1.145743, -3.097349
658, -619
-1.055563, 1.088818
-3.045325, -2.967074
-2.887033, 3.040904
-1939, 1856
-3.069070, -2.981543
2.966153, 3.055118
-0.955846, 2.961263
585, 1880
-3.044174, 1.018646
-1.023733, 2.974156
2.997884, 0.996182
631, 625
-3.017094, -3.135249
3.089884, 1.153201
-3.014165, -3.110378
640, 632
0.956097, 3.130264
-2.982582, -3.027494
-3.066991, 2.983126
-1905, 660
-1.200653, 2.983363
-2.898181, -1.116718
-0.902438, -3.075796
-581, -1959
0.940957, -0.927756
-1.077244, -3.006052
1.029699, 1.065902
-696, 1920
-0.933392, -1.138571
-2.888525, 2.934541
-1.057299, -0.986342
527, 1897
-1.021545, 1.049780
-1.078367, -1.023887
-0.858536, 3.047340
-645, -1890
-1.088386, -3.175735
-1.039391, 1.035911
-1.022704, -1.086704
655, -1890
-3.035069, -3.065795
-3.080083, -3.014294
-3.079835, 3.042223
-1899, -1898
-1.182681, 2.946029
-1.132868, 1.091587
-1.001846, -3.102039
-690, 1856
0.880901, -3.060091
-1.214552, -3.054455
-1.043334, -1.012014
-1835, -1989
-1.156208, -3.049009
2.988008, 0.962460
-1.068261, -2.924959
-1928, -1935
0.944774, -2.939341
-1.097156, -2.992058
-0.937027, 0.957866
634, 633
-1.092957, -3.097780
-0.925406, 1.025516
-1.122225, -1.055209
1853, 647
-3.118537, -3.019801
-1.087691, -3.039725
3.099596, 1.015281
1827, 1899
-1.108565, -3.078970
1.021485, -3.040997
-1.078053, -3.088809
-1876, -1940
-1.031868, -0.889107
-3.037718, -2.998387
1.054983, 3.006088
592, 630
-3.257513, -3.054045
-3.031576, 3.190664
-1.115312, 3.011388
1923, 694
-0.976798, 0.953645
-1.109050, -2.986073
0.978621, 2.962780
-707, 586
-1.294789, -2.893661
-0.824338, 1.191671
-1.311417, -2.917503
1855, 1934
-2.917255, -1.023974
-1.005458, -1.034817
-0.893921, 3.083445
-584, -1916
-1.029335, -1.015395
-3.123429, -2.903958
-1.031769, -3.149129
-1878, 620
3.012783, 0.955606
-1.002288, -3.116176
-3.005399, -1.016828
-1902, -646
-0.978258, -3.085422
-2.997069, 1.069345
-1.061486, -3.026634
-1947, 621
1.038910, 2.936625
-2.963421, -3.027977
-2.994390, 2.921780
-1836, -1949
-1.038445, 3.053777
-0.906967, 1.029557
-1.073398, -2.968907
-1891, -606
1.077910, -2.884620
-0.959633, -3.139645
-1.017716, -1.105569
-657, -1899
-0.858549, -3.083039
2.903345, 1.051958
-1.068006, -3.025227
-1829, 1870
1.088829, -3.112203
-0.999523, -3.109628
-1.077823, 1.063174
697, -1852
-1.176335, -3.077665
-0.978067, 1.022805
-0.994585, -1.005670
609, -665
-2.773639, -3.161659
-0.902311, -3.106076
2.899289, 1.186681
-656, -641
-1.023802, -2.944458
1.018640, -2.996707
-1.011479, -2.855159
-623, -606
-0.940451, -1.043474
-3.027488, -3.230530
1.038538, 3.125781
-664, 610
-3.128128, -2.945176
-2.858856, 3.043766
-0.906999, 2.971804
712, -1849
-3.206868, -2.943742
-1.160437, -3.046016
3.147940, 0.954613
-641, 676
-0.854864, -2.917135
1.020290, -0.928594
-0.813100, -3.087945
-1930, 560
-1.056683, 1.084899
-1.091578, -3.066340
0.872512, -2.885189
581, 1931
-1.191125, -3.015597
-1.105448, -1.059239
-1.051504, -3.096272
-634, -1913
2.963364, 0.943527
-1.022136, -2.975444
1.009712, -2.971071
-1886, -745
-1.186204, -2.992188
-0.885474, 0.987286
-1.117133, -3.028656
-642, -1888
-1.154892, 0.907323
-1.089524, -1.120066
-3.036445, -3.031960
-1941, 615
-1.043737, -2.931999
2.969156, 1.032758
-0.900522, -2.930495
-1878, -1940
1.083418, -3.063510
-1.008341, -3.018583
-1.000883, -0.980111
622, -670
-2.887656, -3.127599
0.828279, 2.922697
-2.799021, -3.130390
640, -637
-2.957014, 2.931680
-1.146670, 2.996518
-3.026917, -1.096295
1855, 642
-1.067104, -3.016713
3.089582, 1.038320
-1.151784, -1.048530
-1943, 1891
-1.021611, -3.046656
-0.983799, -3.061719
2.872032, 1.118195
-1926, -708
-1.085572, -2.958155
1.042961, 2.969787
-3.002166, -2.904270
-722, 664
1.009385, 2.689534
-2.954713, -2.736037
-2.630640, 2.808550
670, 582
-1.358712, 2.820470
-1.003934, 0.855324
-0.896562, -3.188473
-1981, 1932
1.021908, -2.803221
-1.003971, -1.045073
-1.032286, -2.926941
-1925, 1915
-1.013682, -2.960606
3.041243, 1.020396
-1.011305, -1.063290
-1877, -1962
-3.100154, -2.996817
-1.089274, -2.992565
0.937931, -0.972609
1964, -1876
-1.138186, -3.027181
0.897253, -2.909130
-0.955427, -2.944688
1945, -567
0.927647, 1.024934
-0.998106, -3.013876
-0.885581, 1.005234
1968, -1830
-1.075859, -3.020386
0.907185, -2.954535
-1.015432, -0.988710
-642, -622
-1.045639, 2.901181
-0.917715, -3.027974
-3.084911, 0.893965
1917, 1925
-1.084509, -3.041856
1.040348, 2.972317
-2.997255, -3.039873
-686, 1915
-2.973797, 3.017313
-1.058684, -2.912255
-3.046104, 1.133649
1922, -634
-0.977264, -3.044486
0.991797, -2.983696
-1.071589, -2.950196
-1984, -671
-1.024544, 2.904793
-2.869708, -2.830289
-2.886078, 2.803087
1846, -1843
-1.007042, 2.978195
-1.105313, -1.041707
-0.999916, -3.254174
-1922, -1936
-1.069207, 0.983743
-1.032882, -2.951474
0.997722, -0.965166
-692, 612
-1.260430, -2.868284
1.038003, 0.952938
-1.160978, -2.914810
1915, -1867
-2.971308, 1.028954
-1.102276, -1.115055
-1.018659, 3.046986
557, 1954
-1.086233, -2.989427
3.023501, 0.928610
-1.042868, -3.010862
-1908, 644
-2.893342, -0.961719
-1.095515, -1.099419
-3.040638, -1.045561
662, -1927
-3.072264, -2.975480
-2.895111, 2.910701
-0.991127, 2.923310
580, 1924
-0.950020, 0.973770
-1.105760, -3.066881
0.979956, -3.103380
-664, -630
-0.898149, -2.978497
-1.006487, -0.961475
-0.881408, -2.978383
-610, -1911
3.000542, 0.944085
-0.970788, -3.048812
0.998921, -2.866722
-594, -645
-1.202683, -3.058788
-1.083457, 1.138061
-1.224704, -3.136520
-693, 1944
-0.926733, 1.064539
-1.044394, -1.008952
-3.039698, -2.909881
1858, 1907
-1.081581, -3.084680
2.956946, 0.977764
-1.114094, -3.020915
1873, 1870
1.110005, -3.053079
-1.001166, -3.084235
-1.064872, -1.093880
643, 638
-2.998820, -3.130236
0.916991, 3.009535
-3.006324, -3.008129
702, 1902
-3.013401, 2.977453
-1.247628, 2.928097
0.963439, 1.089799
1881, -1893
-1.012818, -3.029566
-0.961138, 0.974352
-0.969548, -3.054027
-662, -2005
-2.832711, -0.951470
-1.037450, -2.919554
2.716126, 2.829262
677, 1938
-1.039199, -3.042646
-3.004077, 0.965653
-0.970966, -3.057307
1853, 1916
0.986308, -2.923058
-1.055165, -2.992426
2.979998, 1.093465
-669, 579
-1.373288, -2.937634
-3.122155, -0.850534
-1.209609, -3.066001
629, -676
-2.959883, 0.955020
-0.866267, -3.130266
0.856488, 2.978144
656, -1930
-3.013240, -3.052035
-2.901247, 2.900551
-1.135823, 2.884783
1912, 1955
-0.965598, 1.030432
-1.105916, -3.010644
0.880138, -2.916271
1895, 624
-0.994648, -3.072855
-0.975609, -0.965791
-1.036807, -3.143727
1895, 689
3.009355, 0.922744
-1.012962, -3.007250
0.907842, -2.962372
-1869, -658
-1.036352, -3.077027
-0.984511, 1.010995
-1.083700, -3.068763
-662, 1909
-1.019673, 0.988398
-0.990604, -0.970490
-2.938708, -2.909518
-634, -621
-1.030427, -3.085839
3.032094, 1.066199
-0.993773, -3.094329
-1932, -684
0.906114, -2.982669
-1.060151, -2.972002
-0.955232, -0.892624
630, 628
-3.030790, -3.087202
0.857844, 3.043651
-3.038791, -2.986801
-1875, -615
-3.092763, 3.047301
-1.124890, -3.206244
-3.149758, 1.013742
-1896, -551
-0.913122, -3.116563
1.169867, -3.012385
-0.838799, -3.170557
-1917, -1915
-1.080524, 2.967621
-3.018678, -3.110319
-3.111907, 2.931338
-1911, -662
-1.134749, 2.928002
0.961974, -1.011909
-1.007298, -3.085137
-625, -1906
-2.904114, -1.004704
-1.139364, -3.036175
-0.955206, 1.075206
-660, 1867
-1.122675, -2.999016
-3.007681, 1.078661
-1.155922, -3.050966
667, -1880
0.899646, -3.110656
-3.104646, -3.031156
-3.091915, 2.995680
-616, -1933
-1.062115, 2.955361
-0.953982, 1.022337
-1.065022, -2.898189
-1879, -1974
0.923125, -2.953776
-1.084203, -3.044993
-1.019837, -0.916096
685, -1933
-1.042257, -3.029559
2.980844, 1.020976
-1.111029, -2.909230
641, -621
0.977580, -2.929132
-1.060664, -3.033995
-1.071930, 0.971273
-656, -644
-0.872840, -2.998199
-0.981726, 0.984024
-1.031354, -1.170845
-1861, 614
-3.095149, -3.099465
-1.043717, -3.092340
3.151322, 1.112162
-605, 1983
-0.896582, -3.055836
1.036820, -2.779346
-0.889032, -3.065525
-635, -1931
-1.111225, -0.951045
-2.982183, -3.045213
0.971808, -2.978449
1860, 700
-3.200721, -2.946368
-2.942028, 3.056382
-0.983860, 1.026616
-675, 1881
-2.961085, -3.055861
-1.164304, -3.039580
-1.052102, 1.144251
1908, 630
-1.131859, -1.125035
-2.904015, -1.037446
-0.984163, -3.010216
1932, -722
-1.071868, 0.925024
-0.871577, -3.088334
-3.012887, 0.902327
-1877, -646
-1.074501, -1.037876
-3.127064, -2.997038
-1.086571, -3.079065
-1910, 611
-3.046542, -1.044031
-1.153786, -3.064703
3.016756, 3.072004
-624, 1837
-3.144999, -3.186975
-3.126009, 3.120370
-1.050972, -3.136528
-599, 609
-3.170257, -1.122646
-1.035333, -3.054708
0.952746, -1.013337
-630, -1892
-0.952474, -3.088361
1.075544, -2.987205
-1.098494, -3.067297
1855, 1947
-0.969682, 3.028253
-1.182487, -1.012643
-1.054055, 0.911007
-1942, 640
-1.066675, -2.991546
-3.065532, -1.012964
-1.019580, -1.006154
-669, 1885
-0.962777, 3.004714
-1.049268, -3.098722
-0.995796, 0.963516
622, 1941
-1.079935, -2.994206
-1.015297, 2.868306
-3.069824, -3.043452
-1917, 1854
-3.113142, 3.011235
-1.183677, -3.057036
-3.049260, -2.930729
621, -1899
-1.116822, -1.066651
3.008942, 1.056223
-3.071254, -3.107367
1897, -592
-3.069450, 3.104941
-1.104215, -3.146730
1.022658, -1.011322
-638, -644
-1.003269, -1.062317
-1.005837, 1.036058
-1.044477, -1.070280
1952, 676
-2.947151, -2.956219
-2.969528, -2.967336
-2.925107, 2.906788
-1932, -636
-1.014731, -2.967203
-0.985828, -3.035826
-0.963485, -2.946103
-662, -665
-2.858464, 0.943287
-1.052783, -3.039013
-2.845226, -0.940154
638, -659
-1.004279, -0.983978
-1.080921, 0.971873
-1.027498, -2.918909
1807, 1916
0.982148, 2.947018
-1.149741, -1.095665
-0.985247, 3.043355
1846, 1853
-1.083146, -1.053707
3.082204, 1.157753
-3.075829, -3.161330
-1932, -681
-2.981076, 2.975111
-0.989714, -3.056535
-2.976289, 1.033664
-581, -654
-1.275897, -2.982647
0.796126, -3.150183
-1.375126, -3.094383
1874, 691
-0.943644, 3.025614
-3.219289, -2.945989
-2.981048, 3.040596
1977, -1849
-1.110489, -1.048466
-0.895300, 3.077506
-1.039898, -3.054720
-579, -1935
2.967131, 2.987050
-1.092688, -3.034531
-0.984358, 1.021526
-662, 600
-1.218225, -3.031084
3.005202, 0.985900
-0.991009, -1.070367
584, -581
-3.274641, -3.334996
-3.332781, -3.296335
-3.292223, 3.259132
-1995, 1849
-0.987186, -1.045527
-0.811693, 2.990746
-1.112947, -2.954998
727, -1885
-0.943827, 1.004015
-1.195342, -2.887243
-2.906088, 1.071409
664, -1967
-1.026422, -3.025773
1.012666, 1.056337
-0.974949, -0.994297
630, 1948
-3.067932, -1.016437
-3.023214, -2.982577
-2.913833, 2.948705
-1932, 619
-1.065729, -3.096729
-1.014376, 1.041038
-1.166098, -1.030639
-660, 1913
2.859379, 2.989903
-1.069401, -1.118669
-2.980640, 2.982740
-652, 619
-1.073309, -3.049482
0.862245, -1.002769
-1.047208, -1.003523
1891, -1930
-2.936397, -0.943867
-0.870392, -2.966661
-1.131323, 1.073869
-1895, -1952
-3.056416, -2.971492
-2.985933, 2.926062
-1.070840, -3.019282
1949, -597
0.973641, -0.943801
-1.068297, -1.003576
-0.963850, 1.047422
-1985, 576
-1.043108, -0.938741
-2.892122, -2.702278
-3.075839, -2.877938
1945, -1860
-2.990646, 3.064718
-1.046876, -1.066334
-3.092672, -0.964690
-728, -650
-0.844716, -1.031005
-1.067383, 2.674237
-0.971293, -1.031053
624, 1919
-1.066731, 0.991649
-0.998878, -3.083354
-0.997184, 2.954143
1879, -530
-1.247212, -3.115325
-0.966694, 1.099060
-1.205128, -3.123011
680, -1949
0.942781, -2.806446
-1.104125, -1.047354
-0.983740, 2.920593
686, -1851
-1.016731, -1.008098
-3.096850, -1.009920
-3.184558, -3.055880
-672, 668
-3.004401, 2.757068
-1.047278, -1.119560
-0.882413, 2.884993
1944, -627
-1.134769, -2.956592
0.969232, -1.033094
-3.007409, -3.010310
-1881, -652
-2.971475, 3.131892
-1.094743, -1.123978
-0.995484, 3.066227
-1977, 1906
-1.032303, -3.030880
-0.953211, 1.022780
-1.085565, -3.022901
1914, -656
-2.971939, -1.071465
-0.957600, -3.062911
2.929099, 2.975520
1794, 1952
-1.096632, -3.024939
0.849018, -3.104402
-1.200051, -3.037669
-616, -659
0.916852, -0.926589
-1.067705, -3.033761
1.032628, 3.033208
654, -1861
-1.125386, -3.112242
0.883125, -0.852941
-1.017077, -3.090249
1853, 694
-1.056850, -0.980569
-1.163479, -1.020200
3.075691, 0.921854
1866, 692
-3.181721, -2.874009
-3.029871, 3.101559
-1.186455, -2.993848
625, 701
2.852538, 0.793346
-1.034384, -2.824580
0.855764, -2.908910
610, 1926
-1.002070, -2.983593
1.019801, -2.899072
-1.043886, -3.015556
1889, 660
1.011908, -0.974580
-0.994512, -1.071717
-0.977759, -2.907069
-1876, -2007
-1.064311, -2.959131
-2.797671, 1.067093
-1.009144, -0.898652
-1936, -643
-1.021559, 3.009876
-0.946912, -2.950269
3.002702, 1.062679
655, -1905
-1.046631, -3.129292
1.004952, -0.989775
-1.102680, -2.950156
-1890, 1896
1.002535, -3.031066
-1.084753, -1.091429
-2.988756, -1.022186
-611, -681
-3.064903, -2.895872
-2.878997, 3.075488
-0.989927, -0.966831
-1899, -1925
-0.978000, 2.949626
-0.997740, -3.090572
2.965897, 2.943292
650, -670
-0.966446, -2.970444
-2.905598, 0.913372
-1.073504, -1.059179
1906, -636
-1.125569, 2.916723
-3.095937, -3.121013
-3.093067, 3.109250
1851, 1905
-1.094965, -1.083567
-3.109319, 3.112878
-0.960572, -1.069834
-602, -665
-0.961749, 1.036474
-1.068933, -0.845000
-2.994848, -0.891213
-1939, 1849
-1.145877, -2.991521
3.064998, 3.044624
-3.176190, -2.937814
1865, -1886
-2.993806, 3.007942
-0.980211, -1.055375
-1.091930, 3.028838
-1914, 1896
-0.967119, -2.986403
3.013741, 3.179240
-1.079135, -3.055811
-1911, 595
-1.015736, 0.950508
-3.105686, -3.029528
-3.074781, 3.094120
1926, 1975
-0.994968, -2.980997
-3.043330, -0.903799
-1.027544, -1.068608
-1889, 632
-1.037659, 0.956226
-1.037923, -1.081674
-3.001874, -3.084607
672, 617
-0.928865, -0.974035
-2.716628, -3.061072
-0.887493, -2.934199
0, 0
-0.960581, -2.044880
-0.928632, -3.029612
1.057189, -3.000331
586, 613
-1.138367, -1.141217
-0.978967, 3.224720
-3.282882, -3.157959
2003, -626
-2.835585, 2.914508
-1.043334, -1.026769
-2.852351, -0.962761
-1860, -1964
-1.039312, -1.002621
-0.949917, 3.003091
-1.143845, -2.944938
1929, -1971
-2.954873, 0.942123
-1.057458, -1.059006
-1.087677, 3.036946
1845, 1967
-1.165416, -3.026623
-1.000989, 1.043827
-3.158360, -3.000642
605, -618
-3.196966, 2.968597
-1.001307, -3.141216
1.127568, -1.028437
1935, -1862
-1.090454, -3.035086
-0.972473, -3.015445
-3.158763, -3.006896
566, 1923
-2.990180, 3.085617
-1.094344, -1.089556
-1.012762, 3.034994
-564, -671
-1.317252, -2.982017
3.358974, 2.919805
-1.267377, -3.037864
-637, -1894
-0.950488, 1.018852
-2.975291, -2.976814
-3.013728, 3.085282
612, 680
-1.218247, -2.970199
-2.931010, 1.186942
-0.975858, -0.995433
-1920, 610
-3.011512, -2.982541
-1.156604, -1.098233
-0.993898, 2.976219
-1918, -1958
-2.978076, -3.095717
-2.971357, 2.963552
-1.077607, -3.041717
-1827, -1930
0.993378, -0.960416
-1.169084, -3.023735
-1.063351, -3.051900
-633, -1955
-2.946571, -3.031673
-2.972417, 2.947251
-1.053213, -0.991363
598, 641
-0.922878, 3.113223
-1.159375, -3.119966
3.182496, 3.024414
590, 1835
-1.099968, -3.212842
-1.044189, 0.994849
-3.369306, -3.087863
-1975, 1895
-2.984749, 3.023336
-1.064708, -2.972033
-0.965668, 2.957100
-685, -1906
-0.978631, -3.086053
2.940921, 1.159701
-1.030014, -1.058805
1897, 1878
-2.961760, -0.897503
-0.998180, -3.113341
-3.075382, -0.992338
-629, -1899
-1.110970, -3.090356
2.981093, 1.143711
-1.044910, -1.138972
1955, -1849
-3.085776, 3.175435
-1.056940, -2.943459
0.984865, 2.941518
1880, -1871
-1.069445, -3.016705
2.928937, 1.112637
-0.932285, -3.050886
-640, 1864
1.065088, -2.990577
-1.102829, -3.099268
-1.076673, 1.142963
-613, -1925
-1.090498, -1.055393
-2.986384, -0.856753
-2.982702, -2.971023
-1953, 1932
1.013759, -2.964365
-2.964584, -2.970883
-2.926911, 2.851146
595, -664
-1.105467, 0.880281
-1.173909, 3.001627
-0.849389, -3.106520
-1854, -1965
3.089021, 2.973809
-1.099514, -3.014878
-0.997249, 1.012879
-1934, 593
-3.089010, -2.909375
-2.955164, 3.048108
-1.043893, 2.971182
-615, 590
-3.140074, -1.037062
-1.165354, -3.194732
0.948739, -1.149382
-1901, -677
-1.093377, -3.075235
0.934525, 2.956935
-1.011664, -2.955122
-592, -658
1.047975, 3.051669
-1.242962, -3.058457
-1.005057, 1.022792
-619, 602
-1.112469, -3.131301
-1.065057, -0.920229
-1.035501, -3.201313
621, -644
-1.019704, 0.978158
-3.018346, -3.134844
-3.047974, 2.952109
714, -1883
-1.101801, -1.067014
-3.126455, -2.875148
-1.122150, -3.023760
-1971, 1903
-0.942307, 1.033022
-1.161562, -0.984074
-3.022347, -0.946870
1888, -640
-0.977559, -3.054152
-0.965749, 0.986161
-1.006683, -3.193104
-644, 1943
-3.002503, 0.981327
-0.998069, -0.995795
-2.982672, -2.998629
-561, -1937
-1.173055, -2.986531
-3.033676, -0.866858
-1.200005, -3.018876
1836, 1899
2.949508, 3.044038
-3.145935, -3.054163
-3.008981, 3.219277
701, -623
-1.100626, -2.852043
-0.985864, 1.056705
-1.087686, -2.918236
-602, -1899
-0.958310, -2.960725
-1.033270, -3.053416
-1.010592, -2.962749
618, -612
-0.980401, -3.136280
1.066224, -1.044609
-1.013877, -1.149649
-714, 1853
-3.201823, -2.857900
-1.167815, -0.988653
-0.922613, 3.029205
1881, -612
-1.087008, -1.125085
-3.114449, -1.005243
-3.129378, -3.243726
1900, -1893
-3.028456, 3.028968
-1.134338, -3.119723
-3.080009, 0.994943
1912, 1912
-1.036144, -1.139304
-2.861867, -3.018559
-1.056769, -3.161406
1924, -641
-1.059961, 0.989022
-3.052593, -3.014428
-3.037977, 2.934075
1905, -1890
-1.060667, -1.085738
-2.984568, -1.059476
-1.043222, -0.982683
-1869, -1916
-0.933895, 1.060203
-1.136392, -0.998843
-3.035668, 3.051152
-1921, -1931
-0.928529, -1.094936
-3.140846, 3.003391
-0.926871, -3.038921
670, -594
0.985878, -1.118360
-1.125463, -0.909592
-3.086465, -2.767398
-1929, -1932
-1.066929, -1.007952
-1.049547, 2.904558
-1.015486, -3.028520
-1950, 1825
-0.981488, 1.065441
-1.111074, -3.052653
-1.036278, 3.075874
1833, 2026
-3.168451, -2.902537
-2.764440, 3.161564
-1.114546, -3.028589
651, -1945
-2.845409, -2.896951
-0.891345, -0.954286
2.944839, 1.078052
1903, -1899
-3.100461, -3.101774
-3.037378, 3.076552
-1.086583, -1.101265
-1828, -613
-1.110239, 3.072727
-1.073588, -3.160113
3.075424, 3.227664
-703, 622
-1.161058, -2.791016
-0.943890, 1.037825
-3.084959, -2.853533
-591, -650
-2.963442, 3.205894
-0.969319, 3.032178
0.883329, -3.113452
598, -634
-0.949912, -3.193611
-3.161045, 0.878210
-1.089068, -1.127566
-1832, -1914
-0.902696, 3.112250
-1.098446, -2.972574
3.133756, 1.002028
645, 675
-1.038261, -2.841800
0.932420, -0.860603
-1.103441, -2.917621
1949, -1920
1.098038, -2.949899
-1.008497, -3.051563
-3.022437, 0.938359
-563, -1934
-1.166610, -2.990622
1.112757, 2.961193
-3.161325, -2.935873
-1931, -709
-2.821602, 2.968935
-0.858137, 0.991892
-2.989082, -0.770917
-660, -1909
-1.010170, -3.132664
-2.959605, -1.000512
-1.060661, -3.022577
-614, -610
3.157093, 1.103034
-1.055149, -3.042618
-1.076925, 1.072175
-1911, 633
-0.996629, -3.056434
0.965679, -3.004799
-1.087674, -2.939775
1869, 698
-3.085958, -0.951770
-1.114152, -3.045956
-1.043016, 1.086003
-1884, -691
-3.105036, -2.988692
-2.933849, 3.110074
-0.984970, 3.074123
-649, -1905
-0.900494, -3.033549
-1.035495, -3.119446
1.027265, -0.966565
1882, 652
-1.065466, -1.045159
-1.008898, 0.958525
-1.064350, -2.987729
-638, 1886
1.007730, -3.097127
-0.996813, -3.088164
-1.051527, 3.146982
-730, 1872
-1.125756, -2.999170
-2.947932, 1.166129
-1.011646, -1.046421
1882, 639
-1.079220, 2.952119
-0.953578, -3.077348
3.009356, 1.053178
-658, 1866
-1.103024, -3.016009
0.999500, -0.920519
-1.081101, -3.006390
624, 611
1.120722, -2.993017
-3.098161, -3.173023
-3.111149, 3.074725
600, -599
-3.161356, -3.302412
3.112706, 3.224964
-1.177035, 3.069112
1928, -631
0.957365, -2.912479
-1.102767, 0.866776
-2.947439, -0.932192
-673, 645
-1.051608, 2.783164
-0.982288, -2.821957
-2.925169, -2.861397
1918, 668
2.871839, 1.094951
-3.083857, -2.948547
0.956712, 3.016900
-1956, 662
-2.951455, -2.941697
-2.924529, 2.945356
-1.023856, -0.947222
603, -1895
-1.095299, 3.077162
-1.021272, -3.177304
2.889591, 3.164324
648, -1971
-0.917374, -2.958165
-1.037734, 0.936463
-2.911748, -2.934070
608, 621
-3.069323, 3.100530
-1.140126, 3.138994
0.958621, -3.026914
-701, 1845
-1.121415, -2.995255
-2.983705, 1.167468
-1.139987, -1.009026
1889, 688
-0.995263, 3.041152
-1.149304, -3.000806
3.075259, 0.954394
-1942, 1882
-0.977077, -2.979542
1.030305, -1.078850
-0.907444, -2.982786
-595, -1962
0.919076, -2.935802
-1.017838, -2.957216
-2.962540, 1.030758
-679, 595
-1.238448, -2.890086
0.987905, 2.979767
-3.235595, -2.852477
-1861, -1958
-2.940545, 3.073153
-1.027182, 2.934774
2.922804, 1.029133
-1842, -1959
-1.069644, -3.121227
0.932418, -3.029746
-1.165743, -0.975009
-629, -1954
-3.056411, -0.887062
-1.008704, -1.025978
-0.920142, 2.958880
-1941, 636
-1.022201, -2.989606
2.912144, 1.039165
-1.096735, -1.017931
1876, 634
-0.990020, 3.014890
-1.018218, -0.996975
-1.074575, 1.043183
-628, -634
-1.055434, -1.121802
-1.061563, 3.007064
-1.129769, -2.909505
1882, -691
-1.057557, 0.963753
-1.036894, -0.971998
-3.001034, -0.988145
1839, -632
-3.103446, -3.270360
-3.139076, 3.127819
-1.043226, -3.089472
1953, -1864
1.003579, -1.000079
-1.176121, -2.993148
-0.936936, -3.024538
-1904, 1836
-3.083090, -3.119311
-3.099044, 3.073081
-1.000649, 3.058433
-1962, 535
3.136420, 2.873003
-1.139866, -2.896429
-0.894713, 1.002470
-675, 602
-1.198939, -2.953823
-2.877624, 1.120978
-1.165532, -2.817520
1920, 1936
0.959062, 3.004252
-0.939886, -0.974647
-0.954201, 2.956029
1924, -1908
-1.003032, -3.018340
2.937055, 3.034434
-2.881286, -2.914930
-604, -1962
-2.902643, 2.967163
-2.971580, -2.920228
3.001131, 2.898184
649, 646
-1.103222, 2.931498
0.998716, -2.836056
-1.083318, 2.975798
1944, -610
2.948675, 0.974642
-1.034537, 2.909661
2.954769, 2.991261
712, -624
-3.026847, -2.717377
2.960407, 0.826088
-2.960866, -2.774505
1904, 1915
0.916136, 2.994535
-2.923078, -3.021375
-3.079441, 3.068482
-633, 706
-0.868306, -1.074963
-1.077989, 2.831303
-0.771649, -2.850433
-1904, 591
3.070360, 2.982028
-1.031896, -2.988246
-1.017199, 1.104545
1907, 702
-3.077476, -2.892136
-3.032865, 3.006905
-1.052586, 3.010386
591, 1864
-0.895087, 3.158814
-1.117764, -3.050818
-1.104612, 1.003326
-619, -1914
-1.134915, -1.076983
-2.981257, 3.098188
-1.038579, -3.022140
-1891, 670
-3.036568, 0.882635
-1.060899, -0.987132
-2.912524, -3.175108
-610, 1857
-1.112152, -1.115816
-1.118717, 3.063774
-1.071207, -3.121155
-1871, -1934
0.930798, 0.958499
-1.057079, -3.123306
-1.040534, 0.969195
-677, 1933
-1.082719, -2.991424
1.026168, -2.882362
-1.005180, -1.010053
-626, -657
-0.968995, 2.988780
-3.052754, -2.897369
-2.898733, 3.024153
1926, 1910
-0.997009, -3.058148
1.105947, -0.944224
-1.086893, -3.037754
-636, -641
-0.937590, -2.914908
-3.095887, -3.039084
-3.033466, 3.006546
653, -1853
-1.045656, 3.041037
-1.064153, 3.227000
-1.018021, -3.157285
1839, 1931
-0.959014, 1.101703
-1.024640, -3.100774
-1.099779, -2.941352
648, -646
-1.026640, -2.956280
-0.938975, 1.068141
-0.943810, -3.002291
1916, -1869
1.048111, -3.035659
-1.007655, -1.015700
-3.088158, -0.985827
640, -649
-0.985170, -2.987253
-0.921560, 0.982734
-2.900282, -3.071619
-1916, -677
-2.947254, 2.947608
-3.077568, -2.977209
2.932410, 3.055506
1922, -1870
-1.096941, 2.976117
-1.078613, 3.180682
-0.971665, 3.043145
-631, 1888
1.005232, -1.018618
-1.151585, 3.049139
-1.081079, 2.975435
1858, -1811
-3.194532, -3.144072
3.082978, 1.068056
-3.188518, -3.109155
1848, -639
0.971408, 3.187873
-3.001773, -3.259642
-3.157206, 3.052037
-1946, 619
-1.065944, -0.999013
-0.865050, 2.922528
-1.033013, -2.977199
-653, 1852
3.015646, 3.150012
-1.019339, -3.115504
-1.018744, 1.176240
-1893, -700
-3.023883, -2.960716
-2.965807, 3.110055
-0.934037, 2.930988
1932, -1879
-0.899169, 3.071004
-0.998417, -2.938651
-1.036086, 1.035760
628, 737
-1.070543, -0.858421
-2.600505, 2.993679
-1.193848, -2.656814
-611, 569
-3.181818, 1.150750
-1.125814, -1.088275
-3.301699, -3.027976
621, 1945
-1.130742, -0.985343
-0.967603, 3.089396
-0.959685, -3.000496
1998, -1884
0.973415, 0.880233
-1.069548, -2.961287
-0.931327, 0.985152
-1897, 1854
-1.081359, -3.133266
1.075908, -3.055960
-1.119384, -1.038345
1906, 629
-1.071860, 2.979358
-3.063822, -3.129243
-3.177392, 2.956742
-630, -1866
-1.109540, -3.083347
1.064253, -0.983510
-1.145166, -3.071274
638, -1904
-0.923759, -2.913917
-3.071719, -3.015557
-3.123074, 2.991854
-1942, 1843
-1.003679, 0.989050
-0.939205, 3.005882
-1.139194, -0.940858
-639, -629
-2.977605, -3.017304
-1.012285, -3.037196
-3.075271, 0.951023
-624, -1936
-0.971110, -2.905788
1.076938, -2.876126
-1.150485, -1.006083
-643, -642
-2.905169, -0.918427
-1.043974, -1.071360
-2.934797, 2.919976
525, 1952
-1.193750, -2.943872
0.981749, -0.961168
-1.238672, -0.953589
-622, 563
-3.292732, -3.057451
-1.334004, -1.043588
-0.850863, 3.297607
628, 1837
-1.063718, -3.178116
-3.170706, 1.030507
-1.072179, -1.113923
-649, -661
-1.037045, 2.874151
-1.067717, -2.920147
2.879578, 1.072110
-1932, 1895
-1.078410, -2.972962
0.955472, -0.951579
-1.043174, -2.902290
-1897, -1885
0.967712, -2.982530
-2.995922, -2.981198
-3.105882, 3.030996
1955, -602
-2.978760, -2.904782
2.842958, 3.016951
-0.995046, 3.026058
-606, -664
-0.954144, 3.068998
-0.956579, 2.889528
0.898491, -0.998820
-1876, -1918
-1.123926, 0.846171
-1.037829, 3.063941
-3.034056, -3.059262
-638, 590
3.089151, 1.095448
-3.254915, -3.051289
1.068829, 3.048245
1892, 616
-3.049069, -3.153552
-3.124558, 2.956760
-1.000236, -1.088939
-1914, -633
-1.004103, 2.969530
-0.991007, -3.027930
2.943672, 3.087375
1919, -634
-0.990983, -3.047495
-1.026794, 0.961927
-3.049764, -3.045964
-1915, -683
-2.918369, 3.035342
-0.956759, 2.899910
-0.968613, 3.012506
632, -1876
-1.064700, -3.050613
-1.071363, 1.037522
-1.060399, -1.073720
-641, 1852
-3.054611, 3.027501
-1.065493, -3.016039
-3.095402, 1.043856
613, 1911
-1.025448, -0.991301
-2.949226, -2.921610
-1.070735, -0.972442
-1930, -648
-0.965923, 2.998129
-1.019269, -2.980135
1.079021, 1.057800
-675, 1862
-1.100901, -3.044551
-1.017492, 1.102136
-1.019802, -3.034335
-1974, 545
0.780926, -3.005541
-1.117954, -1.010903
-0.867824, 3.100235
1844, 652
-3.193131, -3.046012
-3.015511, 3.142046
-1.020926, -3.003823
1895, -1895
0.953803, -1.043838
-0.982035, -2.919903
-0.974520, -2.937161
1871, 1881
-3.067861, -3.093670
-3.033653, 3.049350
-1.060287, 2.992031
-646, -1865
-1.153973, 1.142668
-1.037566, -3.131453
-1.084467, 3.006275
1912, -1897
-0.974170, -0.988058
-1.048050, 0.947842
-1.059589, -3.024641
1935, -1868
-3.094863, -0.981716
-1.050205, -3.014453
-3.031257, 1.029151
1980, -1909
-0.930686, -0.973558
-0.966630, 2.988115
-1.031742, -2.997137
1934, -1951
2.870033, 1.033277
-0.965915, -2.947912
1.018656, -0.958477
687, -607
-1.159578, -2.984291
0.769180, -2.926435
-3.066772, -2.863206
-1884, -680
-2.959869, 3.072279
-3.003872, -2.968869
3.031248, 3.068756
1919, -656
-1.084599, 2.855449
-0.932591, 3.048817
-1.130783, 2.962770
-1849, -680
0.987896, -0.954533
-1.158086, 3.016833
-0.915608, 0.950589
-1901, 499
-1.121483, -3.029410
-0.818929, 3.124302
-3.241489, -2.955923
1877, 668
3.046101, 1.080401
-3.036750, -3.031580
1.039084, 2.934856
-672, -628
-2.887705, -3.138225
-3.083401, 2.885858
-0.943341, -0.942528
-586, -636
-0.903414, 3.124026
-1.043198, -3.100297
3.263045, 3.014791
1944, -1849
-1.151333, -3.048098
-0.953618, 0.965856
-3.084700, -3.085728
489, 1853
-3.022905, 3.450647
-1.061313, 1.054696
-3.243595, -0.796258
-682, 602
-1.106263, -0.922447
-0.872663, 2.968563
-1.207823, -3.032029
1921, -1873
-2.990609, 1.036051
-1.115907, -0.999215
-1.018240, 2.990091
-613, -1886
-1.119239, -3.086277
-0.984358, 1.056303
-3.021831, -3.068009
571, 646
-2.875272, 3.403193
-1.193620, -3.064712
0.927368, -1.130161
671, 637
-0.919454, -2.959669
-0.768598, -2.946175
-2.800389, -3.008463
-740, 1917
-2.823732, 3.016877
-0.964680, 2.917177
-1.066119, -2.820658
1888, 634
-1.087653, -3.094512
0.904447, 3.019083
-1.029801, -3.029279
1848, 671
1.056637, -1.115900
-1.162314, -0.964579
-3.172315, -3.061997
1891, 1895
-0.979740, -3.031633
2.969867, 1.017570
-1.092541, -3.098166
623, 610
-1.120442, 3.164847
-0.996104, -3.245749
-3.110101, 1.054803
-638, 1842
-3.150155, -3.114299
1.058468, 3.043735
-3.236530, -3.048443
-596, 579
-3.256268, 3.255646
-1.160676, -3.248689
-3.310689, 1.085646
-1897, 669
-0.970846, -3.077132
1.155985, -2.833203
-0.881345, -3.094764
702, -620
-0.837939, 2.909670
-3.103141, -2.753022
-2.761092, 2.954504
1930, -1940
-0.954706, 2.920366
2.970175, 0.980918
-0.941685, -3.034432
-662, -658
0.980759, -2.731432
-0.985250, -2.904664
-1.022440, 2.929452
1899, -1923
-1.118197, -1.042881
-1.063682, 1.019032
-0.972455, -1.146051
1870, 1914
-3.004477, -0.991489
-0.964561, -0.945837
-1.003211, 2.974544
1978, -1852
-1.014753, -0.975569
-3.039643, -2.926381
-1.093887, -1.043288
1903, 1943
2.891860, 1.093791
-3.033442, -2.979961
0.915534, -2.967218
1932, -622
-3.027712, -3.066567
-3.069776, 2.875762
-0.963418, 1.035040
1804, 1994
-0.905363, 2.948728
-1.173627, -3.024700
3.120922, 2.921719
563, -647
-0.763896, -3.192640
-1.055183, 0.924372
-2.834028, -3.467078
-1920, -642
-3.082655, 2.996223
-1.132756, 2.867477
-0.977412, -2.998082
-1891, 587
-1.016204, 3.011173
-3.014587, 1.184940
-0.996072, 0.958892
-1852, 632
-1.067586, 1.090483
-3.136351, -3.174153
-3.133784, 3.070244
-1893, 588
-0.999957, 3.102825
-3.095398, -0.968949
-1.114350, -3.096647
-612, -1967
0.956813, -0.874793
-1.033404, -2.884814
1.046097, 3.009430
-642, -752
-1.098830, -2.650138
1.062880, 2.765589
-1.068438, -2.714285
-624, 639
-1.069302, 1.087653
-0.929656, -3.149888
-0.992987, -1.020364
600, 1916
-1.112267, -3.026042
-0.984284, 1.018809
-2.914439, -3.086324
1953, -1872
-3.050096, 3.032925
-1.053787, -2.902848
1.063879, -0.881085
593, 1860
-1.207478, -3.113495
-1.038358, -3.163403
-3.188058, -3.188574
648, -1868
-3.102060, 3.037235
-1.001670, 3.082398
-1.039489, 1.069945
608, -628
-0.994665, -3.118830
1.204826, -3.078367
-0.947547, -3.036568
-1941, -679
-0.958158, -0.947004
-1.017363, -2.973291
2.870869, 1.039282
-1877, -1863
-1.096096, -3.081319
0.978004, -2.957735
-0.946701, -3.064049
1903, -618
-0.989435, 1.016584
-0.988226, -3.079443
-1.099388, 0.982561
-1930, 644
-1.058645, -1.043311
-2.972688, -2.887813
-0.968680, -2.914066
1912, 1923
3.023358, 0.957613
-0.979803, -2.931118
1.025569, -2.957563
1835, 1944
-1.062581, -2.987749
-1.081638, -0.997737
-3.151879, -2.982458
628, 628
-3.065361, 3.110094
-1.035205, -3.076422
-3.076001, 1.011381
-599, -686
-1.181477, -2.944970
0.866301, -2.974110
-1.202916, -2.916705
-581, -1928
-1.035762, 2.936227
-2.969507, -3.047157
-3.013058, 3.099979
1890, -1878
-1.111456, 2.997582
-3.027344, -1.040960
-1.117532, -3.066281
1904, -623
1.037302, -1.007934
-0.974117, -3.053001
1.000813, 0.982639
1927, 1894
-1.010130, -1.089015
-3.102815, 3.036131
-1.034300, -1.041175
-600, 570
-1.156482, 1.141427
-1.152278, -1.164312
-1.088459, 3.335589
-1874, -1920
-1.023844, -3.016780
-0.992055, 1.041330
-1.070884, -1.082359
1925, 621
-2.876844, -3.020772
-2.935922, -2.955660
-3.028984, 2.935615
-685, 1893
-1.039107, 0.973068
-3.006122, -0.978324
-1.149093, -3.039081
-1920, 1928
-2.987810, -1.039223
-0.967272, -2.966112
2.937321, 1.085889
589, 1856
-1.078155, -3.150287
-1.192639, 0.963577
-1.072584, -3.158461
-1904, -661
0.982539, -2.993942
-1.121692, -3.038031
-3.047863, -0.933711
-609, -691
-1.213113, -2.930075
-0.900800, 1.073027
-3.103655, -2.830586
1920, -625
-3.053175, 3.026047
-1.059642, -3.054783
1.033813, -0.922894
-667, 592
-1.188765, -2.963155
-1.213369, -2.909419
-1.221060, -3.024431
1885, -642
-0.978916, -2.938802
-0.985368, -3.052713
-1.077795, 0.945910
-630, -1901
-1.078748, -1.033206
-3.006447, -2.878696
-1.057910, -1.045330
1871, -1932
-3.104702, -0.983510
-2.826246, -3.137058
-3.017200, 2.964919
1929, -597
-3.024609, -0.950907
-2.953185, -0.916666
-3.103232, -1.064170
-616, -635
-1.004935, 3.056453
-3.196189, -3.156052
-2.984649, 3.026097
-1852, 1834
-0.976434, -3.166155
-1.040407, 3.116280
-1.056028, -3.181750
-624, 650
-1.034019, 0.882810
-0.961217, -3.076072
-0.926022, -1.040265
-643, -1973
-1.061812, -1.015743
-2.969333, -2.878852
-0.980836, -2.978551
-701, 1907
-1.018183, 0.995067
-1.144930, -2.960997
-0.906636, 0.965103
-1885, -698
-3.201361, -2.953988
-2.963196, 3.077369
-1.015875, -0.961806
620, 605
-3.178349, 3.016814
-1.077488, -1.082970
-3.061427, -3.185181
-674, -1897
-0.904936, -3.036822
1.002813, -0.756568
-1.016182, -2.938537
672, -1875
-1.014511, -0.934533
-1.151696, -1.069752
-2.985699, -2.937379
-679, -1929
-1.012835, -2.975871
-2.878861, 0.874712
-0.933974, -2.928432
646, 1893
0.900194, 0.944398
-0.961201, -1.001569
-3.012591, -1.058627
-661, -1889
-2.917516, -3.166837
-3.130426, 2.966470
-0.985888, -3.061849
647, 1944
-2.875234, 1.017237
-1.080109, -0.957122
-1.072404, 2.965189
625, 1937
-2.933837, -3.006384
-3.010534, 2.996371
-1.095047, -1.021156
-607, -1938
-1.014515, 2.956305
-1.071223, -2.927304
2.918729, 3.025124
-1845, -683
-1.184608, -3.112363
-1.047132, 1.092994
-3.284268, -2.969906
622, 1917
-3.047690, 3.095825
-1.019429, 3.068511
-3.044182, -2.940384
656, -552
-1.320627, -3.081790
-3.079096, 1.279834
-1.268489, -3.017147
-588, 633
-3.031970, -1.192532
-0.964206, -3.188904
2.839233, 3.269740
1915, -1825
-1.152827, -3.033267
-1.055395, 0.988821
-1.275973, -2.998738
-645, -690
0.987943, 2.856930
-0.970820, -2.865729
0.850007, -0.966457
617, 624
-1.090077, -1.056630
-3.030019, -3.090932
-1.072282, -1.040134
539, 1888
-3.017928, -0.860178
-3.179188, -2.948087
1.044066, 3.074305
-1861, -1915
-3.170163, -3.054052
-3.014149, 3.127325
-1.087421, 2.935215
653, 659
0.853715, 1.048634
-1.033572, -2.998884
-2.947630, 0.952685
623, -669
-0.967806, -1.062297
-2.886734, -1.198941
-0.808181, -1.149013
1920, 1909
-1.064739, 2.971473
-1.040777, -3.086802
-0.930238, 0.974870
636, -1895
-1.124565, -1.024719
-2.878119, -3.053130
-1.028654, -0.990919
1866, 646
-3.110718, -1.054146
-3.045236, -3.067736
-3.083592, 3.042104
-1933, -1981
-0.980634, -2.866514
-2.929314, 1.099365
-1.028735, -2.935244
-1897, -645
1.121879, -2.937487
-1.002978, -3.121950
-1.072120, 3.043349
-625, -1938
-2.953446, -2.953301
-3.001076, 2.999316
-0.974891, 0.998814
1886, -605
-3.006883, 2.964839
-1.030956, -3.141701
3.052214, 3.100648
672, 629
-2.783763, -3.128535
1.028914, -2.763952
-1.067326, 2.805101
630, 1924
-0.999520, 3.052543
-2.923582, -2.981370
0.919963, -2.963688
-646, 657
-2.948113, -3.024819
-3.020103, 2.907060
-0.948777, -2.997365
1939, 1957
1.016825, 2.937787
-1.042485, -2.914664
-0.916506, 0.997348
-1920, 615
-1.055777, -1.038790
-0.939569, -2.989557
-1.020636, -2.987920
-1900, 560
-0.984241, 1.006233
-1.014561, -3.081428
1.024688, 2.999456
-1843, -1940
-3.184194, -3.036398
-3.056137, 3.207887
-1.072165, -1.006052
1913, -1908
-1.053839, -0.990028
-1.029006, -3.034298
2.903133, 0.944807
-650, -630
-1.053039, -1.099183
-1.073872, 2.968464
-0.946442, -3.058434
-1879, -710
3.105690, 2.956595
-3.146876, -2.857826
-2.941761, 3.101259
-634, -651
-0.992127, -3.002537
-2.981839, 0.983188
-3.145295, -2.949609
-1846, -1922
-3.025627, 3.147848
-1.155185, -2.984746
1.020354, 1.059762
-1907, 1887
-1.000409, -3.046742
1.090684, -0.974524
-1.135817, -3.032189
624, 680
-0.881150, 3.029494
-1.098535, -2.956343
-0.852637, 0.997662
1882, 1889
-1.013263, -1.085289
-3.039642, -2.996873
-1.004696, -3.029776
699, -1916
0.977640, -2.845817
-3.083989, -3.013697
-2.914572, 2.998314
1884, -614
-1.064806, -1.100769
-1.041087, 3.129594
-1.055560, -1.011155
1877, 602
-1.011380, -1.060398
-1.048935, -3.099991
3.032118, 1.032403
626, 650
-1.032893, -1.048782
-3.020995, -0.981892
-0.960882, -0.995888
692, -1856
-0.888769, 3.026816
-3.118301, -2.965422
-3.063348, 3.050900
655, -587
-1.104515, -0.914147
-0.849723, 3.156580
-1.156780, -3.006341
-1922, 1905
2.939056, 2.989990
-1.036651, -3.058019
-2.997866, 0.922645
590, 656
-1.042054, -1.007776
-1.007514, 3.030362
-3.210418, -2.972101
1896, 638
-3.115851, 2.944401
-1.039008, -3.142285
-2.910217, -3.053067
648, -637
-0.987757, -3.002772
-0.963171, 0.996911
-0.976820, -2.991385
1814, 1925
-3.000488, 1.165571
-1.171829, -1.039379
-3.149790, -2.993765
-602, -662
0, 0
0, 0
0, 0
0, 0
0, 0
0, 0
0, 0
0, 0
0, 0
0, 0
0, 0
0, 0
0, 0
0, 0
0, 0
0, 0
0, 0
0, 0
0, 0
0, 0
0, 0
0, 0
0, 0
0, 0
0, 0
0, 0
0, 0
0, 0
0, 0
0, 0
0, 0
0, 0
0, 0
0, 0
0, 0
0, 0
0, 0
0, 0
0, 0
0, 0
0, 0
0, 0
0, 0
0, 0
0, 0
0, 0
0, 0
0, 0
0, 0
0, 0
0, 0
0, 0
0, 0
0, 0
0, 0
0, 0
0, 0
0, 0
0, 0
0, 0
0, 0
0, 0
0, 0
0, 0
0, 0
0, 0
0, 0
0, 0
0, 0
0, 0
0, 0
0, 0
0, 0
0, 0
0, 0
0, 0
0, 0
0, 0
0, 0
0, 0
0, 0
0, 0
0, 0
0, 0
0, 0
0, 0
0, 0
0, 0
0, 0
0, 0
0, 0
0, 0
0, 0
0, 0
0, 0
0, 0
0, 0
0, 0
0, 0
0, 0
0, 0
0, 0
0, 0
0, 0
0, 0
0, 0
0, 0
0, 0
0, 0
0, 0
0, 0
0, 0
0, 0
0, 0
0, 0
0, 0
0, 0
0, 0
0, 0
0, 0
0, 0
0, 0
0, 0
0, 0
0, 0
0, 0
0, 0
0, 0
0, 0
0, 0
0, 0
0, 0
0, 0
0, 0
0, 0
0, 0
0, 0
0, 0
0, 0
0, 0
0, 0
0, 0
0, 0
0, 0
0, 0
0, 0
0, 0
0, 0
0, 0
0, 0
0, 0
0, 0
0, 0
0, 0
0, 0
0, 0
0, 0
0, 0
0, 0
0, 0
0, 0
0, 0
0, 0
0, 0
0, 0
0, 0
0, 0
0, 0
0, 0
0, 0
0, 0
0, 0
0, 0
0, 0
0, 0
0, 0
0, 0
0, 0
0, 0
0, 0
0, 0
0, 0
0, 0
0, 0
0, 0
0, 0
0, 0
0, 0
0, 0
0, 0
0, 0
0, 0
0, 0
0, 0
0, 0
0, 0
0, 0
0, 0
0, 0
0, 0
0, 0
0, 0
0, 0
0, 0
0, 0
0, 0
0, 0
0, 0
0, 0
0, 0
0, 0
0, 0
0, 0
0, 0
0, 0
0, 0
0, 0
0, 0
0, 0
0, 0
0, 0
0, 0
0, 0
0, 0
0, 0
0, 0
0, 0
0, 0
0, 0
0, 0
0, 0
0, 0
0, 0
0, 0
0, 0
0, 0
0, 0
0, 0
0, 0
0, 0
0, 0
0, 0
0, 0
0, 0
0, 0
0, 0
0, 0
0, 0
0, 0
0, 0
0, 0
0, 0
0, 0
0, 0
0, 0
0, 0
0, 0
0, 0
0, 0
0, 0
0, 0
0, 0
0, 0
0, 0
0, 0
0, 0
0, 0
0, 0
0, 0
0, 0
0, 0
0, 0
0, 0
0, 0
0, 0
0, 0
0, 0
0, 0
0, 0
0, 0
0, 0
0, 0
0, 0
0, 0
0, 0
0, 0
0, 0
0, 0
0, 0
0, 0
0, 0
0, 0
0, 0
0, 0
0, 0
0, 0
0, 0
0, 0
0, 0
0, 0
0, 0
0, 0
0, 0
0, 0
0, 0
0, 0
0, 0
0, 0
0, 0
0, 0
0, 0
0, 0
0, 0
0, 0
0, 0
0, 0
0, 0
0, 0
0, 0
0, 0
0, 0
0, 0
0, 0
0, 0
0, 0
0, 0
0, 0
0, 0
0, 0
0, 0
0, 0
0, 0
0, 0
0, 0
0, 0
0, 0
0, 0
0, 0
0, 0
0, 0
0, 0
0, 0
0, 0
0, 0
0, 0
0, 0
0, 0
0, 0
0, 0
0, 0
0, 0
0, 0
0, 0
0, 0
0, 0
0, 0
0, 0
0, 0
0, 0
0, 0
0, 0
0, 0
0, 0
0, 0
0, 0
0, 0
0, 0
0, 0
0, 0
0, 0
0, 0
0, 0
0, 0
0, 0
0, 0
0, 0
0, 0
0, 0
0, 0
0, 0
0, 0
0, 0
0, 0
0, 0
0, 0
0, 0
0, 0
0, 0
0, 0
0, 0
0, 0
0, 0
0, 0
0, 0
0, 0
0, 0
0, 0
0, 0
0, 0
0, 0
0, 0
0, 0
0, 0
0, 0
0, 0
0, 0
0, 0
0, 0
0, 0
0, 0
0, 0
0, 0
0, 0
0, 0
0, 0
0, 0
0, 0
0, 0
0, 0
0, 0
0, 0
0, 0
0, 0
0, 0
0, 0
0, 0
0, 0
0, 0
0, 0
0, 0
0, 0
0, 0
0, 0
0, 0
0, 0
0, 0
0, 0
0, 0
0, 0
0, 0
0, 0
0, 0
0, 0
0, 0
0, 0
0, 0
0, 0
0, 0
0, 0
0, 0
0, 0
0, 0
0, 0
0, 0
0, 0
0, 0
0, 0
0, 0
0, 0
0, 0
0, 0
0, 0
0, 0
0, 0
0, 0
0, 0
0, 0
0, 0
0, 0
0, 0
0, 0
0, 0
0, 0
0, 0
0, 0
0, 0
0, 0
0, 0
0, 0
0, 0
0, 0
0, 0
0, 0
0, 0
0, 0
0, 0
0, 0
0, 0
0, 0
0, 0
0, 0
0, 0
0, 0
0, 0
0, 0
0, 0
0, 0
0, 0
0, 0
0, 0
0, 0
0, 0
0, 0
0, 0
0, 0
0, 0
0, 0
0, 0
0, 0
0, 0
0, 0
0, 0
0, 0
0, 0
0, 0
0, 0
0, 0
0, 0
0, 0
0, 0
0, 0
0, 0
0, 0
0, 0
0, 0
0, 0
0, 0
0, 0
0, 0
0, 0
0, 0
0, 0
0, 0
0, 0
0, 0
0, 0
0, 0
0, 0
0, 0
0, 0
0, 0
0, 0
0, 0
0, 0
0, 0
0, 0
0, 0
0, 0
0, 0
0, 0
0, 0
0, 0
0, 0
0, 0
0, 0
0, 0
0, 0
0, 0
0, 0
0, 0
0, 0
0, 0
0, 0
0, 0
0, 0
0, 0
0, 0
0, 0
0, 0
0, 0
0, 0
0, 0
0, 0
0, 0
0, 0
0, 0
0, 0
0, 0
0, 0
0, 0
0, 0
0, 0
0, 0
0, 0
0, 0
0, 0
0, 0
0, 0
0, 0
0, 0
0, 0
0, 0
0, 0
0, 0
0, 0
0, 0
0, 0
0, 0
0, 0
0, 0
0, 0
0, 0
0, 0
0, 0
0, 0
0, 0
0, 0
0, 0
0, 0
0, 0
0, 0
0, 0
0, 0
0, 0
0, 0
0, 0
0, 0
0, 0
0, 0
0, 0
0, 0
0, 0
0, 0
0, 0
0, 0
0, 0
0, 0
0, 0
0, 0
0, 0
0, 0
0, 0
0, 0
0, 0
0, 0
0, 0
0, 0
0, 0
0, 0
0, 0
0, 0
0, 0
0, 0
0, 0
0, 0
0, 0
0, 0
0, 0
0, 0
0, 0
0, 0
0, 0
0, 0
0, 0
0, 0
0, 0
0, 0
0, 0
0, 0
0, 0
0, 0
0, 0
0, 0
0, 0
0, 0
0, 0
0, 0
0, 0
0, 0
0, 0
0, 0
0, 0
0, 0
0, 0
0, 0
0, 0
0, 0
0, 0
0, 0
0, 0
0, 0
0, 0
0, 0
0, 0
0, 0
0, 0
0, 0
0, 0
0, 0
0, 0
0, 0
0, 0
0, 0
0, 0
0, 0
0, 0
0, 0
0, 0
0, 0
0, 0
0, 0
0, 0
0, 0
0, 0
0, 0
0, 0
0, 0
0, 0
0, 0
0, 0
0, 0
0, 0
0, 0
0, 0
0, 0
0, 0
0, 0
0, 0
0, 0
0, 0
0, 0
0, 0
0, 0
0, 0
0, 0
0, 0
0, 0
0, 0
0, 0
0, 0
0, 0
0, 0
0, 0
0, 0
0, 0
0, 0
0, 0
0, 0
0, 0
0, 0
0, 0
0, 0
0, 0
0, 0
0, 0
0, 0
0, 0
0, 0
0, 0
0, 0
0, 0
0, 0
0, 0
0, 0
0, 0
0, 0
0, 0
0, 0
0, 0
0, 0
0, 0
0, 0
0, 0
0, 0
0, 0
0, 0
0, 0
0, 0
0, 0
0, 0
0, 0
0, 0
0, 0
0, 0
0, 0
0, 0
0, 0
0, 0
0, 0
0, 0
0, 0
0, 0
0, 0
0, 0
0, 0
0, 0
0, 0
0, 0
0, 0
0, 0
0, 0
0, 0
0, 0
0, 0
0, 0
0, 0
0, 0
0, 0
0, 0
0, 0
0, 0
0, 0
0, 0
0, 0
0, 0
0, 0
0, 0
0, 0
0, 0
0, 0
0, 0
0, 0
0, 0
0, 0
0, 0
0, 0
0, 0
0, 0
0, 0
0, 0
