4096,
1,
256,
-33, -1
479, -609
640, -179
232, 738
-367, 972
-606, 481
-568, 142
-702, 322
-825, 622
-309, 709
582, 580
743, 218
-40, -284
-558, -538
-7, -286
743, 213
554, 575
-299, 713
-779, 634
-698, 337
-599, 154
-594, 495
-307, 982
254, 731
599, -201
455, -626
0, 0
-455, 625
-597, 200
-256, -732
299, -983
592, -501
597, -163
693, -345
772, -645
290, -719
-563, -567
-748, -202
11, 283
568, 525
47, 283
-748, -202
-597, -567
290, -719
806, -645
693, -345
563, -160
592, -501
333, -985
-256, -732
-633, 202
-455, 625
33, -2
455, -626
563, -199
254, 731
-271, 980
-594, 495
-633, 157
-698, 337
-746, 632
-299, 713
520, 575
743, 213
26, -285
-558, -538
-74, -284
743, 218
616, 578
-309, 709
-858, 622
-702, 322
-534, 140
-606, 481
-403, 972
232, 738
674, -182
479, -609
-69, 1
-482, 605
-537, 171
-220, -744
283, -966
618, -467
674, -129
712, -302
743, -592
338, -698
-453, -605
-731, -255
-76, 284
525, 568
91, 285
-729, -264
-614, -617
355, -688
933, -566
724, -275
508, -103
640, -436
506, -945
-175, -756
-719, 130
-525, 567
103, 2
530, -566
515, -127
158, 758
-331, 936
-657, 411
-717, 68
-738, 234
-760, 519
-400, 661
359, 647
702, 323
139, -278
-465, -619
-95, -293
698, 338
580, 674
-424, 646
-1021, 464
-750, 193
-482, 44
-686, 361
-645, 881
88, 770
765, -47
590, -503
-136, -15
-594, 495
-494, 61
-62, -773
410, -887
702, -323
755, 21
762, -139
789, -414
486, -604
-235, -691
-652, -418
-211, 255
376, 676
88, 299
-642, -435
-510, -749
515, -578
1113, -311
770, -81
448, 28
731, -254
806, -774
31, -774
-796, -70
-662, 404
165, 33
666, -395
462, 21
-64, 771
-518, 805
-748, 202
-774, -147
-774, 6
-813, 270
-582, 509
76, 722
568, 525
287, -215
-249, -735
-67, -312
551, 542
400, 829
-614, 473
-1187, 99
-772, -65
-400, -116
-767, 109
-973, 605
-182, 752
801, 223
726, -266
-189, -65
-731, 253
-414, -116
218, -743
635, -681
772, -45
760, 302
760, 153
818, -93
676, -376
112, -724
-443, -636
-362, 150
83, 770
31, 316
-419, -653
-239, -895
702, -323
1213, 167
736, 237
331, 203
772, 69
1122, -367
352, -690
-762, -404
-770, 87
203, 105
772, -71
340, 213
-391, 668
-748, 502
-760, -147
-698, -480
-698, -339
-782, -116
-750, 193
-326, 673
268, 726
422, -55
117, -765
16, -311
235, 738
31, 925
-762, 128
-1161, -483
-647, -425
-230, -288
-724, -274
-1213, 51
-525, 567
657, 594
765, 127
-201, -156
-760, -144
-235, -300
563, -532
827, -273
688, 355
566, 657
570, 522
681, 335
774, 31
542, -551
-43, -773
-453, -70
-338, 697
-74, 291
-4, -775
211, -892
767, 105
995, 808
489, 602
98, 345
606, 482
1204, 323
676, -379
-474, -768
-686, -360
175, 211
676, 376
93, 359
-702, 322
-837, -8
-539, -557
-359, -804
-371, -679
-501, -540
-722, -284
-726, 344
-213, 742
438, 213
549, -544
134, -249
-254, 730
-465, 766
-686, -360
-695, -1097
-254, -732
59, -359
-403, -663
-1053, -718
-765, 118
211, 882
518, 575
-124, -257
-501, -593
74, -371
772, -52
743, 307
302, 712
79, 877
100, 767
237, 686
568, 525
837, -55
472, -614
-364, -360
-712, 301
-182, 178
508, -585
683, -534
501, 592
263, 1276
-40, 773
-227, 308
119, 765
731, 1065
753, 182
112, -894
-254, -732
47, 285
230, 738
-249, 313
-731, -255
-527, -576
2, -774
239, -834
213, -743
91, -726
-311, -711
-822, -284
-678, 370
220, 474
774, 11
206, -88
-702, 322
-810, 205
-213, -747
251, -1268
359, -686
369, -189
211, -746
-251, -1274
-606, -483
-443, 761
-79, 769
43, -275
105, -767
393, -179
551, 544
194, 748
-338, 697
-544, 646
-515, 577
-434, 613
-31, 773
650, 614
774, -33
-23, -523
-688, -356
-189, -12
774, 21
782, 179
-143, 759
-762, 1018
-630, 449
-448, 1
-525, 567
-319, 1246
319, 705
710, -472
424, -647
-131, 224
-448, 629
-465, -22
-235, -739
211, -755
623, -458
750, -316
726, -268
705, -338
393, -666
-314, -847
-698, -339
-194, 469
436, 640
127, 103
-669, -392
-563, -535
494, -597
1127, -520
770, -88
426, 215
736, -239
856, -928
69, -772
-818, 58
-688, 351
191, -129
702, -323
426, 249
-163, 757
-594, 548
-770, 82
-772, -106
-762, -137
-815, -65
-676, 375
-127, 886
426, 645
371, -302
-45, -773
-21, -156
369, 681
172, 750
-731, 253
-1199, -142
-702, -327
-285, -406
-753, -183
-1182, 339
-465, 620
693, 381
772, 64
-196, 6
-767, -99
-263, -437
542, -551
829, -146
695, 343
561, 506
568, 525
686, 491
772, 50
554, -676
-7, -775
-443, 46
-383, 670
-100, 142
64, -772
304, -724
750, 191
887, 782
405, 662
47, 494
525, 570
1137, 379
731, -254
-326, -706
-602, -487
131, 105
578, 515
2, 508
-760, 147
-801, -351
-376, -677
-136, -737
-165, -756
-314, -795
-604, -487
-808, 231
-441, 634
355, 218
702, -323
199, -57
-501, 589
-702, 411
-496, -595
-225, -1154
59, -772
218, -426
-88, -771
-659, -979
-741, -228
-189, 761
194, 750
-9, -166
-155, -759
266, -407
698, 338
465, 760
-107, 766
-369, 670
-323, 701
-196, 819
184, 753
748, 307
738, -235
-115, -392
-755, -173
-227, -75
758, -158
841, 107
23, 774
-570, 1047
-525, 567
-403, 195
-410, 656
-127, 1176
436, 640
659, -477
316, -707
-131, 133
-355, 687
-429, 145
-328, -703
86, -880
568, -525
746, -285
698, -335
640, -506
338, -698
-345, -718
-717, -291
-196, 373
467, 618
160, 203
-681, -370
-606, -624
482, -606
1149, -429
770, -91
400, 112
738, -232
899, -808
88, -770
-844, -70
-702, 322
223, -16
719, -285
386, 175
-218, 742
-614, 601
-774, 13
-782, -281
-743, -214
-782, -53
-717, 291
-259, 764
338, 698
431, -146
69, -772
-16, -257
254, 731
59, 870
-765, 118
-1170, -461
-626, -456
-182, -358
-698, -334
-1244, -22
-592, 500
602, 628
734, 247
-206, -140
-719, -291
-124, -394
671, -386
825, -9
568, 525
403, 743
386, 671
489, 582
719, 290
753, -369
247, -734
-443, -197
-592, 500
-134, 190
333, -698
537, -657
626, 455
534, 1151
119, 765
-158, 380
254, 731
892, 899
772, 69
-7, -869
-338, -699
79, 244
292, 717
-230, 363
-743, -214
-544, -591
-14, -775
225, -803
218, -743
117, -758
-285, -720
-818, -293
-702, 322
196, 458
770, 88
199, -31
-738, 231
-813, 51
-91, -771
448, -1173
482, -606
422, -141
369, -681
28, -1264
-467, -619
-604, 586
-290, 716
93, -220
338, -698
460, -74
335, 698
-112, 800
-568, 524
-717, 361
-702, 327
-681, 411
-355, 687
352, 808
707, 316
182, -446
-436, -641
-119, -132
657, 410
534, 582
-525, 567
-1151, 416
-774, 22
-414, -231
-758, 157
-949, 790
-172, 754
803, 88
738, -235
-196, 66
-753, 183
-383, -308
323, -702
724, -422
767, 107
700, 326
698, 338
784, 268
758, -155
374, -779
-194, -751
-429, 133
-227, 740
-62, 174
-88, -771
160, -784
772, 59
1005, 647
496, 594
110, 467
590, 501
1173, 268
702, -323
-386, -691
-635, -442
139, 115
604, 486
23, 489
-755, 164
-808, -322
-376, -677
-124, -759
-148, -761
-287, -787
-578, -516
-815, 162
-486, 601
328, 266
731, -254
213, -55
-570, 524
-762, 332
-405, -663
-28, -1195
191, -750
280, -359
64, -772
-429, -1114
-671, -384
-374, 716
7, 774
47, -182
50, -772
352, -297
568, 525
230, 844
-343, 694
-587, 533
-542, 550
-450, 680
-98, 766
558, 582
772, 64
71, -422
-621, -466
-199, -144
753, 182
734, 446
-326, 701
-1014, 685
-731, 253
-422, -39
-681, 368
-729, 968
45, 772
839, -76
645, -426
-213, 56
-676, 375
-407, -140
136, -762
554, -647
770, -83
798, 208
758, 163
784, 21
702, -323
232, -784
-352, -689
-431, 162
-69, 771
14, 244
-239, -737
-35, -859
770, -88
1146, 508
597, 494
151, 381
669, 391
1240, 124
640, -436
-530, -682
-698, -339
191, 151
666, 393
52, 422
-726, 267
-806, -154
-458, -624
-254, -795
-235, -739
-338, -691
-630, -449
-829, 188
-424, 646
388, 292
705, -319
170, -131
-525, 567
-698, 447
-450, -631
-146, -1250
143, -760
297, -316
21, -774
-518, -1150
-688, -356
-311, 788
33, 774
7, -239
31, -774
381, -247
578, 515
206, 784
-338, 697
-551, 593
-544, 550
-489, 620
-105, 766
585, 650
770, 79
47, -479
-606, -483
-160, -94
746, 211
681, 419
-359, 685
-1014, 689
-746, 212
-450, -123
-702, 322
-765, 972
-11, 773
810, -67
678, -371
-184, 94
-710, 310
-424, -236
213, -743
652, -527
774, 2
738, 242
731, 254
806, 175
738, -230
304, -803
-254, -732
-419, 157
-182, 752
-52, 186
-119, -766
131, -796
774, 40
1014, 640
501, 592
107, 460
585, 508
1165, 302
712, -302
-357, -715
-614, -473
129, 131
568, 525
-11, 478
-767, 99
-777, -387
-302, -713
-33, -778
-52, -773
-187, -809
-501, -593
-825, 27
-575, 517
273, 328
765, -119
225, -23
-662, 402
-820, 178
-254, -732
244, -1182
359, -686
352, -271
254, -731
-119, -1198
-544, -550
-568, 596
-213, 742
110, -170
283, -722
417, -163
371, 678
-47, 862
-556, 538
-746, 308
-702, 322
-654, 459
-376, 675
283, 762
686, 359
247, -371
-379, -677
-136, -202
606, 482
484, 707
-602, 488
-1230, 171
-767, -106
-338, -240
-774, 3
-1122, 512
-338, 697
784, 338
772, -43
-230, -48
-774, -32
-254, -344
522, -570
798, -232
688, 355
566, 606
532, 563
609, 477
760, 143
669, -508
127, -765
-462, -118
-525, 567
-117, 188
273, -724
491, -676
647, 424
570, 1117
129, 762
-163, 397
235, 738
856, 918
765, 117
57, -846
-268, -727
55, 232
194, 750
-290, 344
-698, -339
-414, -701
146, -760
388, -712
391, -669
323, -719
-71, -773
-707, -502
-770, 87
47, 477
690, 352
179, 62
-772, -70
-748, -296
237, -736
894, -844
702, -323
460, 52
652, -419
633, -1062
-83, -771
-801, 157
-635, 442
177, -112
676, -376
438, 194
-153, 759
-611, 574
-772, 44
-753, -207
-743, -219
-810, -140
-731, 253
-285, 805
266, 726
419, -155
182, -753
52, -191
110, 767
-151, 797
-772, -65
-988, -684
-474, -615
-86, -459
-551, -543
-1141, -387
-734, 248
292, 748
568, 525
-112, -152
-510, -583
62, -470
774, -7
724, 477
203, 748
-81, 778
-64, 771
59, 820
395, 666
813, 122
662, -405
-201, -382
-774, -32
-232, -15
731, -254
846, -4
81, 770
-520, 1100
-515, 577
-400, 166
-434, 641
-208, 1193
376, 676
719, -422
417, -652
-163, 138
-486, 603
-438, 15
-139, -763
314, -794
702, -323
818, -47
772, -62
765, -191
594, -496
26, -822
-503, -591
-379, 258
88, 770
55, 230
-362, -687
-165, -835
750, -194
1199, 352
647, 424
189, 374
698, 338
1244, 35
618, -465
-551, -653
-702, -324
194, 141
662, 400
40, 434
-738, 234
-791, -212
-412, -658
-184, -804
-158, -759
-249, -739
-566, -531
-853, 73
-525, 567
335, 345
755, -175
189, -79
-640, 435
-777, 253
-275, -725
187, -1228
355, -688
386, -227
263, -729
-124, -1241
-525, -569
-561, 610
-254, 730
88, -203
338, -698
462, -81
302, 712
-175, 809
-618, 466
-750, 250
-743, 219
-748, 310
-482, 605
177, 844
609, 479
285, -359
-232, -739
-59, -183
482, 606
275, 758
-702, 322
-1204, -106
-710, -310
-285, -370
-743, -219
-1197, 198
-537, 557
609, 525
743, 213
-175, -80
-714, -300
-139, -459
698, -338
851, 131
496, 594
251, 738
254, 731
376, 734
626, 455
803, -208
455, -626
-335, -274
-731, 255
-215, 66
592, -501
784, -299
345, 693
-107, 1208
-290, 718
-328, 294
-201, 747
189, 1194
568, 525
549, -621
201, -748
-110, 176
-290, 718
-422, 142
-345, -694
91, -851
592, -501
772, -259
731, -256
698, -379
455, -626
-175, -804
-626, -456
-307, 334
254, 731
100, 213
-496, -595
-326, -787
698, -338
1240, 119
714, 299
254, 335
743, 213
1230, -167
537, -558
-642, -562
-743, -219
208, 112
710, 309
98, 426
-702, 322
-813, -118
-482, -607
-266, -780
-232, -739
-319, -713
-609, -480
-844, 142
-482, 605
357, 321
743, -220
184, -88
-618, 466
-767, 284
-302, -713
151, -1230
338, -698
381, -237
254, -731
-131, -1238
-525, -569
-563, 605
-263, 728
91, -199
355, -688
465, -69
275, 724
-208, 805
-640, 435
-762, 205
-755, 174
-770, 262
-525, 567
110, 851
566, 530
314, -328
-158, -759
-38, -192
412, 657
182, 789
-738, 234
-1177, -264
-662, -401
-235, -404
-702, -324
-1211, 6
-618, 464
510, 623
698, 338
-155, -113
-647, -425
-55, -471
750, -194
810, 295
362, 686
83, 782
88, 770
206, 794
503, 590
825, -7
594, -496
-251, -356
-772, 61
-230, 13
702, -323
841, -81
139, 762
-450, 1133
-486, 603
-395, 176
-417, 651
-194, 1200
376, 676
724, -419
434, -642
-167, 138
-515, 577
-438, -17
-81, -771
379, -755
731, -254
820, 33
774, 31
782, -79
662, -405
158, -815
-395, -667
-424, 193
-64, 771
11, 227
-203, -749
26, -841
774, -7
1074, 638
510, 582
71, 422
568, 525
1182, 400
734, -249
-316, -787
-551, -543
139, 189
474, 614
-131, 428
-772, -65
-635, -519
-110, -768
155, -796
182, -753
107, -784
-266, -727
-803, -317
-731, 253
139, 453
743, 218
191, 35
-772, 44
-784, -202
153, -760
815, -916
676, -376
460, 19
635, -443
614, -1067
-83, -771
-803, 133
-652, 418
182, -93
702, -323
422, 223
-237, 735
-683, 502
-772, -70
-705, -339
-690, -353
-770, -288
-770, 87
-462, 701
71, 772
438, -23
391, -669
117, -177
-146, 759
-422, 709
-698, -339
-650, -1020
-194, -751
100, -441
-268, -727
-839, -866
-765, -118
-110, 809
235, 738
-7, -202
-129, -763
292, -347
647, 424
338, 791
-273, 723
-549, 586
-525, 567
-453, 661
-127, 764
515, 640
760, 143
134, -429
-532, -564
-172, -161
688, 355
594, 606
-522, 569
-1197, 330
-774, -32
-357, -226
-772, 42
-1108, 550
-338, 697
777, 345
774, -4
-227, -51
-767, -106
-208, -387
602, -489
822, -79
606, 482
424, 702
379, 676
453, 638
686, 359
803, -287
376, -676
-400, -262
-702, 322
-172, 109
556, -539
731, -367
371, 678
-43, 1236
-283, 721
-364, 265
-213, 742
187, 1228
544, 549
549, -616
254, -731
-91, 195
-359, 685
-467, 66
-254, -732
242, -801
662, -403
772, -153
765, -119
789, -203
575, -518
-21, -854
-501, -593
-352, 279
52, 772
7, 201
-302, -713
-45, -816
767, -100
1103, 489
568, 525
148, 434
614, 472
1175, 280
712, -302
-333, -742
-585, -509
115, 158
501, 592
-81, 454
-774, -41
-683, -528
-119, -766
187, -774
182, -753
81, -806
-254, -732
-760, -312
-738, 229
86, 434
731, 254
223, 71
-774, -3
-801, -281
213, -743
923, -818
710, -311
424, 40
678, -371
765, -961
11, -774
-846, 1
-702, 322
225, -40
746, -213
347, 263
-359, 685
-729, 399
-746, -212
-657, -492
-606, -483
-662, -415
-770, -80
-640, 555
-105, 766
462, 105
544, -551
127, -170
-338, 697
-566, 598
-578, -516
-367, -1188
31, -774
256, -364
-33, -775
-558, -1111
-688, -356
-338, 757
-21, 773
31, -218
143, -760
426, -194
450, 630
-7, 831
-525, 567
-705, 358
-705, 318
-707, 399
-424, 646
235, 822
630, 448
275, -359
-235, -739
-57, -192
458, 623
230, 782
-726, 267
-1185, -238
-666, -394
-232, -399
-698, -339
-1209, -39
-640, 435
470, 662
669, 391
-141, -135
-597, -495
2, -465
770, -88
758, 410
239, 736
-64, 790
-69, 771
33, 810
352, 688
796, 206
702, -323
-141, -420
-758, -164
-227, -46
770, -83
825, 194
-136, 761
-839, 903
-676, 375
-426, -3
-645, 425
-686, 1020
45, 772
844, -62
681, -369
-223, 51
-731, 253
-362, -245
326, -702
712, -429
753, 182
674, 470
621, 465
674, 400
772, 64
630, -568
98, -767
-465, -104
-542, 550
-127, 166
343, -695
573, -590
568, 525
343, 1192
-50, 771
-268, 356
7, 774
515, 1129
671, 383
374, -738
64, -772
-43, 212
-191, 749
-438, 166
-405, -663
71, -832
570, -525
731, -295
731, -254
743, -333
486, -602
-148, -840
-578, -516
-314, 322
148, 760
31, 201
-376, -677
-122, -809
755, -165
1139, 405
604, 486
172, 424
635, 441
1187, 235
702, -323
-350, -737
-590, -502
115, 160
496, 594
-88, 452
-772, -60
-664, -547
-88, -771
227, -767
227, -741
136, -794
-194, -751
-729, -382
-758, 154
38, 446
698, 338
213, 93
-767, -108
-753, -389
323, -702
1045, -662
753, -184
407, 122
738, -235
945, -798
172, -755
-829, -173
-758, 157
232, 7
774, -23
266, 350
-525, 567
-806, 181
-657, -411
-491, -655
-436, -641
-501, -605
-707, -317
-789, 327
-355, 687
405, 249
702, -328
175, -105
-568, 524
-743, 334
-335, -699
119, -1228
338, -698
388, -237
290, -717
-40, -1236
-467, -619
-633, 521
-369, 680
122, -170
482, -606
474, 21
91, 770
-422, 730
-738, 231
-782, -56
-770, -89
-820, -17
-702, 322
-237, 807
285, 719
419, -136
218, -743
71, -201
14, 774
-278, 778
-743, -214
-798, -910
-292, -718
50, -446
-338, -699
-909, -802
-772, -70
-74, 819
254, 731
-9, -207
-119, -766
302, -331
626, 455
283, 806
-333, 697
-609, 533
-592, 500
-539, 581
-247, 733
391, 729
719, 290
225, -400
-386, -672
-129, -190
568, 525
403, 741
-671, 385
-1244, -58
-719, -291
-249, -348
-734, -248
-1242, 87
-592, 500
566, 628
698, 333
-187, -137
-626, -456
14, -450
765, -119
734, 371
254, 731
-23, 807
-69, 771
-9, 795
338, 698
822, 249
717, -292
-151, -444
-743, -214
-191, -48
774, -14
770, 259
-218, 742
-906, 812
-719, 284
-455, -80
-702, 322
-810, 912
-88, 769
808, 74
738, -232
-196, 22
-770, 90
-328, -339
482, -606
827, -223
681, 369
494, 614
467, 618
561, 594
717, 290
743, -364
338, -698
-374, -231
-698, 334
-208, 92
568, -525
782, -316
328, 702
-177, 1210
-355, 687
-362, 236
-316, 706
-45, 1220
436, 640
695, -472
410, -657
-167, 147
-525, 567
-436, -46
-23, -775
453, -702
758, -158
806, 151
755, 172
777, 98
738, -235
371, -758
-184, -754
-470, 61
-323, 701
-67, 200
107, -767
371, -738
698, 338
659, 1053
155, 758
-165, 411
194, 750
760, 981
741, 227
215, -801
-88, -771
-4, 217
-59, 771
-405, 234
-496, -595
-40, -835
501, -590
695, -374
702, -323
710, -398
441, -635
-199, -828
-604, -487
-302, 330
165, 755
33, 203
-376, -677
-112, -814
760, -148
1122, 450
578, 515
146, 429
602, 486
1161, 340
731, -254
-266, -775
-525, -571
91, 182
405, 662
-155, 425
-750, -192
-554, -653
64, -772
383, -710
383, -671
314, -734
-7, -775
-604, -564
-772, -51
-91, 445
568, 525
177, 146
-695, -344
-590, -605
542, -551
1216, -266
767, 98
328, 273
772, 64
1187, -371
465, -621
-686, -495
-753, -183
211, 98
702, 326
71, 443
-731, 253
-789, -240
-369, -682
-103, -802
-45, -773
-103, -790
-426, -646
-846, -144
-676, 375
199, 422
762, 136
194, 28
-770, 82
-786, -197
163, -758
853, -870
702, -323
458, 57
688, -352
779, -940
69, -772
-810, -63
-736, 238
196, -23
770, -88
326, 340
-494, 596
-832, 202
-669, -392
-465, -636
-436, -641
-525, -624
-698, -339
-767, 306
-393, 665
352, 266
726, -268
218, -74
-623, 457
-813, 224
-235, -739
340, -1180
448, -630
391, -177
424, -647
249, -1201
-319, -706
-770, 344
-525, 567
194, -117
630, -450
414, 141
-143, 759
-597, 577
-774, -22
-748, -334
-688, -356
-724, -300
-774, 32
-566, 634
-31, 773
470, 67
515, -578
122, -165
-338, 697
-580, 577
-551, -545
-280, -1202
105, -767
299, -338
79, -770
-364, -1183
-606, -483
-494, 656
-211, 745
86, -191
359, -686
470, -62
213, 746
-311, 785
-702, 322
-784, 30
-774, -12
-818, 51
-678, 370
-194, 817
311, 710
417, -143
213, -743
71, -203
-2, 773
-309, 771
-731, -255
-734, -970
-230, -739
93, -431
-254, -732
-794, -919
-753, -183
-208, 802
119, 765
31, -211
40, -774
367, -249
501, 592
74, 841
-508, 584
-736, 349
-712, 301
-690, 378
-472, 613
115, 827
568, 525
359, -299
-100, -768
-47, -216
302, 712
52, 832
-772, 51
-1089, -605
-501, -593
-47, -437
-518, -576
-1120, -540
-765, 118
148, 820
403, 662
-83, -207
-254, -732
280, -369
686, 359
350, 755
-254, 730
-520, 596
-549, 543
-537, 605
-213, 742
446, 726
722, 283
191, -407
-371, -679
-88, -185
539, 556
311, 758
-702, 322
-1197, -180
-676, -377
-232, -392
-686, -360
-1204, -118
-676, 378
391, 719
606, 482
-115, -166
-489, -603
103, -441
767, 105
618, 592
4, 774
-323, 737
-338, 697
-273, 749
43, 772
626, 542
774, 31
83, -450
-570, -523
-177, -144
688, 355
573, 616
-563, 531
-1228, 207
-760, -144
-309, -300
-765, -128
-1216, 262
-525, 567
626, 563
724, 273
-196, -123
-647, -425
0, -455
762, -129
731, 381
235, 738
-57, 800
-117, 764
-74, 797
268, 726
789, 335
750, -194
-83, -454
-698, -339
-177, -92
760, 146
688, 431
-391, 668
-1086, 538
-772, 70
-412, -202
-770, 87
-1062, 584
-352, 689
722, 374
772, 69
-187, -68
-736, -238
-153, -437
702, -323
841, 175
419, 652
117, 789
83, 770
165, 789
443, 635
815, 127
676, -376
-158, -420
-760, -154
-227, -44
772, -45
808, 251
-218, 742
-959, 785
-731, 253
-414, -101
-726, 265
-930, 817
-182, 752
822, 196
767, -110
-230, -22
-772, -65
-213, -394
614, -474
825, -14
551, 542
321, 743
249, 734
297, 736
568, 525
858, -50
582, -510
-278, -377
-774, 6
-196, 3
748, -203
808, 81
-64, 771
-746, 960
-666, 394
-460, -15
-662, 404
-719, 982
-31, 773
810, 35
731, -254
-196, 20
-770, 80
-319, -346
515, -578
841, -165
642, 434
414, 674
376, 676
458, 671
652, 417
801, -196
486, -604
-304, -324
-762, 138
-227, 37
702, -323
844, -52
62, 772
-614, 1071
-594, 495
-422, 56
-590, 502
-592, 1083
88, 770
841, -88
686, -362
-225, 51
-750, 193
-331, -296
424, -647
774, -283
698, 338
539, 609
465, 618
510, 602
702, 323
801, -304
400, -662
-379, -281
-738, 234
-187, 66
657, -412
796, -158
158, 758
-446, 1136
-530, 565
-446, 109
-525, 567
-426, 1143
175, 755
791, -182
640, -436
-184, 75
-724, 274
-395, -257
355, -688
777, -364
729, 263
566, 551
525, 568
602, 549
731, 254
734, -379
338, -698
-369, -245
-712, 301
-215, 82
618, -467
815, -227
220, 743
-383, 1172
-482, 605
-403, 142
-479, 608
-371, 1174
232, 738
810, -242
606, -482
-213, 90
-702, 322
-376, -231
309, -710
717, -412
743, 218
633, 515
558, 537
599, 513
743, 213
748, -419
299, -714
-414, -224
-698, 337
-175, 92
594, -496
770, -263
254, 731
-299, 1186
-455, 625
-431, 159
-455, 625
-295, 1186
256, 731
767, -268
592, -501
-175, 94
-693, 344
-417, -219
290, -719
741, -431
748, 201
609, 503
568, 525
642, 501
748, 201
707, -429
290, -719
-383, -221
-693, 344
-208, 94
592, -501
801, -268
256, 731
-328, 1186
-455, 625
-395, 157
-455, 625
-333, 1186
254, 731
803, -263
594, -496
-211, 94
-698, 337
-381, -226
299, -714
712, -417
743, 213
633, 513
558, 537
597, 515
743, 218
750, -412
309, -710
-410, -231
-702, 322
-177, 87
606, -482
777, -239
232, 738
-338, 1172
-479, 608
-436, 142
-482, 605
-350, 1169
220, 743
779, -225
618, -467
-179, 82
-712, 301
-403, -245
338, -698
770, -379
731, 254
568, 549
525, 568
599, 551
729, 263
741, -362
355, -688
-359, -260
-724, 274
-218, 75
640, -436
825, -184
175, 755
-462, 1145
-525, 567
-412, 106
-530, 565
-479, 1138
158, 758
832, -158
657, -412
-220, 66
-738, 234
-343, -281
400, -662
767, -304
702, 323
546, 602
465, 618
506, 609
698, 338
810, -285
424, -647
-364, -296
-750, 193
-191, 49
686, -362
808, -88
88, 770
-558, 1083
-590, 502
-458, 58
-594, 495
-580, 1068
62, 772
810, -52
702, -323
-194, 37
-762, 138
-338, -322
486, -604
834, -199
652, 417
424, 671
376, 676
450, 674
642, 434
808, -165
515, -578
-283, -346
-770, 80
-230, 22
731, -254
846, 35
-31, 773
-753, 982
-662, 404
-426, -15
-666, 394
-782, 963
-64, 771
841, 81
748, -203
-232, 3
-774, 6
-244, -377
582, -510
822, -47
568, 525
333, 736
249, 734
287, 746
551, 542
858, -14
614, -474
-249, -392
-772, -65
-196, -22
767, -110
789, 199
-182, 752
-897, 817
-726, 265
-448, -99
-731, 253
-923, 785
-218, 742
774, 251
772, -45
-194, -44
-760, -154
-194, -418
676, -376
849, 127
443, 635
131, 791
83, 770
151, 789
419, 652
806, 177
702, -323
-119, -439
-736, -238
-220, -65
772, 69
755, 374
-352, 689
-1098, 584
-770, 87
-379, -204
-772, 70
-1120, 541
-391, 668
724, 431
760, 146
-211, -89
-698, -339
-47, -456
750, -194
755, 338
268, 726
-40, 795
-117, 764
-91, 800
235, 738
767, 381
762, -129
-33, -454
-647, -425
-160, -123
724, 273
592, 566
-525, 567
-1182, 262
-765, -128
-343, -298
-760, -144
-1192, 205
-563, 531
539, 618
688, 355
-143, -147
-570, -523
50, -448
774, 31
659, 539
43, 772
-307, 749
-338, 697
-290, 735
4, 774
582, 592
767, 105
139, -443
-489, -603
-151, -166
606, 482
424, 719
-676, 378
-1240, -116
-686, -360
-196, -394
-676, -377
-1230, -180
-702, 322
347, 758
539, 556
-122, -183
-371, -679
227, -410
722, 283
410, 729
-213, 742
-503, 605
-549, 543
-554, 598
-254, 730
383, 753
686, 359
247, -369
-254, -732
-50, -209
403, 662
115, 822
-765, 118
-1086, -543
-518, -576
-81, -435
-501, -593
-1053, -605
-772, 51
19, 832
302, 712
-14, -216
-100, -768
326, -297
568, 525
151, 827
-472, 613
-726, 378
-712, 301
-702, 349
-508, 584
38, 844
501, 592
403, -249
40, -774
-2, -212
119, 765
-172, 802
-753, -183
-827, -919
-254, -732
129, -434
-230, -739
-767, -967
-731, -255
-275, 771
-2, 773
38, -203
213, -743
450, -143
311, 710
-230, 819
-678, 370
-784, 49
-774, -12
-818, 32
-702, 322
-275, 783
213, 746
434, -59
359, -686
119, -194
-211, 745
-527, 656
-606, -483
-328, -1183
79, -770
266, -335
105, -767
-244, -1205
-551, -545
-614, 577
-338, 697
158, -167
515, -578
434, 69
-31, 773
-530, 632
-774, 32
-760, -298
-688, -356
-714, -336
-774, -22
-633, 579
-143, 759
450, 141
630, -450
160, -117
-525, 567
-736, 342
-319, -706
213, -1201
424, -647
426, -177
448, -630
307, -1180
-235, -739
-779, 224
-623, 457
182, -71
726, -268
386, 263
-393, 665
-803, 306
-698, -339
-491, -627
-436, -641
-501, -636
-669, -392
-798, 200
-494, 596
290, 343
770, -88
230, -26
-736, 238
-844, -60
69, -772
813, -940
688, -352
424, 57
702, -323
887, -870
163, -758
-822, -195
-770, 82
230, 28
762, 136
165, 424
-676, 375
-813, -144
-426, -646
-136, -787
-45, -773
-67, -804
-369, -682
-822, -240
-731, 253
105, 441
702, 326
175, 100
-753, -183
-652, -495
465, -621
1151, -369
772, 64
362, 273
767, 98
1180, -263
542, -551
-556, -607
-695, -344
143, 148
568, 525
-57, 442
-772, -51
-638, -562
-7, -775
350, -736
383, -671
347, -707
64, -772
-520, -655
-750, -192
-191, 428
405, 662
124, 179
-525, -571
-299, -775
731, -254
1194, 338
602, 486
112, 431
578, 515
1158, 448
760, -148
-146, -814
-376, -677
67, 201
165, 755
-335, 332
-604, -487
-165, -828
441, -635
676, -395
702, -323
729, -374
501, -590
-76, -835
-496, -595
-371, 231
-59, 771
-38, 219
-88, -771
249, -803
741, 227
726, 983
194, 750
-131, 411
155, 758
623, 1053
698, 338
405, -738
107, -767
-103, 202
-323, 701
-434, 58
-184, -754
338, -755
738, -235
813, 98
755, 172
772, 151
758, -158
486, -705
-23, -775
-470, -46
-525, 567
-131, 145
410, -657
659, -472
436, 640
-11, 1220
-316, 706
-395, 238
-355, 687
-143, 1210
328, 702
746, -316
568, -525
-175, 90
-698, 334
-407, -228
338, -698
777, -367
717, 290
527, 597
467, 618
527, 611
681, 369
794, -223
482, -606
-295, -341
-770, 90
-230, 25
738, -232
841, 71
-88, 769
-844, 915
-702, 322
-419, -82
-719, 284
-940, 814
-218, 742
803, 256
774, -14
-225, -46
-743, -214
-117, -444
717, -292
789, 249
338, 698
23, 794
-69, 771
-57, 807
254, 731
770, 371
765, -119
-19, -449
-626, -456
-153, -140
698, 333
530, 630
-592, 500
-1206, 85
-734, -248
-283, -348
-719, -291
-1209, -60
-671, 385
367, 741
568, 525
-95, -190
-386, -672
189, -398
719, 290
424, 729
-247, 733
-573, 584
-592, 500
-575, 533
-333, 697
249, 806
626, 455
338, -333
-119, -766
-43, -207
254, 731
-40, 819
-772, -70
-942, -799
-338, -699
83, -446
-292, -718
-834, -910
-743, -214
-244, 778
14, 774
35, -199
218, -743
455, -139
285, 719
-271, 809
-702, 322
-784, -20
-770, -89
-818, -56
-738, 231
-386, 730
91, 770
438, 23
482, -606
155, -172
-369, 680
-666, 521
-467, -619
-7, -1236
290, -717
355, -235
338, -698
155, -1228
-335, -699
-779, 334
-568, 524
208, -105
702, -328
369, 251
-355, 687
-755, 327
-707, -317
-534, -605
-436, -641
-458, -655
-657, -411
-839, 181
-525, 567
302, 347
774, -23
199, 9
-758, 157
-796, -176
172, -755
909, -796
738, -235
441, 119
753, -184
1012, -662
323, -702
-719, -392
-767, -108
179, 95
698, 338
71, 443
-758, 154
-762, -382
-194, -751
172, -796
227, -741
194, -765
-88, -771
-630, -547
-772, -60
-122, 452
496, 594
148, 160
-590, -502
-383, -735
702, -323
1221, 232
635, 441
139, 424
604, 486
1173, 403
755, -165
-155, -809
-376, -677
64, 199
148, 760
-347, 322
-578, -516
-115, -842
486, -602
707, -333
731, -254
765, -297
570, -525
38, -829
-405, -663
-405, 164
-191, 749
-76, 214
64, -772
410, -741
671, 383
482, 1132
7, 774
-235, 356
-50, 771
307, 1194
568, 525
606, -592
343, -695
-160, 166
-542, 550
-429, -104
98, -767
597, -566
772, 64
707, 398
621, 465
640, 470
753, 182
746, -431
326, -702
-395, -245
-731, 253
-189, 51
681, -369
808, -62
45, 772
-652, 1018
-645, 425
-460, -3
-676, 375
-803, 900
-136, 761
791, 196
770, -83
-194, -48
-758, -164
-175, -418
702, -323
829, 203
352, 688
0, 813
-69, 771
-31, 790
239, 736
722, 412
770, -88
38, -467
-597, -495
-177, -132
669, 391
503, 662
-640, 435
-1244, -39
-698, -339
-199, -399
-666, -394
-1221, -236
-726, 267
263, 782
458, 623
-91, -192
-235, -739
309, -362
630, 448
199, 825
-424, 646
-674, 397
-705, 318
-738, 361
-525, 567
26, 829
450, 630
391, -191
143, -760
64, -220
-21, 773
-371, 759
-688, -356
-525, -1114
-33, -775
223, -362
31, -774
-333, -1188
-578, -516
-599, 598
-338, 697
160, -170
544, -551
429, 107
-105, 766
-604, 555
-770, -80
-698, -415
-606, -483
-623, -495
-746, -212
-762, 399
-359, 685
381, 261
746, -213
191, -38
-702, 322
-813, 1
11, -774
731, -961
678, -371
458, 40
710, -311
889, -815
213, -743
-767, -284
-774, -3
189, 74
731, 254
119, 434
-738, 229
-794, -312
-254, -732
115, -808
182, -753
153, -772
-119, -766
-647, -528
-774, -41
-115, 457
501, 592
148, 158
-585, -509
-367, -739
712, -302
1209, 278
614, 472
112, 436
568, 525
1139, 489
767, -100
-79, -816
-302, -713
40, 201
52, 772
-386, 279
-501, -593
11, -853
575, -518
755, -203
765, -119
806, -155
662, -403
208, -798
-254, -732
-434, 63
-359, 685
-124, 198
254, -731
585, -616
544, 549
153, 1228
-213, 742
-331, 262
-283, 721
-76, 1239
371, 678
765, -367
556, -539
-206, 111
-702, 322
-364, -262
376, -676
770, -287
686, 359
489, 635
379, 676
391, 702
606, 482
856, -79
602, -489
-242, -384
-767, -106
-194, -53
774, -4
743, 345
-338, 697
-1074, 548
-772, 42
-391, -224
-774, -32
-1163, 327
-522, 569
561, 606
688, 355
-139, -164
-532, -564
98, -429
760, 143
549, 640
-127, 764
-486, 661
-525, 567
-515, 586
-273, 723
302, 791
647, 424
326, -347
-129, -763
-43, -200
235, 738
-76, 809
-765, -118
-875, -866
-268, -727
134, -441
-194, -751
-683, -1018
-698, -339
-388, 709
-146, 759
81, -177
391, -669
472, -26
71, 772
-496, 704
-770, 87
-736, -291
-690, -353
-738, -336
-772, -70
-647, 500
-237, 735
388, 225
702, -323
215, -93
-652, 418
-837, 135
-83, -771
647, -1067
635, -443
426, 21
676, -376
849, -916
153, -760
-818, -202
-772, 44
225, 35
743, 218
103, 455
-731, 253
-767, -317
-266, -727
74, -782
182, -753
191, -798
-110, -768
-671, -516
-772, -65
-98, 425
474, 614
105, 191
-551, -543
-283, -790
734, -249
1149, 403
568, 525
105, 419
510, 582
1041, 638
774, -7
62, -841
-203, -749
-23, 229
-64, 771
-391, 190
-395, -667
124, -815
662, -405
815, -81
774, 31
784, 35
731, -254
414, -758
-81, -771
-472, -15
-515, 577
-134, 135
434, -642
690, -417
376, 676
-158, 1198
-417, 651
-429, 176
-486, 603
-417, 1131
139, 762
806, -79
702, -323
-196, 13
-772, 61
-287, -353
594, -496
858, -7
503, 590
172, 796
88, 770
119, 779
362, 686
777, 297
750, -194
-19, -471
-647, -425
-189, -113
698, 338
544, 623
-618, 464
-1244, 8
-702, -324
-199, -404
-662, -401
-1213, -264
-738, 234
215, 789
412, 657
-71, -192
-158, -759
350, -328
566, 530
76, 853
-525, 567
-736, 260
-755, 174
-796, 207
-640, 435
-175, 802
275, 724
431, -69
355, -688
124, -201
-263, 728
-599, 605
-525, -569
-95, -1241
254, -731
347, -235
338, -698
184, -1233
-302, -713
-801, 286
-618, 466
218, -88
743, -220
323, 321
-482, 605
-810, 140
-609, -480
-352, -713
-232, -739
-232, -780
-482, -607
-849, -118
-702, 322
131, 424
710, 309
175, 115
-743, -219
-609, -562
537, -558
1197, -167
743, 213
290, 333
714, 299
1206, 122
698, -338
-292, -787
-496, -595
64, 215
254, 731
-273, 334
-626, -456
-208, -804
455, -626
731, -379
731, -256
736, -256
592, -501
124, -851
-345, -694
-455, 145
-290, 718
-74, 176
201, -748
515, -618
568, 525
223, 1192
-201, 747
-362, 294
-290, 718
-71, 1205
345, 693
750, -297
592, -501
-182, 63
-731, 255
-369, -272
455, -626
837, -211
626, 455
343, 736
254, 731
285, 736
496, 594
818, 134
698, -338
-105, -459
-714, -300
-208, -77
743, 213
642, 525
-537, 557
-1230, 198
-743, -219
-251, -372
-710, -310
-1237, -106
-702, 322
309, 758
482, 606
-93, -183
-232, -739
319, -362
609, 479
141, 846
-482, 605
-714, 308
-743, 219
-784, 253
-618, 466
-139, 807
302, 712
429, -79
338, -698
122, -206
-254, 730
-594, 613
-525, -569
-88, -1243
263, -729
352, -225
355, -688
223, -1230
-275, -725
-810, 255
-640, 435
223, -81
755, -175
302, 347
-525, 567
-820, 70
-566, -531
-283, -737
-158, -759
-151, -804
-412, -658
-827, -212
-738, 234
74, 434
662, 400
158, 143
-702, -324
-518, -655
618, -465
1211, 38
698, 338
223, 374
647, 424
1165, 355
750, -194
-131, -838
-362, -687
21, 232
88, 770
-345, 255
-503, -591
-9, -823
594, -496
801, -191
772, -62
782, -47
702, -323
347, -794
-139, -763
-472, 18
-486, 603
-129, 135
417, -652
683, -422
376, 676
-172, 1191
-434, 641
-436, 166
-515, 577
-486, 1097
81, 770
813, -2
731, -254
-199, -15
-774, -32
-235, -380
662, -405
846, 119
395, 666
26, 822
-64, 771
-47, 778
203, 748
690, 479
774, -7
95, -470
-510, -583
-146, -149
568, 525
328, 748
-734, 248
-1175, -384
-551, -543
-50, -461
-474, -615
-1024, -682
-772, -65
-117, 795
110, 767
19, -189
182, -753
453, -158
266, 726
-319, 807
-731, 253
-777, -142
-743, -219
-786, -204
-772, 44
-578, 574
-153, 759
405, 194
676, -376
211, -112
-635, 442
-834, 159
-83, -771
666, -1065
652, -419
426, 52
702, -323
928, -844
237, -736
-784, -296
-772, -70
213, 59
690, 352
11, 479
-770, 87
-674, -504
-71, -773
287, -719
391, -669
424, -714
146, -760
-448, -701
-698, -339
-256, 342
194, 750
21, 235
-268, -727
91, -849
765, 117
822, 921
235, 738
-129, 394
129, 762
534, 1120
647, 424
525, -678
273, -724
-151, 190
-525, 567
-429, -120
127, -765
635, -508
760, 143
645, 477
532, 563
532, 609
688, 355
832, -232
522, -570
-290, -344
-774, -32
-196, -48
772, -43
750, 338
-338, 697
-1089, 509
-774, 3
-374, -240
-767, -106
-1194, 169
-602, 488
450, 710
606, 482
-100, -204
-379, -677
213, -369
686, 359
316, 762
-376, 675
-690, 459
-702, 322
-712, 308
-556, 538
-81, 862
371, 678
450, -163
283, -722
76, -167
-213, 742
-534, 593
-544, -550
-153, -1195
254, -731
386, -273
359, -686
211, -1180
-254, -732
-786, 178
-662, 402
191, -23
765, -119
307, 326
-575, 517
-858, 30
-501, -593
-153, -811
-52, -773
-67, -775
-302, -713
-743, -389
-767, 99
-45, 481
568, 525
163, 131
-614, -473
-391, -715
712, -302
1201, 299
585, 508
74, 460
501, 592
1048, 638
774, 40
98, -794
-119, -766
-16, 183
-182, 752
-453, 157
-254, -732
338, -806
738, -230
772, 177
731, 254
772, 242
774, 2
616, -525
213, -743
-388, -236
-710, 310
-220, 97
678, -371
844, -69
-11, 773
-798, 972
-702, 322
-417, -123
-746, 212
-1050, 689
-359, 685
714, 419
746, 211
-194, -92
-606, -483
81, -479
770, 79
549, 650
-105, 766
-455, 620
-544, 550
-585, 593
-338, 697
242, 782
578, 515
347, -247
31, -774
43, -242
33, 774
-345, 788
-688, -356
-484, -1150
21, -774
261, -316
143, -760
-112, -1250
-450, -631
-731, 447
-525, 567
206, -131
705, -319
355, 295
-424, 646
-796, 186
-630, -449
-371, -691
-235, -739
-220, -797
-458, -624
-839, -154
-726, 267
86, 422
666, 393
158, 153
-698, -339
-496, -682
640, -436
1206, 127
669, 391
184, 381
597, 494
1113, 510
770, -88
-2, -859
-239, -737
-19, 243
-69, 771
-395, 162
-352, -689
196, -784
702, -323
818, 19
758, 163
765, 211
770, -83
587, -650
136, -762
-441, -137
-676, 375
-177, 56
645, -426
806, -76
45, 772
-695, 968
-681, 368
-455, -36
-731, 253
-978, 685
-326, 701
700, 448
753, 182
-165, -147
-621, -466
35, -422
772, 64
594, 580
-98, 766
-486, 682
-542, 550
-551, 531
-343, 694
196, 846
568, 525
388, -299
50, -772
14, -179
7, 774
-340, 713
-671, -384
-462, -1111
64, -772
316, -362
191, -750
-62, -1195
-405, -663
-726, 330
-570, 524
179, -52
731, -254
362, 266
-486, 601
-849, 164
-578, -516
-254, -790
-148, -761
-158, -756
-376, -677
-774, -324
-755, 164
-11, 490
604, 486
172, 115
-635, -442
-419, -691
702, -323
1209, 266
590, 501
74, 467
496, 594
1038, 647
772, 59
127, -782
-88, -771
-28, 174
-227, 740
-462, 135
-194, -751
407, -782
758, -155
750, 268
698, 338
734, 326
767, 107
690, -422
323, -702
-350, -308
-753, 183
-230, 68
738, -235
837, 86
-172, 754
-985, 790
-758, 157
-381, -231
-774, 22
-1185, 418
-525, 567
568, 582
657, 410
-153, -130
-436, -641
218, -448
707, 316
319, 808
-355, 687
-647, 411
-702, 327
-750, 363
-568, 524
-76, 797
335, 698
424, -71
338, -698
127, -223
-290, 716
-638, 586
-467, -619
62, -1266
369, -681
388, -141
482, -606
484, -1175
-91, -771
-846, 54
-738, 231
232, -33
770, 88
160, 458
-702, 322
-784, -293
-285, -720
83, -755
218, -743
259, -803
-14, -775
-580, -588
-743, -214
-196, 363
292, 717
45, 244
-338, -699
26, -868
772, 69
858, 899
254, 731
-124, 378
119, 765
501, 1153
626, 455
570, -659
333, -698
-167, 193
-592, 500
-410, -200
247, -734
719, -367
719, 290
525, 580
386, 671
367, 746
568, 525
858, -9
671, -386
-158, -394
-719, -291
-172, -140
734, 247
566, 630
-592, 500
-1209, -22
-698, -334
-215, -356
-626, -456
-1134, -463
-765, 118
26, 870
254, 731
19, -259
69, -772
398, -143
338, 698
-223, 761
-717, 291
-815, -51
-743, -214
-748, -284
-774, 13
-647, 603
-218, 742
419, 172
719, -285
187, -16
-702, 322
-810, -72
88, -770
865, -808
738, -232
434, 112
770, -91
1113, -429
482, -606
-573, -627
-681, -370
127, 203
467, 618
-163, 373
-717, -291
-379, -715
338, -698
676, -508
698, -335
712, -285
568, -525
119, -882
-328, -703
-465, 147
-355, 687
-95, 133
316, -707
623, -474
436, 640
-93, 1174
-410, 656
-436, 198
-525, 567
-534, 1047
23, 774
808, 107
758, -158
-194, -77
-755, -173
-148, -389
738, -235
782, 307
184, 753
-232, 821
-323, 701
-335, 668
-107, 766
431, 760
698, 338
302, -410
-155, -759
-43, -164
194, 750
-155, 759
-741, -228
-693, -977
-88, -771
254, -426
59, -772
-259, -1154
-496, -595
-669, 409
-501, 589
165, -57
702, -323
388, 215
-441, 634
-841, 231
-604, -487
-280, -797
-165, -756
-170, -737
-376, -677
-767, -351
-760, 147
-31, 507
578, 515
165, 105
-602, -487
-359, -703
731, -254
1170, 376
525, 570
11, 496
405, 662
921, 782
750, 191
271, -722
64, -772
-67, 140
-383, 670
-477, 49
-7, -775
587, -676
772, 50
652, 494
568, 525
594, 506
695, 343
796, -146
542, -551
-227, -439
-767, -99
-230, 8
772, 64
726, 379
-465, 620
-1216, 339
-753, -183
-251, -408
-702, -327
-1233, -140
-731, 253
206, 750
369, 681
-55, -154
-45, -773
407, -302
426, 645
-160, 888
-676, 375
-779, -65
-762, -137
-806, -106
-770, 82
-561, 545
-163, 757
393, 251
702, -323
225, -129
-688, 351
-851, 61
69, -772
889, -930
736, -239
393, 215
770, -88
1161, -522
494, -597
-599, -535
-669, -392
160, 103
436, 640
-227, 469
-698, -339
-280, -850
393, -666
671, -338
726, -268
784, -316
623, -458
177, -753
-235, -739
-431, -24
-448, 629
-165, 224
424, -647
743, -474
319, 705
-355, 1246
-525, 567
-414, -1
-630, 449
-796, 1020
-143, 759
815, 177
774, 21
-223, -12
-688, -356
11, -522
774, -33
614, 616
-31, 773
-398, 613
-515, 577
-578, 649
-338, 697
230, 748
551, 544
359, -177
105, -767
76, -278
-79, 769
-479, 764
-606, -483
-218, -1274
211, -746
335, -187
359, -686
287, -1271
-213, -747
-844, 205
-702, 322
239, -91
774, 11
187, 477
-678, 370
-789, -286
-311, -711
57, -724
213, -743
273, -837
2, -774
-563, -576
-731, -255
-213, 310
230, 738
14, 285
-254, -732
146, -897
753, 182
698, 1067
119, 765
-191, 308
-40, 773
230, 1278
501, 592
719, -537
508, -585
-215, 181
-712, 301
-331, -363
472, -614
801, -55
568, 525
271, 686
100, 767
45, 877
302, 712
777, 304
772, -52
40, -369
-501, -593
-91, -260
518, 575
177, 885
-765, 118
-1019, -720
-403, -663
26, -357
-254, -732
-662, -1099
-686, -360
-498, 766
-254, 730
167, -251
549, -544
405, 215
-213, 742
-693, 342
-722, -284
-534, -540
-371, -679
-323, -804
-539, -557
-870, -8
-702, 322
127, 359
676, 376
141, 211
-686, -360
-438, -771
676, -379
1170, 323
606, 482
131, 343
489, 602
959, 808
767, 105
247, -892
-4, -775
-107, 294
-338, 697
-419, -70
-43, -773
508, -549
774, 31
714, 335
570, 522
532, 657
688, 355
861, -273
563, -532
-268, -300
-760, -144
-165, -159
765, 127
623, 594
-525, 567
-1180, 49
-724, -274
-263, -286
-647, -425
-1125, -483
-762, 128
-2, 927
235, 738
50, -314
117, -765
388, -55
268, 726
-292, 670
-750, 193
-815, -113
-698, -339
-664, -483
-760, -147
-784, 505
-391, 668
376, 211
772, -71
170, 107
-770, 87
-726, -406
352, -690
1089, -364
772, 69
364, 203
736, 237
1177, 170
702, -323
-206, -898
-419, -653
-2, 318
83, 770
-326, 150
-443, -636
79, -722
676, -376
853, -93
760, 153
726, 304
772, -45
671, -683
218, -743
-450, -113
-731, 253
-155, -65
726, -266
767, 225
-182, 752
-940, 603
-767, 109
-436, -113
-772, -65
-1153, 97
-614, 473
364, 829
551, 542
-33, -312
-249, -735
251, -215
568, 525
110, 722
-582, 509
-849, 272
-774, 6
-741, -149
-748, 202
-551, 805
-64, 771
496, 19
666, -395
131, 35
-662, 404
-762, -72
31, -774
772, -772
731, -254
484, 28
770, -81
1079, -309
515, -578
-477, -751
-642, -435
55, 302
376, 676
-175, 255
-652, -418
-268, -691
486, -604
822, -414
762, -139
719, 23
702, -323
446, -887
-62, -773
-527, 61
-594, 495
-100, -15
590, -503
729, -45
88, 770
-609, 879
-686, 361
-515, 44
-750, 193
-988, 461
-424, 646
546, 676
698, 338
-62, -293
-465, -619
105, -275
702, 323
393, 645
-400, 661
-796, 519
-738, 234
-683, 66
-657, 411
-364, 936
158, 758
551, -129
530, -566
67, 4
-525, 567
-686, 128
-175, -756
472, -942
640, -436
542, -105
724, -275
899, -566
355, -688
-578, -617
-729, -264
57, 285
525, 568
-43, 282
-731, -255
-486, -605
338, -698
779, -594
712, -302
640, -127
618, -467
316, -966
-220, -744
-573, 174
-482, 605
0, 0
0, 0
0, 0
0, 0
0, 0
0, 0
0, 0
0, 0
0, 0
0, 0
0, 0
0, 0
0, 0
0, 0
0, 0
0, 0
0, 0
0, 0
0, 0
0, 0
0, 0
0, 0
0, 0
0, 0
0, 0
0, 0
0, 0
0, 0
0, 0
0, 0
0, 0
0, 0
0, 0
0, 0
0, 0
0, 0
0, 0
0, 0
0, 0
0, 0
0, 0
0, 0
0, 0
0, 0
0, 0
0, 0
0, 0
0, 0
0, 0
0, 0
0, 0
0, 0
0, 0
0, 0
0, 0
0, 0
0, 0
0, 0
0, 0
0, 0
0, 0
0, 0
0, 0
0, 0
0, 0
0, 0
0, 0
0, 0
0, 0
0, 0
0, 0
0, 0
0, 0
0, 0
0, 0
0, 0
0, 0
0, 0
0, 0
0, 0
0, 0
0, 0
0, 0
0, 0
0, 0
0, 0
0, 0
0, 0
0, 0
0, 0
0, 0
0, 0
0, 0
0, 0
0, 0
0, 0
0, 0
0, 0
0, 0
0, 0
0, 0
0, 0
0, 0
0, 0
0, 0
0, 0
0, 0
0, 0
0, 0
0, 0
0, 0
0, 0
0, 0
0, 0
0, 0
0, 0
0, 0
0, 0
0, 0
0, 0
0, 0
0, 0
0, 0
0, 0
0, 0
0, 0
0, 0
0, 0
0, 0
0, 0
0, 0
0, 0
0, 0
0, 0
0, 0
0, 0
0, 0
0, 0
0, 0
0, 0
0, 0
0, 0
0, 0
0, 0
0, 0
0, 0
0, 0
0, 0
0, 0
0, 0
0, 0
0, 0
0, 0
0, 0
0, 0
0, 0
0, 0
0, 0
0, 0
0, 0
0, 0
0, 0
0, 0
0, 0
0, 0
0, 0
0, 0
0, 0
0, 0
0, 0
0, 0
0, 0
0, 0
0, 0
0, 0
0, 0
0, 0
0, 0
0, 0
0, 0
0, 0
0, 0
0, 0
0, 0
0, 0
0, 0
0, 0
0, 0
0, 0
0, 0
0, 0
0, 0
0, 0
0, 0
0, 0
0, 0
0, 0
0, 0
0, 0
0, 0
0, 0
0, 0
0, 0
0, 0
0, 0
0, 0
0, 0
0, 0
0, 0
0, 0
0, 0
0, 0
0, 0
0, 0
0, 0
0, 0
0, 0
0, 0
0, 0
0, 0
0, 0
0, 0
0, 0
0, 0
0, 0
0, 0
0, 0
0, 0
0, 0
0, 0
0, 0
0, 0
0, 0
0, 0
0, 0
0, 0
0, 0
0, 0
0, 0
0, 0
0, 0
0, 0
0, 0
0, 0
0, 0
0, 0
0, 0
0, 0
0, 0
0, 0
0, 0
0, 0
0, 0
0, 0
0, 0
0, 0
147, 207
-105, 471
86, 338
491, -107
365, -23
-112, 387
-160, 160
122, -276
112, -17
-159, 286
-381, -17
-565, -125
-606, 235
-351, 224
-130, -43
-194, 92
-173, 165
113, -153
227, -146
24, 141
-58, -10
167, -121
378, 316
283, 373
-72, -219
-368, -270
-273, 233
99, 109
242, -388
18, -246
-103, 155
117, 201
247, 251
-25, 331
-294, 20
-175, -248
-3, -1
-112, 198
-141, 36
177, 2
369, 111
138, 23
-32, -17
143, 104
253, -31
100, -250
36, -47
164, 159
191, -111
33, -260
-101, 110
-69, 369
60, 246
55, 220
-169, 218
-271, -120
16, -292
350, 152
369, 415
315, -201
406, -871
378, -674
173, -184
106, -222
147, -299
36, 258
-49, 815
108, 578
190, 83
-15, 100
-117, 235
104, -4
298, -117
293, 198
320, 261
357, -183
209, -357
82, 39
182, 290
174, 65
-171, -117
-425, -44
-246, -61
54, -151
82, 25
-175, 294
-477, 206
-480, -50
-113, 27
156, 292
67, 208
76, -197
330, -451
256, -349
-117, -62
-37, 78
335, -204
162, -637
-333, -553
-372, -42
-176, 45
-248, -352
-305, -428
-130, -92
-37, 46
-28, 49
68, 220
-12, 112
-287, -441
-211, -606
222, -109
402, 119
272, -237
208, -337
124, 70
-116, 219
-142, -110
204, -270
451, -3
291, 230
9, 129
-52, -129
131, -341
367, -421
355, -272
-23, 15
-342, 117
-48, -27
574, -39
651, 185
118, 228
-191, -68
-38, -272
20, -98
-74, 216
97, 359
356, 208
307, -112
134, -273
-1, -178
-230, -106
-323, -67
-121, 200
-88, 420
-233, 204
91, 10
569, 240
254, 303
-453, -65
-530, -115
-179, 266
7, 296
138, 29
156, 118
-107, 222
-149, -170
107, -462
-129, -180
-648, 81
-331, -9
479, -10
531, 147
38, 133
-41, 47
170, 97
168, 76
64, -121
54, -216
135, -67
286, 28
331, -212
173, -497
-21, -263
-277, 245
-551, 158
-324, -375
288, -303
269, 216
-371, 45
-474, -571
-3, -432
125, 258
22, 404
189, -14
205, -400
-177, -580
-422, -404
-388, 131
-316, 380
-79, 69
255, -149
276, -25
78, 41
-66, 106
-290, 267
-433, -9
-120, -616
219, -591
31, -25
-228, 85
-8, -145
359, -55
358, -23
-42, -378
-431, -427
-265, -30
309, 26
454, -296
114, -382
38, -277
124, -130
-212, 302
-551, 573
-308, -10
201, -727
633, -499
815, 219
364, 529
-271, 496
-125, 226
199, -356
-400, -562
-1000, -33
-475, 196
139, -273
-68, -311
-267, 268
-44, 309
58, -129
49, -90
-19, 97
-426, -137
-627, -151
-161, 266
111, 304
-187, 20
-268, 113
-149, 293
-248, 215
0, 270
460, 273
117, -164
-371, -343
54, 38
353, 115
-39, 67
114, 675
457, 880
-201, -15
-577, -243
-27, 556
-464, 244
-1042, -657
728, 144
1593, 604
-2366, -2086
-6085, -4393
-3674, -2311
378, 696
187, 342
-1142, -913
144, -60
1202, 816
134, 0
-350, -619
501, -105
601, 211
-56, -26
-221, -208
-235, -319
-451, -250
-373, 152
-191, 277
-211, 17
-1, 174
288, 515
14, 128
-376, -404
-179, -157
128, 163
-5, -118
-200, -217
-135, 193
-71, 292
-139, 4
-103, 66
137, 360
281, 274
46, -4
-224, -18
-38, 88
318, 57
357, 25
333, 192
436, 477
242, 578
-113, 256
19, -283
296, -502
0, -238
-345, 66
21, 75
574, -56
569, -125
251, -159
157, -158
358, -81
569, -19
478, -7
203, 42
159, 19
201, -164
-81, -164
-336, 178
-111, 275
140, -91
36, -124
-27, 401
62, 416
-15, -447
-133, -977
-96, -478
-127, 182
-170, 265
-50, 131
-131, 184
-447, 239
-359, 108
-33, -31
-246, 49
-578, 235
-226, 187
177, -65
-119, -120
-446, 29
-238, -44
-68, -256
-208, -125
-190, 157
63, 5
212, -357
166, -243
-32, 137
-299, -32
-407, -578
-326, -434
-227, 360
-68, 447
166, -391
226, -656
162, 85
307, 456
505, 79
355, 16
35, 177
-5, -260
199, -589
266, -49
43, 308
-163, -136
-18, -297
219, 122
95, 196
-103, -5
46, 82
50, 106
-427, 39
-566, 392
-47, 547
135, -128
-251, -550
-201, -1
328, 416
414, 204
118, 138
-14, 171
-268, -167
-672, -315
-445, 37
324, 188
600, -59
267, -294
42, -471
33, -421
20, 40
149, 215
343, -229
228, -354
-16, 30
67, -33
284, -402
122, -246
-333, 2
-544, -91
-316, 35
-51, 194
-166, -226
-496, -361
-575, 413
-354, 768
-148, 78
-79, -371
-5, -172
212, -106
533, -11
603, 420
193, 420
-177, -103
27, -172
272, 193
-44, 200
-289, -70
96, -233
352, -363
-16, -335
-282, -22
-132, 150
-67, -9
41, -194
464, -318
464, -298
-207, 20
-393, 155
225, -238
413, -385
-125, 8
-351, -18
-123, -451
-109, -162
-139, 442
120, 128
202, -430
-59, -44
-130, 462
74, 14
233, -590
343, -359
280, 253
-164, 493
-466, 378
-151, 241
151, 155
3, -59
46, -376
408, -347
296, 144
-249, 471
-437, 289
-329, 68
-336, 88
-144, 40
353, -198
555, -366
313, -225
79, 253
0, 676
7, 514
49, 43
-135, 20
-428, 314
-140, 262
578, 2
703, -93
239, -292
26, -621
-23, -508
-249, -10
-136, 159
261, -68
27, -183
-516, -73
-258, 5
316, -25
200, -37
-11, 68
346, 110
567, -140
362, -339
376, -56
443, 164
38, -304
-255, -736
32, -303
229, 266
54, 166
36, -4
95, 251
-183, 343
-488, 68
-537, 6
-560, 183
-428, 161
17, 25
159, -2
-258, -28
-412, 16
-49, 233
38, 278
-199, 40
18, 35
509, 400
420, 683
-23, 698
2, 443
280, -181
68, -638
-373, -262
-287, 169
118, -409
104, -1051
-172, -412
-93, 570
141, 562
81, 314
65, 589
352, 440
350, -374
-167, -536
-565, 140
-609, 433
-571, 232
-239, 335
437, 541
655, 304
158, -4
-199, 89
-122, 374
-138, 413
-141, 9
243, -458
502, -289
223, 284
21, 246
316, -299
593, -380
437, -137
34, -165
-308, -27
-393, 396
-274, 254
-254, -272
-332, -204
-251, 23
-197, -360
-390, -620
-402, -287
-90, -204
-135, -453
-598, -334
-535, -210
216, -477
676, -407
415, 1
-76, -176
-427, -521
-466, -102
-11, 347
526, 4
377, -355
-306, -164
-560, 43
-173, 82
101, 87
-30, -150
-47, -290
186, 212
157, 635
-138, 186
-91, -310
283, -51
356, 314
111, 266
-12, 175
-120, 61
-392, -314
-386, -562
74, -312
393, 112
302, 382
201, 493
191, 465
-6, 332
-298, 151
-345, -101
-122, -321
118, -333
141, -168
-15, 126
-50, 492
91, 568
112, 200
30, -165
107, -353
136, -576
-62, -433
-50, 348
221, 717
60, 33
-410, -428
-194, 170
537, 683
507, 373
-370, 58
-789, 53
-190, -176
506, -383
399, -51
-99, 306
-1, 107
562, -273
531, -368
-88, -243
-208, -52
171, 59
60, -91
-369, -322
-196, -243
255, 71
162, 176
-171, -76
-181, -420
-120, -508
-208, -182
-160, 311
49, 431
96, 6
-14, -384
76, -172
436, 300
569, 358
165, 102
-152, 78
157, 272
371, 360
-107, 355
-387, 286
89, 92
386, -5
129, 28
10, -149
-151, -254
-716, 263
-653, 656
343, 89
706, -351
83, 315
-112, 785
103, 119
-248, -338
-506, 116
-104, 285
-200, -152
-850, -278
-519, -119
424, -131
274, 11
-449, 247
-240, 45
328, -155
97, 130
-476, 203
-571, -186
-276, -233
14, 30
3, -95
-321, -326
-463, -251
-140, -261
237, -294
334, 59
166, 273
-212, 22
-391, 94
-18, 460
205, 81
-277, -706
-455, -668
336, -46
833, 269
214, 376
-414, 353
-298, -116
-70, -587
-31, -521
94, -393
97, -478
-167, -274
-233, 66
-35, -58
-85, -286
-337, -117
-275, -4
37, -187
152, -159
154, 99
462, 155
896, 150
814, 339
187, 429
-321, 252
-467, 50
-529, -72
-385, -64
144, 195
504, 425
363, 224
358, -183
687, -323
626, -150
136, 160
-45, 388
69, 297
42, 113
107, 293
445, 480
628, 80
524, -365
382, -137
169, 179
-76, -52
-79, -247
-2, -64
-128, -99
-224, -318
-246, -174
-490, -176
-559, -813
66, -1055
693, -274
486, 347
-40, 140
-147, 1
-69, 143
-170, -101
-319, -259
-384, 378
-311, 858
0, 337
378, -177
506, 86
391, 325
246, 46
197, -256
208, -404
46, -445
-312, -160
-371, 130
14, -51
155, -138
-221, 275
-447, 278
-254, -341
-159, -365
-297, 212
-299, 85
-72, -427
182, -102
189, 345
-190, -103
-431, -361
46, 304
572, 487
210, -240
-389, -323
-187, 328
296, 188
154, -376
-360, 143
-702, 974
-725, 544
-281, -236
298, 139
174, 796
-484, 422
-631, -221
-265, -84
-125, 258
-7, 140
466, 61
618, 319
46, 310
-392, -160
-157, -426
115, -191
23, 126
27, 334
287, 539
278, 465
-108, -108
-251, -629
33, -627
60, -536
-443, -615
-752, -337
-484, 199
-223, 73
-218, -544
12, -500
390, 114
264, 323
-226, 240
-405, 292
-334, -57
-428, -733
-493, -594
-278, 183
-117, 273
-263, -77
-446, 160
-449, 387
-297, -94
84, -299
595, 238
650, 414
18, -8
-502, -66
-262, 250
126, 338
-7, 318
-122, 209
308, -242
605, -410
260, 175
-99, 527
-117, 64
-233, -270
-355, -50
-11, 79
368, 90
218, 266
71, 220
399, -29
547, 78
38, 127
-477, -434
-407, -645
-71, 158
44, 679
-5, 0
45, -709
173, -390
209, 358
201, 610
160, 281
-116, -131
-373, -146
21, 155
691, 304
600, 281
130, 348
428, 294
927, 6
438, -20
-360, 287
-385, 327
-223, 63
-437, 6
-371, 86
40, -5
90, -75
-40, 11
82, 33
45, 8
-197, 92
-38, 127
305, 18
283, -110
310, -251
649, -322
606, -106
83, 167
-79, 119
327, 0
722, 116
745, 157
416, -19
35, -6
-15, 232
44, 285
-217, 79
-394, -161
-19, -289
346, -154
272, 101
225, 41
324, -174
192, 69
61, 514
224, 374
242, -131
-45, -228
-168, 37
-63, 139
12, -19
125, -254
184, -338
-9, -176
-89, -89
149, -275
187, -221
-19, 305
96, 594
353, 320
233, 76
64, 15
102, -167
-62, -143
-287, 312
0, 479
440, 90
425, -51
230, 281
116, 444
-134, 317
-271, 190
79, -68
463, -373
445, -245
348, 89
325, 0
117, -272
-95, -161
-3, 83
91, 32
-90, -99
-167, -20
166, 116
498, 92
330, -51
-59, -88
-12, 92
370, 222
376, 98
16, 110
-73, 459
4, 476
-199, -148
-314, -474
-100, 76
-239, 588
-711, 293
-484, -163
257, -36
269, 353
-263, 455
-232, 307
125, 106
-16, -99
-327, -106
-227, 248
13, 594
52, 456
-16, 57
-114, -105
-190, -147
-154, -311
-136, -248
-283, 187
-437, 353
-434, -42
-316, -424
-210, -495
-267, -490
-390, -339
-165, -34
346, -47
421, -303
-116, -100
-503, 411
-282, 466
155, 135
313, -152
84, -461
-230, -604
-217, -242
15, 94
39, -13
-21, 62
90, 375
54, 85
-94, -408
275, -67
747, 399
299, 9
-418, -320
-152, 124
364, 294
-6, -181
-439, -298
-64, 0
234, 54
-117, 128
-336, 329
-162, -31
-139, -563
-180, -192
58, 463
252, 191
98, -388
-175, -233
-330, 123
-250, -16
56, -178
206, 6
3, 110
-91, -74
92, -250
-19, -319
-494, -420
-572, -499
-79, -355
242, -26
56, 193
-164, 193
-67, 110
122, -27
61, -191
-240, -104
-421, 193
-160, 202
355, -41
494, -34
28, 0
-371, -331
-107, -427
300, 72
130, 259
-214, -175
-108, -241
72, 203
-39, 256
19, 27
275, 195
99, 367
-302, 65
-263, -176
-80, -63
-107, -21
135, -82
528, -12
289, -35
-157, -241
66, -243
343, 14
-16, 177
-247, 75
-24, -223
-205, -445
-629, -207
-309, 329
266, 513
56, 203
-393, -121
-151, -157
397, 104
552, 465
323, 520
-12, 279
-167, 261
5, 390
110, 136
-173, -207
-357, -123
-39, -31
334, -207
315, -113
53, 119
-200, -242
-307, -734
-194, -413
-29, 223
7, 239
22, -76
100, -134
227, -135
481, -370
625, -617
167, -504
-570, -32
-662, 228
-146, -105
98, -395
-105, -106
-244, 41
-105, -406
191, -537
449, -32
408, 164
139, -52
-12, 78
-120, 263
-360, -72
-355, -333
13, -183
42, -265
-497, -451
-845, -76
-648, 270
-371, -112
-233, -426
-62, -75
87, 164
134, 17
202, 166
264, 406
136, 38
-128, -350
-264, 76
-129, 633
110, 435
169, 63
135, 273
316, 571
501, 334
274, -101
-53, -328
-11, -450
98, -377
20, 63
103, 412
246, 293
8, 198
-144, 368
271, 200
445, -311
-144, -304
-490, 230
-34, 409
309, 103
91, -120
-49, -45
45, 308
-29, 761
-139, 760
7, 272
122, 69
-92, 225
-339, 77
-174, -155
334, 77
609, 242
353, -8
57, 58
152, 435
247, 221
-21, -277
-317, -156
-390, 116
-382, -87
-241, -161
33, 152
131, 178
106, -20
239, 111
303, 215
223, -57
448, -139
703, 136
290, 195
-178, 45
142, 74
442, 35
-7, -204
-289, -109
32, 376
115, 559
-13, 289
307, 124
514, 199
131, 146
48, -32
485, 19
449, 268
13, 308
66, 77
320, -88
161, -86
-75, -81
-161, -25
-239, 161
8, 313
458, 380
161, 445
-636, 250
-543, -299
303, -574
462, -247
-119, 22
-312, -93
91, -70
415, 80
267, -229
-212, -673
-559, -434
-483, 152
-290, 182
-207, -184
79, -187
472, 101
339, 78
-178, -178
-362, -20
-254, 564
-244, 821
-136, 461
168, 67
231, 51
-53, 163
-283, 141
-233, -40
25, -305
234, -346
28, 0
-445, 267
-533, 189
-117, 225
282, 430
426, 245
351, -140
5, -110
-339, 98
-275, 193
-26, 508
5, 734
-14, 205
76, -364
103, -78
80, 294
78, 28
-29, -169
-54, -28
203, -131
227, -198
-203, 213
-277, 431
221, 188
401, 177
178, 246
283, -156
417, -395
26, -64
-182, -22
198, -346
227, -93
-295, 510
-323, 556
154, 353
130, 438
-243, 360
-91, -155
308, -596
191, -595
-159, -234
-56, 151
306, 182
237, 57
-230, 233
-359, 395
37, 223
239, 273
-49, 527
-214, 152
-77, -386
-141, -14
-240, 504
135, 158
423, -155
1, 111
-347, 3
28, -363
318, -47
0, 296
-210, 2
-14, 47
112, 434
139, -30
133, -504
-259, 317
-584, 688
142, -944
1195, -2293
918, -1339
-157, 98
-188, 127
503, -380
227, -368
-662, -149
-518, -13
393, 124
483, 212
-298, 277
-698, 293
-408, 74
-134, -116
-130, 119
-93, 415
55, 299
166, 27
150, -131
-41, -273
-304, -238
-296, 65
56, 178
308, -132
235, -488
238, -635
502, -519
540, -100
161, 192
-24, -46
264, -177
387, 398
-30, 877
-408, 496
-297, -27
-17, 36
144, 237
212, 158
45, -8
-284, -317
-201, -783
278, -794
317, -136
-103, 425
-49, 467
454, 382
440, 265
-47, -118
-156, -418
89, -246
160, -15
117, -53
65, 29
-151, 285
-236, 170
103, -213
315, -185
22, 171
-156, 235
96, 16
208, -143
-10, -187
-130, 12
-126, 500
-188, 678
-65, 120
287, -513
334, -457
-75, 61
-376, 358
-235, 136
30, -303
61, -348
-82, 11
-103, 4
76, -367
196, -139
134, 457
118, 178
221, -536
201, -305
22, 304
-131, 67
-227, -354
-162, -164
207, -80
428, -325
-91, -154
-796, 146
-588, -55
339, -211
784, -74
401, -260
-79, -409
-120, 74
112, 263
187, -298
-108, -364
-441, 181
-299, 15
117, -541
131, -298
-180, 103
-165, -138
47, -209
-165, 146
-513, 96
-303, -184
105, -156
47, -265
-107, -414
106, 84
195, 464
-61, -84
8, -402
418, 118
368, 196
17, -237
179, 73
525, 556
336, 33
38, -511
81, -132
-75, 187
-482, 24
-372, 95
74, 93
24, -441
-189, -593
176, -48
575, 142
205, -71
-467, 106
-641, 289
-406, -14
-200, -41
-44, 458
215, 568
409, 177
148, 98
-473, 394
-768, 497
-541, 241
-460, -169
-704, -396
-569, -207
40, 67
392, -18
321, -273
239, -338
179, -199
99, 77
204, 235
351, -39
268, -259
103, 185
-111, 555
-479, 49
-513, -478
19, -207
240, 101
-199, -77
-332, -109
56, 190
87, 361
-159, 352
-6, 161
130, -246
-147, -286
-187, 213
86, 286
-16, -282
-190, -456
190, -126
500, -37
189, 4
-117, 235
-111, -2
-206, -526
-291, -299
-73, 292
126, 198
126, -108
76, 81
-108, 177
-256, -129
42, -228
320, -106
-5, -171
-234, -174
110, 7
152, -16
-266, -58
-111, 334
412, 688
217, 394
-249, -130
-40, -218
307, 10
143, 49
-94, -132
-147, -59
-176, 313
-31, 250
82, -418
-342, -668
-661, -97
45, 318
958, 192
822, 155
113, 173
-60, -66
333, 19
735, 564
731, 641
209, 206
-311, 89
-272, 94
-25, -272
-46, -406
10, -1
282, 250
229, 179
-95, 113
-75, -120
154, -406
113, -178
25, 260
145, 293
138, 162
-78, 21
-158, -305
-163, -243
-365, 370
-482, 313
-146, -515
286, -615
263, -132
-43, -391
-108, -648
-1, 147
-141, 648
-374, 45
-317, -197
-212, 160
-325, -233
-236, -799
181, -145
298, 703
56, 383
83, -248
263, -262
100, -101
-36, 18
120, 240
-49, 193
-513, -118
-361, -208
230, -269
284, -515
3, -332
121, 293
319, 446
148, 152
-27, 249
-4, 594
-49, 585
-106, 484
-35, 604
-14, 541
-12, 86
142, -409
209, -656
85, -591
139, -355
334, -330
243, -575
63, -618
237, -354
460, -226
337, -245
199, -25
303, 206
252, -29
-74, -353
-118, -112
313, 340
608, 297
390, 68
101, 297
80, 597
60, 371
-5, 105
181, 340
325, 489
-51, 93
-414, -229
-90, -141
347, -146
227, -286
-49, -87
-161, 223
-283, 122
-42, -186
717, -331
894, -352
59, -184
-455, 219
-68, 439
166, 229
-29, -77
53, -260
199, -297
-65, -30
-173, 240
136, -118
204, -699
39, -505
176, 148
219, 267
-283, 98
-643, 294
-289, 381
243, -67
362, -391
138, -225
-111, -64
-137, 40
68, 349
221, 390
168, -116
-14, -388
-279, -103
-414, -41
-202, -310
-33, -157
-243, 197
-279, 2
118, -278
199, -26
-168, 88
-168, -315
90, -435
-137, -154
-436, -164
-176, -132
10, 372
-321, 324
-467, -588
-186, -758
-105, 167
-254, 357
-139, -520
202, -727
455, -30
447, 186
46, -122
-470, -20
-516, 297
-174, 178
-18, -140
-38, -234
28, -176
33, -104
-25, -11
84, 164
104, 439
-219, 538
-382, 206
-75, -176
141, -159
-21, -45
-78, -194
150, -320
206, -156
-75, 57
-294, 68
-157, -117
83, -306
-32, -268
-461, -98
-555, -144
-30, -357
447, -426
195, -356
-404, -182
-445, 108
130, 103
443, -316
80, -357
-247, 173
-3, 295
244, -153
0, -286
-285, -194
-280, -454
-259, -441
-209, 233
-6, 488
-47, -53
-302, -253
-68, 184
391, 370
109, 210
-497, 297
-380, 530
2, 439
-196, 60
-496, -137
-381, 135
-200, 438
-7, 152
259, -182
51, 265
-473, 704
-247, 140
494, -455
454, -135
-169, 126
-221, -209
206, -158
417, 358
359, 402
54, 93
-386, -92
-321, -437
241, -673
399, -194
127, 287
98, 75
23, -20
-435, 346
-483, 296
107, -91
359, 25
157, 291
268, 137
472, 61
261, 222
121, 108
265, -14
75, 279
-356, 446
-389, 211
-239, 147
-282, 273
-193, 83
75, -216
149, -177
175, 41
270, 186
-19, 235
-545, 129
-507, -75
-38, -217
80, -349
-80, -434
-44, -206
79, 153
50, 148
-127, -153
-435, -300
-596, -180
-321, 4
3, 10
-4, -239
10, -391
125, -112
-175, 294
-632, 351
-449, 42
119, -372
355, -509
378, -114
402, 293
156, 89
-228, -197
-329, 71
-233, 279
-115, -27
59, -148
39, 80
-287, 14
-495, -177
-494, -9
-494, 155
-218, 175
218, 425
2, 515
-544, 80
-323, -133
164, 120
-65, 112
-269, 1
75, 310
-32, 409
-532, 59
-315, 77
51, 235
-280, -227
-359, -556
30, -193
-186, -69
-296, -209
632, 151
857, 284
-229, -185
-303, 40
406, 533
-400, -236
-518, -398
2873, 1950
5462, 3464
2724, 1438
-1120, -555
-919, 185
770, 721
436, -363
-277, -359
90, 886
147, 776
-216, -237
34, -147
205, 368
-291, 215
-448, 44
-83, 17
-57, -242
-140, -52
230, 658
471, 643
78, 47
-439, 188
-530, 653
-227, 300
46, -268
-36, -180
-121, 25
154, -108
186, -173
-336, -90
-433, -87
157, 23
234, 280
-364, 296
-426, 60
83, -51
166, 41
-97, 152
-69, 114
137, -167
279, -468
359, -353
163, 117
-242, 416
-303, 328
23, 37
249, -300
236, -516
72, -438
-173, -251
-171, -276
172, -380
348, -234
161, 14
-81, -18
-366, -247
-577, -243
-175, 78
547, 344
582, 261
70, -20
-83, -132
-49, 67
-348, 303
-516, 229
-148, -79
278, -197
379, -26
186, 51
-213, -123
-425, -182
-132, 34
135, 178
-82, 93
-267, 28
-77, -45
38, -365
-7, -628
150, -378
336, 57
216, 124
19, 55
-32, 269
-42, 447
-29, 179
-34, -241
-186, -365
-252, -213
-15, -23
131, 46
-86, -8
-226, -17
-17, 43
186, -35
144, -140
1, 97
-77, 405
15, 219
248, -164
349, -165
224, -106
120, -389
86, -515
-63, -147
-273, 144
-338, -55
-266, -394
-185, -445
-186, -173
-236, 110
-110, 82
191, -16
219, 246
-141, 444
-342, 5
-186, -428
-98, -176
-133, 49
8, -287
149, -390
17, 71
-105, 302
26, 126
195, 71
243, 47
229, -170
152, -220
114, -2
287, 175
460, 345
298, 491
-57, 278
-223, -119
-111, -247
93, -249
159, -264
11, -41
-170, 149
-233, -73
-270, -172
-296, 164
-213, 189
-161, -233
-226, -276
-119, 31
212, 19
348, -97
266, 60
336, 151
355, 64
-72, 39
-496, -122
-327, -406
10, -255
-130, 181
-474, 236
-393, 48
71, 0
380, -114
246, -241
-39, -62
-11, 92
255, -59
211, -140
-213, -156
-383, -392
23, -441
495, -206
467, -343
22, -525
-342, 30
-291, 464
18, -13
144, -134
-13, 598
-120, 547
-62, -402
-59, -419
-42, 322
218, 256
408, -106
148, 231
-131, 330
81, -211
390, -117
292, 596
45, 582
-84, 92
-246, 190
-304, 380
-39, -45
139, -422
-47, -236
-105, 13
150, 47
180, 82
-73, 131
-168, 159
-178, 262
-299, 330
-258, 251
-108, 213
-235, 323
-363, 420
-100, 350
132, 60
92, -332
212, -475
399, -273
213, -68
68, -4
313, 66
303, 32
-111, -159
-143, -81
205, 313
234, 336
105, -136
232, -334
234, -36
-46, 92
-133, -157
0, -275
54, -87
121, 36
201, -55
145, -109
205, 25
325, 141
-81, 40
-643, -66
-372, 82
219, 248
-16, 121
-559, -3
-426, 201
-103, 396
-185, 248
-207, 50
-40, 50
-174, 116
-414, 257
-248, 451
102, 302
236, -190
161, -307
-75, 176
-346, 565
-337, 392
-98, -5
32, -102
88, 215
229, 422
287, -64
160, -695
-9, -417
-146, 307
-168, 222
-10, -278
96, -104
13, 196
51, -101
265, -146
243, 404
31, 410
94, -198
328, -228
303, 179
152, 74
211, -177
337, -18
231, 50
-33, -73
-124, 103
93, 156
301, -427
174, -904
-28, -715
14, -462
24, -430
-131, -177
51, 263
504, 460
358, 312
-352, -40
-573, -199
-170, 163
-26, 486
-252, 127
-204, -284
54, -98
-21, 52
-267, -143
-164, -16
116, 280
72, 19
-155, -328
-103, -212
91, -296
32, -677
-81, -450
48, 107
97, 29
-119, -149
-119, 289
151, 519
15, 70
-543, -101
-718, 227
-325, 165
75, -252
230, -247
202, 48
-3, 60
-175, -72
-74, 27
90, 304
34, 455
-159, 277
-283, -60
-153, -112
250, 135
494, 165
285, -83
97, -95
193, 93
34, -165
-328, -769
-112, -731
371, 105
86, 624
-503, 346
-213, 199
457, 562
262, 511
-436, -148
-454, -433
108, -244
267, -201
-100, 128
-252, 970
-16, 944
-7, -267
-245, -725
14, 80
624, 284
525, -396
-159, -375
-240, 118
282, -267
457, -808
289, -280
245, 442
108, 379
-149, 194
-51, 249
239, -104
213, -681
57, -591
83, -20
152, 141
191, -157
124, -268
-178, 31
-246, 298
240, 149
407, -146
-202, -110
-539, 153
-278, 255
-387, 233
-664, 216
-151, -18
397, -452
-31, -585
-530, -226
-253, 173
83, 254
69, 166
43, 172
-135, 191
-365, -34
-6, -374
435, -351
9, 64
-508, 362
-88, 330
416, 170
105, -85
-283, -364
-80, -261
308, 208
480, 385
353, 125
-44, 48
-317, 295
-225, 290
-85, -64
27, -216
247, -62
146, -84
-389, -262
-506, -18
17, 485
295, 402
97, -125
-6, -77
-19, 367
-172, 84
-219, -589
-119, -365
-101, 408
-30, 485
139, 109
145, 111
93, 173
115, -61
-119, -125
-470, 18
-347, -45
-51, -69
-138, 170
-124, 168
320, -135
480, -160
138, 37
-99, 70
-171, 144
-289, 251
-221, -57
-80, -408
-182, -140
-107, 191
363, -78
566, -260
408, 221
401, 578
245, 202
-271, -352
-245, -525
428, -323
559, 127
127, 477
251, 281
781, -146
789, -74
401, 347
113, 387
-93, 92
-119, 70
123, 263
240, 170
70, -97
-49, -55
8, 230
154, 325
282, 165
129, -21
-151, -132
7, -160
348, -178
175, -270
-117, -244
-6, 88
-36, 294
-272, -32
21, -321
379, -23
-45, 233
-413, -135
-70, -488
-80, -262
-561, 28
-238, -42
453, -171
98, -187
-606, -208
-409, -151
7, 43
-117, 213
-189, 301
76, 292
259, 112
283, -57
114, -8
-287, 31
-426, -71
-159, 1
-69, 275
-118, 360
71, 253
54, 174
-232, -25
2, -299
381, -183
-114, 220
-699, 264
-297, -4
214, 12
133, 241
258, 161
565, -146
258, -256
-119, -229
35, -281
-9, -192
-327, 168
-157, 260
23, -193
-267, -427
-68, 27
401, 233
-538, -440
-2069, -959
-1673, -539
-23, 22
295, 155
-395, 346
-217, 540
447, 184
330, -283
-175, -196
-302, 23
-249, -75
-151, -181
212, -207
488, -331
145, -319
-439, -178
-477, -274
-52, -325
87, 56
-190, 281
-340, -15
-255, -173
-300, -13
-391, -25
-218, 33
26, 390
122, 217
260, -576
371, -734
67, -159
-494, -95
-720, -470
-404, -235
164, 266
481, 173
207, -45
-242, 144
-150, 168
265, -115
264, 95
-110, 721
-376, 689
-390, -54
-22, -425
544, -123
388, 142
-538, 145
-768, 185
2, 116
161, -199
-579, -251
-613, 19
168, -155
228, -735
-417, -759
-463, -278
-13, -97
12, -30
-135, 265
117, 148
392, -388
324, -286
254, 258
294, 72
94, -461
-330, -316
-614, -10
-603, -162
-259, -109
333, 274
588, 157
129, -313
-239, -382
238, -242
717, -216
275, -9
-206, 188
132, -83
332, -383
-216, -187
-317, 137
465, 263
817, 331
374, 233
231, -80
506, -150
361, 225
-115, 624
-346, 611
-334, 93
-113, -460
289, -297
310, 299
-231, 164
-580, -562
-391, -570
-118, 97
107, 288
356, -6
297, -101
-10, -30
11, 109
262, 372
184, 271
-25, -243
71, -228
224, 322
132, 279
3, -323
-23, -487
-97, -263
-287, -168
-463, -1
-388, 199
-36, 44
162, -105
-30, 73
-107, 14
244, -373
459, -394
195, -145
-58, -182
29, -127
240, 384
346, 730
201, 516
-114, 162
-44, -72
476, -225
454, -240
-430, -243
-946, -352
-457, -275
30, 83
-55, 340
37, 357
506, 226
470, -122
-195, -451
-479, -314
26, 23
574, 74
630, 49
485, 123
315, -18
-89, -270
-479, -249
-311, -184
123, -297
82, -249
-278, 23
-295, 227
-27, 341
86, 217
1, -292
-244, -454
-558, 132
-467, 296
120, -459
428, -696
96, 3
-230, 140
-225, -433
-290, -315
-456, 290
-340, 151
-37, -292
63, -95
-48, 201
-96, -40
101, -374
394, -374
381, -112
22, 252
-209, 322
-130, -71
-23, -261
45, 102
52, 300
-292, 92
-652, 217
-170, 707
750, 766
774, 377
23, 157
-235, 131
32, 30
-1, -74
-192, -129
-85, -215
-54, -174
-291, 83
-253, 214
113, -20
199, -293
-90, -181
-261, 167
-55, 206
353, -131
535, -260
197, 56
-209, 260
-69, 69
177, -66
-180, 11
-547, -26
-122, -118
395, -31
213, -69
0, -313
208, -187
85, 281
-357, 268
-93, -185
576, -164
437, 297
-127, 305
-42, -154
168, -356
-238, -244
-432, -227
175, -236
598, -62
210, 77
-283, 8
-344, -75
-107, -82
291, -147
581, -199
397, -16
4, 311
-112, 475
-63, 400
-52, 228
6, 16
-102, -253
-566, -438
-741, -374
-82, -157
680, -24
583, 28
-100, 153
-409, 246
-89, 104
248, -130
126, -222
-179, -258
-207, -286
-49, -41
-7, 407
-47, 515
-59, 170
-14, -132
215, -192
475, -197
308, -130
-109, 46
-160, 103
-4, 21
-54, 42
82, 73
529, -96
517, -198
52, 50
65, 370
456, 330
446, -97
294, -489
431, -324
333, 222
-148, 277
-335, -264
-173, -445
-131, -142
-103, -291
51, -725
54, -386
-27, 317
0, 255
-155, -90
-441, 178
-263, 341
264, -293
463, -774
359, -366
300, 181
187, 262
13, 217
3, 237
37, 143
0, -1
100, -91
231, -222
59, -309
-177, -145
-76, 128
143, 173
110, -70
-104, -340
-223, -345
-149, -42
-50, 313
-47, 424
77, 247
298, -19
39, -208
-539, -360
-396, -492
288, -334
197, 184
-453, 435
-355, -46
210, -566
240, -296
84, 363
166, 565
22, 308
-140, 19
210, -174
354, -223
-207, -70
-480, 140
-83, 271
46, 319
-243, 273
-277, 289
-74, 534
121, 661
370, 286
330, -211
-139, -318
-336, -110
-113, 286
-140, 790
-291, 874
-57, 346
128, -63
-67, 7
-151, 89
-79, 111
-193, 318
-184, 312
53, -60
-7, -113
-188, 185
87, 60
402, -349
296, -339
247, -86
401, 98
282, 447
-9, 631
-108, 114
-111, -430
-68, -264
-29, -40
-257, -283
-301, -323
397, 97
853, 294
173, 87
-345, -52
273, 51
682, 251
144, 346
-95, 187
348, 36
505, 140
304, 61
286, -359
338, -360
386, 121
532, 65
393, -471
-26, -333
-98, 355
43, 508
-83, 187
-39, 55
378, 26
403, 1
19, 208
-33, 357
17, 189
-272, 160
-311, 309
153, 51
396, -332
218, -130
28, 201
-139, 18
-222, -158
-63, 67
-72, 151
-372, -43
-241, -80
293, -79
305, -200
-93, -31
-45, 274
286, 84
344, -143
309, 329
324, 717
154, 159
-83, -444
-148, -216
-46, 126
266, 40
570, 103
379, 398
31, 323
202, 26
337, 21
-181, 85
-410, -61
236, -124
533, 2
-118, 47
-533, -23
-162, -121
144, -277
43, -363
-70, -255
-156, -165
-209, -188
33, -114
325, 21
118, 25
-363, -79
-443, -284
-89, -497
237, -250
404, 380
534, 421
497, -287
191, -612
54, -187
421, 124
731, 31
412, -98
-61, -314
-83, -490
96, -84
174, 554
259, 555
196, 165
-90, 88
-75, 120
272, -30
205, -75
-204, -16
-146, -68
153, -6
-55, 156
-452, 30
-372, -124
35, 76
401, 74
491, -398
45, -450
-562, 162
-496, 382
101, -85
339, -274
105, 126
-151, 386
-335, 207
-364, 21
-85, 4
199, -108
232, -324
255, -283
300, 17
122, 153
-79, 82
-9, 102
139, 25
125, -286
-39, -235
-273, 231
-335, 172
-137, -304
-85, -48
-247, 573
-89, 284
259, -399
152, -316
-133, 97
-65, 230
-23, 383
-151, 337
51, -185
268, -269
-52, 372
-201, 592
306, 228
575, 147
280, 159
128, 16
93, 361
-145, 793
-179, 451
-47, 192
-181, 437
-120, -92
87, -773
-534, 98
-1040, 650
117, -857
724, -788
-1675, 2927
-3860, 5127
-2154, 2560
496, -306
165, -303
-1139, 65
-495, -263
655, 257
612, 662
388, -298
523, -671
285, 378
-18, 661
195, -138
250, -201
-258, 254
-520, 68
-160, -197
140, -159
-63, -392
-354, -391
-225, 378
151, 734
242, 94
73, -382
35, -413
7, -688
-154, -688
-5, 76
385, 385
217, -310
-298, -587
-168, 128
293, 572
153, 225
-163, -35
58, 127
339, 261
219, 253
-14, 177
-283, -88
-502, -319
-203, -83
307, 316
222, 202
-49, -255
221, -344
375, -36
-104, 153
-296, 119
174, 90
397, 61
177, -51
126, -110
131, 26
-39, 214
51, 113
334, -367
163, -696
-247, -375
-273, 130
-128, 107
-131, -152
0, -113
271, -120
315, -415
213, -451
194, -166
148, -139
41, -226
-86, 0
-331, 115
-445, -151
-153, -231
-24, -74
-468, -175
-662, -265
-172, -36
90, -82
-138, -465
-27, -343
260, 128
-44, 25
-350, -403
32, -410
277, -247
-69, -275
-121, -240
178, -162
-25, -208
-344, -83
45, 124
507, -123
355, -461
156, -135
170, 350
-31, 123
-170, -371
78, -307
30, 49
-494, 55
-527, -194
63, -220
332, 48
143, 277
14, 287
-116, 235
-288, 187
-163, 64
-44, 1
-424, -2
-703, -304
-232, -679
304, -361
129, 314
-282, 250
-235, -263
87, -162
209, 183
93, -74
22, -407
160, -147
318, 184
218, 139
-75, -23
-285, -247
-278, -525
-43, -430
270, 52
293, 322
-6, 184
-108, -35
146, -128
226, -42
-70, 113
-300, 76
-275, -74
-239, -74
-257, -105
-236, -280
-237, -218
-321, 1
-413, -158
-364, -416
-34, -149
392, 288
412, 367
0, 300
-239, 199
-146, -78
-203, -206
-391, -39
-228, -39
85, -171
44, -4
-72, 195
129, 167
184, 255
-258, 247
-545, -292
-234, -542
60, 99
-112, 431
-315, -192
-261, -500
-217, -57
-173, -56
44, -578
121, -499
-86, 61
-42, 104
361, -310
518, -429
394, -70
418, 347
295, 347
-263, -42
-601, -267
-400, -182
-253, -178
-182, -181
188, 101
294, 245
-176, -17
-246, -88
252, 188
161, 236
-418, 139
-309, 311
165, 358
113, 15
32, -145
250, 13
44, 58
-342, 125
-52, 403
303, 426
3, 158
-136, 162
243, 279
252, 44
-88, -123
-38, 165
87, 387
-48, 224
65, 88
211, 152
-203, 208
-367, 124
338, -207
673, -577
5, -355
-319, 314
285, 391
692, -171
399, -232
36, 285
-60, 271
53, -296
291, -368
340, 91
141, 267
88, 209
192, 409
123, 483
-3, 47
-14, -235
-64, 17
-15, 60
257, -335
184, -317
-409, 169
-627, 211
-168, -83
25, 70
-385, 280
-595, -56
-290, -275
-48, -8
-91, -40
-28, -348
209, -50
148, 448
-282, 253
-403, -36
-1, 225
94, 345
-383, 136
-450, 393
109, 777
229, 279
-162, -584
-75, -752
238, -466
-49, -234
-300, 78
119, 253
274, -52
-281, -264
-534, 67
-245, 269
-192, -72
-258, -278
53, 35
244, 312
-70, 169
-329, -106
-244, -260
-120, -352
-8, -378
102, -168
9, 187
-158, 251
-106, -86
3, -305
-26, -134
-78, -15
-133, -181
-158, -190
77, 105
370, 190
209, -145
-187, -411
-218, -230
-27, 104
19, 116
179, -101
553, -43
573, 192
97, -33
-204, -516
-51, -335
64, 262
0, 136
219, -458
630, -316
504, 281
-71, 167
-212, -348
18, -220
-226, 268
-645, 263
-316, -60
253, -130
62, -63
-412, -189
-387, -385
-200, -352
-83, -50
273, 265
470, 292
90, 81
-138, 51
85, 449
-89, 882
-543, 743
-193, 126
523, -152
358, 184
-215, 354
-81, -46
340, -233
240, 182
-21, 337
43, -140
96, -334
-210, 150
-526, 470
-357, 196
50, -82
11, 30
-302, 292
-43, 409
531, 258
398, -30
-144, -90
-146, 148
8, 327
-253, 326
-366, 247
-200, -118
-345, -770
-333, -1001
280, -454
314, 192
-566, 300
-685, 49
195, -155
345, -103
-258, 192
-255, 308
-11, -99
-302, -556
-230, -521
570, -342
914, -398
559, -277
332, 169
147, 333
-246, 75
-227, -12
218, 203
230, 300
-223, 172
-462, 17
-364, -61
-164, -2
-40, 104
-157, 13
-246, -160
60, -107
337, -23
168, -160
54, -167
189, 123
62, 247
-128, 168
80, 365
135, 593
-215, 272
-147, -173
244, -55
-1, 205
-427, -76
-153, -529
23, -424
-447, 55
-409, 195
338, -78
362, -147
-363, 147
-458, 144
-32, -337
-131, -479
-425, -17
-209, 201
-9, -59
-310, -53
-511, 243
-224, 165
15, -84
-101, 84
-171, 339
-43, 186
-117, -31
-343, 48
-126, 167
327, 69
98, -112
-578, -135
-505, -6
186, -54
319, -327
-16, -305
52, 48
271, 44
124, -196
57, 95
246, 413
130, -127
-164, -646
-31, -168
304, 292
362, -54
233, -245
21, 34
-183, -75
25, -332
476, 15
388, 341
-81, 82
-108, -13
140, 240
89, 55
55, -448
339, -509
501, -226
363, -3
184, 171
-14, 186
-94, 13
174, 72
294, 336
-202, 220
-616, -226
-313, -410
117, -245
178, -25
223, 129
360, 169
293, 85
140, -9
102, -16
40, 196
-41, 555
-26, 495
-78, -108
-199, -381
-99, -22
135, 114
191, -115
164, 22
171, 298
23, 108
-191, -55
-117, 102
139, -43
195, -327
32, -74
-152, 149
-286, -238
-309, -434
-158, -38
70, 220
175, 252
52, 462
-114, 483
-49, 123
133, -101
137, -170
113, -245
263, 72
267, 555
23, 402
-13, 39
121, 281
1, 516
-14, 167
436, -34
604, 207
125, 245
-98, 12
153, -110
41, -143
-309, -29
-129, 273
144, 381
-138, 269
-427, 197
-295, -155
-203, -665
-203, -414
-15, 277
-12, 303
-277, 126
-50, 297
592, -100
478, -679
-421, 98
-654, 866
220, -324
735, -1167
-149, 529
-1268, 1916
-1024, 827
76, -112
421, 537
1, 655
-58, -143
208, -219
121, 87
-57, -106
29, -20
10, 380
-157, 97
-125, -379
-104, -249
-208, -178
6, -286
351, 227
214, 797
-22, 508
174, 170
365, 427
363, 439
582, 34
662, 44
132, 325
-310, 174
-241, -190
-329, -310
-562, -232
-297, -30
25, 190
-187, 208
-315, 142
23, 175
253, 122
245, -26
243, -31
28, -15
-239, -137
-76, -138
28, 44
-396, 120
-529, 83
-11, 67
192, 22
-83, -7
-14, 1
196, -102
-127, -66
-531, 441
-406, 803
-56, 397
85, -81
-177, 40
-801, 223
-1021, 114
-265, 195
575, 411
532, 261
61, 7
-193, 42
-297, 78
-131, 34
363, 229
550, 390
225, 84
-47, -248
-248, -113
-593, 23
-541, -254
29, -399
228, -36
-107, 157
-223, -248
-124, -497
-240, -139
-225, -30
134, -568
279, -730
45, -75
-126, 451
-112, 498
11, 615
240, 639
228, 258
-188, 94
-346, 249
60, -91
162, -572
-507, -165
-979, 444
-508, 227
130, 0
13, 433
-424, 553
-307, 72
146, -15
230, 245
107, 44
223, -279
269, -161
53, -32
69, -121
247, 23
-1, 354
-242, 440
175, 380
449, 435
-102, 493
-440, 379
78, 117
385, -74
-12, 36
-194, 254
121, 219
244, 127
22, 258
-197, 286
-293, 60
-161, -2
205, 126
422, 86
319, 16
198, 114
217, 114
305, 42
373, 224
185, 414
-230, 258
-322, 25
-13, -66
77, -88
-117, 115
-136, 477
-43, 453
10, 77
198, -88
184, -100
-311, -212
-420, -138
211, 89
345, -5
-249, -188
-134, -18
567, 78
308, -166
-346, -151
188, 251
935, 396
283, 196
-670, 40
-401, -88
261, -232
248, -146
12, 82
-97, 95
-310, -63
-285, -7
103, 435
50, 852
-472, 590
-403, -155
174, -363
152, 77
-249, 156
-102, -255
132, -271
-158, 108
-167, 167
398, -70
348, -232
-414, -313
-509, -215
39, 30
6, -24
-324, -223
-27, 60
271, 413
-71, 128
-274, -180
-2, 91
63, 283
56, 40
470, -134
623, -311
20, -638
-450, -402
-254, 355
-27, 409
-115, -226
-256, -321
-316, 39
-212, -75
-52, -374
-289, -217
-667, 57
-328, 163
353, 318
275, 353
-203, 107
-122, 24
117, 171
-82, 67
-222, -111
-31, 112
30, 304
-62, -51
-79, -393
-173, -173
-232, 112
-27, -46
9, -307
-293, -258
-245, -54
183, 10
144, -89
-312, -183
-397, -82
-132, 183
86, 333
356, 193
572, -60
365, -158
-14, 20
-87, 331
83, 305
273, -282
361, -719
176, -242
-116, 501
-160, 360
-179, -385
-427, -627
-396, -290
81, 68
231, 388
-99, 589
-118, 353
188, 10
100, 118
-268, 351
-307, 188
-109, -145
0, -363
67, -470
39, -280
-153, 151
-192, 231
4, -96
30, -210
-35, -62
302, -99
677, -279
307, -338
-374, -267
-342, -51
116, 161
42, 70
-292, -49
-91, 166
220, 190
-82, -255
-452, -331
-168, 154
280, 224
255, -216
10, -340
-112, -242
-141, -386
-64, -412
7, -176
-142, -163
-211, -271
59, -107
82, 100
-366, 226
-400, 434
165, 401
250, 36
-321, -19
-553, 186
-370, -45
-449, -392
-526, -242
-99, -68
341, -100
345, 208
236, 530
161, 217
-33, -49
-59, 244
320, 253
623, -178
412, -162
-7, 107
-150, -64
-29, -179
-36, 157
-364, 265
-600, -22
-256, -147
333, -96
395, -19
-65, 209
-304, 281
-45, 29
209, 67
60, 348
-249, 61
-311, -389
-204, -83
-238, 313
-317, -28
-152, -301
144, 62
314, 258
339, 27
136, -29
-310, -7
-459, -231
4, -258
368, 94
174, 229
121, -70
457, -346
288, -325
-503, -198
-832, -255
-463, -470
-211, -416
-117, 3
306, 237
603, 132
212, 194
-183, 348
98, 101
399, -163
39, 125
-391, 451
-254, 299
10, 190
-52, 432
-91, 506
122, 234
212, 13
76, -107
55, -326
164, -475
183, -372
196, -208
261, -131
218, -15
170, 162
276, 182
213, 11
-153, -64
-264, 5
116, -101
432, -351
347, -282
98, 37
-113, 88
-153, -64
67, -41
204, 20
22, -14
-20, 128
154, 341
-164, 173
-808, -185
-616, -297
265, -227
422, -22
-210, 397
-372, 590
111, 230
336, -136
139, -150
14, -192
38, -273
69, -72
124, 91
62, -50
-210, -43
-331, 155
-76, -39
155, -466
62, -459
-66, -147
13, 26
125, 189
160, 416
199, 408
159, 210
-79, 125
-333, 91
-344, -53
-122, -158
100, -98
69, -9
-137, -3
0, 16
600, 127
839, 162
254, -8
-271, -66
-77, 212
141, 337
-53, -33
-13, -280
352, 21
294, 302
-125, 187
-237, 2
-203, -207
-392, -532
-414, -499
-63, 33
174, 336
83, 86
-111, -166
-280, -151
-260, -113
12, -135
144, -154
-2, -151
30, -102
214, -130
34, -288
-279, -267
-206, -35
-50, -91
-133, -381
-114, -297
20, 20
-104, 26
-294, -61
-235, 41
-184, -4
-229, -222
-98, -223
75, -156
112, -319
276, -525
457, -677
186, -740
-247, -313
-226, 440
37, 616
102, 206
90, 87
118, 297
70, 324
35, 292
54, 336
-8, 226
-29, 140
74, 207
-32, 1
-367, -297
-376, 3
25, 497
281, 337
135, -105
-155, -178
-274, -46
-114, 153
44, 404
-64, 250
-103, -204
161, -184
172, 59
-208, -269
-165, -649
330, -323
279, 84
-262, -20
-286, -186
111, -136
125, 16
-84, 335
33, 454
303, -58
343, -433
151, 44
-91, 458
-155, 25
-20, -450
17, -308
-22, 24
138, 270
168, 394
-284, 148
-550, -222
-103, -135
307, 170
116, 124
-48, -104
215, -176
428, -138
333, 8
175, 184
54, 157
-99, 139
-325, 387
-531, 444
-375, 107
146, 17
276, 219
-194, 29
-216, -283
559, 80
896, 649
270, 533
-195, 168
55, 305
256, 485
91, 62
13, -526
36, -587
-105, -271
-194, -74
-57, -73
16, -229
-67, -635
-97, -882
-154, -369
-436, 369
-671, 256
-502, -308
-108, -180
139, 290
225, 211
275, 68
275, 337
226, 305
170, -92
109, -5
132, 296
268, 59
224, -172
-100, 75
-241, 156
-50, 51
-65, 332
-315, 386
-144, -275
325, -536
308, 18
-57, 159
-55, -289
165, -300
88, -72
-104, -259
-76, -248
55, 241
98, 360
19, 119
-58, 244
69, 329
207, -108
-39, -235
-298, 287
-47, 412
92, -138
-399, -350
-605, 102
-26, 465
319, 299
67, -121
49, -363
233, -273
31, -154
-114, -285
70, -339
-178, -12
-777, 270
-651, 106
13, -150
124, -138
-244, -51
-354, -99
-174, -197
10, -277
104, -324
93, -219
180, 50
440, 244
452, 159
158, -40
91, -15
173, 194
-13, 181
-66, -115
293, -258
382, -118
90, -70
144, -183
367, -116
113, 102
-209, 106
-128, -88
-1, -199
107, -178
344, -60
161, 209
-428, 441
-386, 332
198, 11
143, -155
-352, -96
-249, 107
148, 365
139, 358
50, -20
124, -163
34, 267
-71, 530
92, 194
204, -39
41, 49
-209, -228
-513, -580
-687, -133
-357, 364
112, -149
90, -640
-98, -48
40, 460
103, 78
-177, -61
-325, 272
-175, -19
-39, -498
75, -37
198, 517
91, 231
-124, 55
-46, 309
260, -119
465, -872
448, -542
147, 274
-365, 234
-672, -107
-521, 92
-190, 268
6, 88
59, 95
46, 290
-13, 304
-150, 305
-306, 329
-238, 85
33, -233
0, -343
-419, -448
-501, -527
-30, -262
246, 59
36, 6
-72, -57
163, 281
385, 625
402, 480
244, 10
-24, -231
-143, 18
12, 317
116, 94
-43, -302
-254, -170
-346, 170
-292, 7
-59, -330
128, -139
-30, 374
-344, 587
-425, 274
-251, -299
58, -504
304, -99
66, 100
-507, -439
-518, -802
110, -375
308, -75
-139, -372
-251, -404
125, 51
152, 255
-155, 204
-61, 344
301, 379
268, 26
-28, -317
-2, -430
341, -389
557, -80
423, 294
53, 217
-272, -105
-312, -85
-131, 61
-22, -94
-49, -251
27, -117
248, 34
306, 69
151, 69
188, -156
452, -625
366, -806
-128, -434
-232, -19
237, -69
338, -357
-243, -340
-510, -28
-25, 79
258, -70
-184, -14
-581, 239
-396, 239
-68, 132
89, 327
222, 462
214, 117
-72, -242
-228, -226
32, -218
289, -339
212, -170
78, 170
103, 124
127, -237
104, -382
178, -221
318, -90
352, -127
251, -90
179, 175
264, 321
298, 28
-4, -320
-344, -314
-171, -229
205, -142
88, 324
-211, 716
34, 166
465, -704
393, -658
170, -100
294, -60
380, -286
115, -282
-136, -341
-163, -411
-75, -66
188, 308
530, 183
500, -97
43, -208
-333, -329
-294, -379
37, -204
284, -7
147, 207
-105, 471
86, 338
491, -107
365, -23
-112, 387
-160, 160
122, -276
112, -17
-159, 286
-381, -17
-565, -125
-606, 235
-351, 224
-130, -43
-194, 92
-173, 165
113, -153
227, -146
24, 141
-58, -10
167, -121
378, 316
283, 373
-72, -219
-368, -270
-273, 233
99, 109
242, -388
18, -246
-103, 155
117, 201
247, 251
-25, 331
-294, 20
-175, -248
-3, -1
-112, 198
-141, 36
177, 2
369, 111
138, 23
-32, -17
143, 104
253, -31
100, -250
36, -47
164, 159
191, -111
33, -260
-101, 110
-69, 369
60, 246
55, 220
-169, 218
-271, -120
16, -292
350, 152
369, 415
315, -201
406, -871
378, -674
173, -184
106, -222
147, -299
36, 258
-49, 815
108, 578
190, 83
-15, 100
-117, 235
104, -4
298, -117
293, 198
320, 261
357, -183
209, -357
82, 39
182, 290
174, 65
-171, -117
-425, -44
-246, -61
54, -151
82, 25
-175, 294
-477, 206
-480, -50
-113, 27
156, 292
67, 208
76, -197
330, -451
256, -349
-117, -62
-37, 78
335, -204
162, -637
-333, -553
-372, -42
-176, 45
-248, -352
-305, -428
-130, -92
-37, 46
-28, 49
68, 220
-12, 112
-287, -441
-211, -606
222, -109
402, 119
272, -237
208, -337
124, 70
-116, 219
-142, -110
204, -270
451, -3
291, 230
9, 129
-52, -129
131, -341
367, -421
355, -272
-23, 15
-342, 117
-48, -27
574, -39
651, 185
118, 228
-191, -68
-38, -272
20, -98
-74, 216
97, 359
356, 208
307, -112
134, -273
-1, -178
-230, -106
-323, -67
-121, 200
-88, 420
-233, 204
91, 10
569, 240
254, 303
-453, -65
-530, -115
-179, 266
7, 296
138, 29
156, 118
-107, 222
-149, -170
107, -462
-129, -180
-648, 81
-331, -9
479, -10
531, 147
38, 133
-41, 47
170, 97
168, 76
64, -121
54, -216
135, -67
286, 28
331, -212
173, -497
-21, -263
-277, 245
-551, 158
-324, -375
288, -303
269, 216
-371, 45
-474, -571
-3, -432
125, 258
22, 404
189, -14
205, -400
-177, -580
-422, -404
-388, 131
-316, 380
-79, 69
255, -149
276, -25
78, 41
-66, 106
-290, 267
-433, -9
-120, -616
219, -591
31, -25
-228, 85
-8, -145
359, -55
358, -23
-42, -378
-431, -427
-265, -30
309, 26
454, -296
114, -382
38, -277
124, -130
-212, 302
-551, 573
-308, -10
201, -727
633, -499
815, 219
364, 529
-271, 496
-125, 226
199, -356
-400, -562
-1000, -33
-475, 196
139, -273
-68, -311
-267, 268
-44, 309
58, -129
49, -90
-19, 97
-426, -137
-627, -151
-161, 266
111, 304
-187, 20
-268, 113
-149, 293
-248, 215
0, 270
460, 273
117, -164
-371, -343
54, 38
353, 115
-39, 67
114, 675
457, 880
-201, -15
-577, -243
-27, 556
-464, 244
-1042, -657
728, 144
1593, 604
-2366, -2086
