256,
1,
32,
11.000000, 41.000000
21.000000, 92.000000
26.000000, 34.000000
70.000000, 65530.000000
119.000000, 17.000000
75.000000, 25.000000
65468.000000, 65514.000000
65349.000000, 65483.000000
65349.000000, 65510.000000
65434.000000, 65527.000000
65530.000000, 65483.000000
59.000000, 65438.000000
69.000000, 65465.000000
14.000000, 3.000000
65504.000000, 54.000000
14.000000, 58.000000
115.000000, 34.000000
140.000000, 65531.000000
66.000000, 65492.000000
0.000000, 65492.000000
65529.000000, 65530.000000
65509.000000, 11.000000
65464.000000, 65504.000000
65488.000000, 65455.000000
50.000000, 65480.000000
78.000000, 9.000000
65519.000000, 21.000000
65470.000000, 65505.000000
47.000000, 65466.000000
147.000000, 65458.000000
8.000000, 65404.000000
65273.000000, 65275.000000
65195.000000, 65194.000000
65399.000000, 65273.000000
82.000000, 65437.000000
81.000000, 65515.000000
65491.000000, 65487.000000
65478.000000, 65492.000000
84.000000, 55.000000
199.000000, 125.000000
145.000000, 49.000000
65524.000000, 65441.000000
65428.000000, 65396.000000
65445.000000, 65476.000000
65483.000000, 26.000000
65466.000000, 30.000000
65447.000000, 65517.000000
65500.000000, 65464.000000
37.000000, 65421.000000
16.000000, 65401.000000
65458.000000, 65438.000000
65449.000000, 65511.000000
43.000000, 7.000000
163.000000, 65525.000000
133.000000, 16.000000
25.000000, 136.000000
6.000000, 233.000000
89.000000, 171.000000
137.000000, 9.000000
76.000000, 65468.000000
65512.000000, 65512.000000
65474.000000, 65525.000000
65519.000000, 65422.000000
57.000000, 65343.000000
80.000000, 65424.000000
7.000000, 30.000000
65432.000000, 46.000000
65404.000000, 65505.000000
65494.000000, 65526.000000
58.000000, 126.000000
70.000000, 154.000000
39.000000, 65520.000000
47.000000, 65377.000000
58.000000, 65476.000000
5.000000, 134.000000
65476.000000, 124.000000
65493.000000, 65448.000000
15.000000, 65321.000000
9.000000, 65418.000000
65506.000000, 16.000000
18.000000, 3.000000
115.000000, 65462.000000
82.000000, 65489.000000
65443.000000, 47.000000
65349.000000, 49.000000
65455.000000, 65475.000000
47.000000, 65399.000000
4.000000, 65452.000000
65416.000000, 21.000000
65416.000000, 63.000000
65533.000000, 18.000000
48.000000, 65499.000000
65524.000000, 65491.000000
65495.000000, 65520.000000
54.000000, 65523.000000
188.000000, 65480.000000
241.000000, 65468.000000
196.000000, 23.000000
97.000000, 159.000000
65517.000000, 186.000000
65417.000000, 63.000000
65383.000000, 65473.000000
65427.000000, 65486.000000
65522.000000, 60.000000
100.000000, 112.000000
180.000000, 48.000000
145.000000, 65510.000000
65528.000000, 65535.000000
65398.000000, 113.000000
65436.000000, 198.000000
37.000000, 164.000000
82.000000, 32.000000
0.000000, 65460.000000
65499.000000, 65460.000000
51.000000, 0.000000
125.000000, 46.000000
54.000000, 36.000000
65471.000000, 17.000000
65467.000000, 3.000000
10.000000, 65501.000000
22.000000, 65456.000000
65492.000000, 65474.000000
65476.000000, 19.000000
15.000000, 86.000000
68.000000, 124.000000
34.000000, 196.000000
65535.000000, 269.000000
40.000000, 206.000000
103.000000, 1.000000
91.000000, 65396.000000
18.000000, 65452.000000
65509.000000, 26.000000
65521.000000, 18.000000
11.000000, 65489.000000
19.000000, 65509.000000
22.000000, 28.000000
29.000000, 65518.000000
17.000000, 65420.000000
65503.000000, 65432.000000
65440.000000, 65526.000000
65420.000000, 65513.000000
65468.000000, 65386.000000
6.000000, 65335.000000
51.000000, 65413.000000
50.000000, 65467.000000
23.000000, 65435.000000
65527.000000, 65452.000000
65498.000000, 31.000000
65496.000000, 80.000000
65533.000000, 65502.000000
14.000000, 65379.000000
65498.000000, 65408.000000
65433.000000, 65506.000000
65476.000000, 65516.000000
64.000000, 65469.000000
86.000000, 65479.000000
65473.000000, 65520.000000
65340.000000, 65504.000000
65420.000000, 65471.000000
83.000000, 65523.000000
154.000000, 82.000000
50.000000, 92.000000
65480.000000, 12.000000
65472.000000, 65503.000000
65492.000000, 65532.000000
65493.000000, 21.000000
65529.000000, 65533.000000
58.000000, 65508.000000
42.000000, 65519.000000
65462.000000, 4.000000
65389.000000, 13.000000
65444.000000, 16.000000
65518.000000, 19.000000
65507.000000, 11.000000
65476.000000, 65534.000000
65509.000000, 65508.000000
10.000000, 65449.000000
65518.000000, 65383.000000
65506.000000, 65402.000000
65.000000, 65520.000000
162.000000, 64.000000
91.000000, 9.000000
65430.000000, 65454.000000
65312.000000, 65481.000000
65362.000000, 44.000000
65477.000000, 60.000000
14.000000, 2.000000
38.000000, 6.000000
14.000000, 57.000000
65484.000000, 65522.000000
65453.000000, 65340.000000
65535.000000, 65315.000000
121.000000, 40.000000
123.000000, 332.000000
6.000000, 364.000000
65487.000000, 196.000000
42.000000, 84.000000
137.000000, 71.000000
89.000000, 22.000000
65506.000000, 65470.000000
65481.000000, 65487.000000
16.000000, 64.000000
46.000000, 85.000000
65507.000000, 65506.000000
65417.000000, 65441.000000
65417.000000, 65523.000000
65494.000000, 51.000000
28.000000, 65501.000000
45.000000, 65396.000000
23.000000, 65458.000000
65531.000000, 62.000000
65517.000000, 58.000000
65524.000000, 65436.000000
65529.000000, 65337.000000
65502.000000, 65412.000000
65456.000000, 10.000000
65459.000000, 63.000000
8.000000, 31.000000
101.000000, 65516.000000
86.000000, 65498.000000
65512.000000, 5.000000
65452.000000, 94.000000
65530.000000, 130.000000
101.000000, 50.000000
89.000000, 65490.000000
65516.000000, 65520.000000
65452.000000, 86.000000
65477.000000, 64.000000
65503.000000, 65444.000000
65490.000000, 65381.000000
65500.000000, 65520.000000
5.000000, 123.000000
65530.000000, 49.000000
65460.000000, 65401.000000
65453.000000, 65340.000000
16.000000, 65423.000000
84.000000, 65489.000000
22.000000, 65483.000000
65481.000000, 65487.000000
65522.000000, 65510.000000
66.000000, 65471.000000
37.000000, 65393.000000
65473.000000, 65402.000000
65462.000000, 65513.000000
10.000000, 59.000000
44.000000, 55.000000
65516.000000, 48.000000
65459.000000, 86.000000
65472.000000, 87.000000
65493.000000, 29.000000
65480.000000, 18.000000
65482.000000, 96.000000
65521.000000, 127.000000
8.000000, 15.000000
65533.000000, 65424.000000
65529.000000, 65450.000000
11.000000, 41.000000
21.000000, 92.000000
26.000000, 34.000000
70.000000, 65530.000000
119.000000, 17.000000
75.000000, 25.000000
65468.000000, 65514.000000
65349.000000, 65483.000000
65349.000000, 65510.000000
65434.000000, 65527.000000
65530.000000, 65483.000000
59.000000, 65438.000000
69.000000, 65465.000000
14.000000, 3.000000
65504.000000, 54.000000
14.000000, 58.000000
115.000000, 34.000000
140.000000, 65531.000000
66.000000, 65492.000000
0.000000, 65492.000000
65529.000000, 65530.000000
65509.000000, 11.000000
65464.000000, 65504.000000
65488.000000, 65455.000000
50.000000, 65480.000000
78.000000, 9.000000
65519.000000, 21.000000
65470.000000, 65505.000000
47.000000, 65466.000000
147.000000, 65458.000000
8.000000, 65404.000000
65273.000000, 65275.000000
