15454
11007
-3719
-3427
8884
10166
-279
414
18097
29689
18104
-3648
-11817
-104
18149
26028
17972
4602
1062
7030
7282
-2439
-5875
5618
13870
2260
-13687
-9664
6662
8276
-5980
-11759
-3005
-1617
-17387
-29087
-18163
2573
8835
-3199
-18097
-22847
-16939
-8280
-4967
-6376
-3390
6174
9654
-864
-10719
-3255
10400
6652
-10629
-14367
1452
12882
7537
3733
15334
25961
17099
-435
-4101
7099
16769
17300
14295
12241
9890
5421
-2119
-11100
-13906
-5140
5609
3890
-5129
-1693
14833
20574
4590
-12689
-12645
-6450
-11077
-18805
-13870
-2702
-2397
-10891
-13119
-8562
-9223
-15379
-14833
-3867
8737
16114
17336
11573
1508
-3803
-2119
-4990
-17814
-24792
-11298
10174
16898
9045
4101
6707
7639
6351
9843
13266
6401
-3185
1452
16006
17981
1575
-14961
-19253
-17998
-16611
-9654
2622
10262
12137
17531
24109
16725
-4661
-18097
-10327
5021
9316
1452
-9388
-16148
-12492
3005
15750
7942
-12331
-16960
1198
18183
18000
13870
17556
16350
-231
-16703
-17151
-12112
-15948
-17972
-3340
13978
8922
-13870
-24956
-11342
10142
18097
7234
-12685
-24445
-15909
3678
9983
-3610
-15454
-10528
-4264
-11982
-17933
-2853
17741
16666
1452
396
12442
11312
-3883
-4135
18207
32661
17754
-7137
-12765
1968
18097
23372
17923
7850
2119
4360
5556
-2133
-8292
15
11429
5273
-10583
-8607
10989
17268
-335
-14913
-9127
-2826
-13870
-25015
-15771
544
335
-11380
-14535
-9490
-10583
-16599
-14191
-2435
8292
14387
17353
13402
2119
-5277
-3280
-4752
-18097
-26692
-13002
10319
17754
8270
727
1790
3883
6527
13312
14772
1452
-11974
-4156
15675
17933
-1653
-17715
-17568
-15454
-19196
-15243
2091
15909
15368
13080
18458
18097
1521
-14261
-7688
13870
23924
11688
-8802
-17972
-7766
13613
26242
16703
-3093
-8042
5188
13870
6634
1173
10513
16960
2505
-16399
-13596
3005
5065
-8441
-12313
-1452
62
-17516
-30150
-18097
3073
7230
-5942
-17531
-18558
-15056
-12447
-9654
-4736
2839
11511
14961
7852
-2950
-4456
1452
-1703
-17060
-24396
-9843
11171
16543
8566
4101
6285
6818
6578
11298
13729
3828
-7858
-2119
15286
18159
-82
-17336
-18954
-15990
-18086
-14833
1101
15714
16427
13119
17206
18063
3001
-13870
-8607
14467
26274
12645
-9761
-17634
-5394
14833
25529
17484
331
-5609
4325
11774
4711
-2119
6232
15304
4389
-14295
-12196
7128
12221
-4101
-14597
-6296
-1499
-15334
-27194
-16589
1236
1452
-10900
-14800
-9703
-10400
-16714
-14735
-2218
9654
15518
17903
15124
4967
-4806
-6714
-8145
-18097
-26282
-15936
6888
18163
8982
-5450
-9674
-3005
8482
17212
12662
-6662
-21400
-12028
9792
13870
-4022
-17248
-12282
-7282
-15077
-18190
-1204
17972
15661
1619
1128
11817
10775
-2064
-1759
18097
31173
18219
-4094
-8884
4846
17837
19560
15454
12188
9511
4701
-3225
-12042
-15483
-8971
1452
4388
615
3871
17803
25339
12360
-9431
-17754
-9495
168
1708
-2119
-8389
-14993
-13127
2119
15722
8342
-11847
-16225
2017
18116
15960
10583
16038
18048
1367
-18218
-17461
-4698
-4342
-13870
-10401
4698
4129
-18218
-32577
-18048
6123
10583
-4529
-18116
-20040
-16225
-12328
-8342
-3796
2119
10125
14993
9364
-2119
-5510
-168
-2471
-17754
-26405
-12360
10457
17803
8465
-615
-1600
1452
7525
15483
13967
-3225
-18157
-9511
11959
15454
-3496
-17837
-13695
-8884
-16025
-18219
-910
18097
15851
2064
1448
11817
10881
-1619
-1416
17972
30838
18190
-3361
-7282
6271
17248
16970
13870
13839
12028
4106
-6662
-14833
-17212
-12416
-3005
3945
5450
8412
18163
25270
15936
-5558
-18097
-10089
6714
13514
4967
-9897
-17903
-10154
9654
23057
14735
-5026
-10400
3798
14800
8588
1452
9104
16589
3955
-15334
-13083
6296
11640
-4101
-14655
-7128
-2181
-14295
-24815
-15304
-403
-2119
-12806
-11774
-2913
-5609
-17646
-17484
-510
14833
17971
17634
18792
12645
-2913
-14467
-14674
-13870
-18889
-18063
-2330
13119
7001
-15714
-27788
-14833
7915
15990
2727
-17336
-25828
-18159
-5888
-2119
-5508
-3828
5995
11298
3347
-6818
-4494
4101
196
-16543
-24100
-9843
10872
17060
9080
1452
449
2950
8258
14961
13043
-2839
-16942
-9654
10548
15056
-2623
-17531
-13706
-7230
-13616
-18097
-2701
17516
15829
-1452
-5082
8441
13685
3005
49
16399
28623
16960
-1413
-1173
11374
13870
6831
8042
17465
16703
1074
-13613
-17669
-17972
-18433
-11688
3186
13870
14322
14261
19344
18097
2240
-13080
-6926
15909
28230
15243
-7685
-15454
-1774
17715
25162
17933
7499
4156
5355
1452
-8452
-13312
-6190
3883
4468
-727
3155
17754
25396
13002
-8575
-18097
-9880
3280
8131
2119
-9544
-17353
-11075
8292
22236
14191
-5512
-10583
3806
14535
7865
335
7795
15771
4373
-13870
-11166
9127
15927
-335
-14810
-10989
-4464
-10583
-17540
-11429
-3486
-8292
-14649
-5556
7744
2119
-16062
-17923
1922
18097
16564
12765
18056
17754
-10
-18207
-16329
-3883
-3379
-12442
-10711
1452
1061
-17741
-30104
-17933
2031
4264
-8647
-15454
-11249
-9983
-15976
-15909
-2587
12685
18501
18097
17119
11342
-2130
-13870
-15533
-13978
-17553
-17972
-4203
12112
7499
-16703
-30714
-16350
8071
13870
-1613
-18183
-22012
-16960
-11559
-7942
-3751
3005
11384
16148
11874
1452
-5170
-5021
-7400
-18097
-26032
-16725
4953
17531
8809
-10262
-19292
-9654
8924
17998
7057
-14961
-26716
-17981
-2250
1452
-5612
-6401
3782
9843
1985
-7639
-4474
4101
-234
-16898
-24667
-11298
9725
17814
9696
-2119
-6601
-1508
9490
17336
10965
-8737
-22760
-14833
4313
9223
-4042
-13119
-5498
2397
-4925
-13870
-4952
11077
7882
-12645
-20820
-4590
13953
14833
6750
5129
7212
5609
6400
13906
14421
-2119
-17814
-9890
11091
14295
-4105
-16769
-10421
-4101
-11912
-17099
-2706
15334
11537
-7537
-13074
1452
13721
10629
5532
10400
15582
10719
5177
9654
13699
3390
-10092
-4967
13424
16939
-1809
-18097
-15307
-8835
-14388
-18163
-2686
17387
15396
-3005
-8061
5980
14487
6662
2276
13687
22807
13870
1995
5875
14264
7282
-5727
-1062
16327
17972
-1961
-18149
-16172
-11817
-17401
-18104
-652
18097
15574
279
-2378
8884
12604
3719
1865
15454
25057
15542
1691
3225
12390
9606
-938
1452
15945
18211
-195
-17803
-18182
-13388
-17086
-17754
-1235
18220
17206
2119
-948
10354
13170
2119
-84
16199
27640
16225
-142
1953
13087
10583
-467
2508
17299
18218
-1082
-17605
-17293
-13870
-18429
-17605
53
18218
16164
2508
668
10583
11952
1953
993
16225
26505
16199
1052
2119
12035
10354
188
2119
16071
18220
-100
-17754
-18221
-13388
-17046
-17803
-1330
18211
17080
1452
-2073
9606
13525
3225
555
15542
26192
15454
729
3719
13739
8884
-3513
279
16709
18097
-1787
-18104
-16266
-11817
-17307
-18149
-826
17972
15191
-1062
-4591
7282
13129
5875
3131
13870
21672
13687
3412
6662
13352
5980
-6926
-3005
14260
17387
-1551
-18163
-15523
-8835
-14172
-18097
-2944
16939
14559
-4967
-11227
3390
14834
9654
4042
10719
16717
10400
4396
10629
14857
1452
-14209
-7537
12672
15334
-3841
-17099
-10777
-4101
-11556
-16769
-2970
14295
9956
-9890
-16679
-2119
13286
13906
7535
5609
6077
5129
7885
14833
12818
-4590
-19685
-12645
6747
11077
-3817
-13870
-6061
2397
-4363
-13119
-5177
9223
5448
-14833
-23895
-8737
12101
17336
8355
-1508
-5466
-2119
8561
17814
10860
-11298
-25802
-16898
901
4101
-5610
-7639
3120
9843
2647
-6401
-4476
1452
-3386
-17981
-25581
-14961
5922
17998
10059
-9654
-20427
-10262
9944
17531
3818
-16725
-24897
-18097
-8536
-5021
-4035
1452
10739
16148
12519
3005
-4886
-7942
-10424
-16960
-23147
-18183
-478
13870
6936
-16350
-29579
-16703
6364
12112
-3068
-17972
-18688
-13978
-14398
-13870
-3266
11342
18254
18097
17366
12685
-1452
-15909
-17111
-9983
-10114
-15454
-9782
4264
3166
-17933
-31239
-17741
2196
1452
-11846
-12442
-2244
-3883
-17464
-18207
1125
17754
16920
12765
17699
18097
787
-17923
-14927
2119
6609
-5556
-13513
-8292
-4621
-11429
-16405
-10583
-5599
-10989
-13675
-335
14791
9127
-10030
-13870
3238
15771
8930
335
6730
14535
4942
-10583
-6647
14191
23371
8292
-12210
-17353
-8408
2119
6996
3280
-8745
-18097
-9710
13002
26531
17754
2020
-727
5603
3883
-7325
-13312
-7317
1452
4220
4156
8634
17933
24026
17715
-638
-15454
-8820
15243
29365
15909
-8061
-13080
3375
18097
18209
14261
15457
13870
2051
-11688
-17298
-17972
-18804
-13613
2209
16703
16329
8042
7966
13870
10238
-1173
-278
16960
27488
16399
1185
3005
12550
8441
-3947
-1452
14694
17516
-1565
-18097
-14751
-7230
-12571
-17531
-3758
15056
11683
-9654
-18078
-2839
14178
14961
7123
2950
1584
1452
7945
17060
12007
-9843
-25235
-16543
1331
4101
-5629
-6818
4482
11298
4859
-3828
-4373
-2119
-7023
-18159
-24693
-17336
1592
15990
9050
-14833
-28924
-15714
8137
13119
-3465
-18063
-17753
-13870
-15809
-14467
-1778
12645
17657
17634
19106
14833
-1645
-17484
-16511
-5609
-4049
-11774
-11670
-2119
-1538
-15304
-23680
-14295
-3316
-7128
-13520
-4101
10505
6296
-11948
-15334
2820
16589
10239
1452
7453
14800
4933
-10400
-6161
14735
24192
9654
-11289
-17903
-8762
4967
12379
6714
-8954
-18097
-6694
15936
26406
18163
7277
5450
5080
-3005
-13551
-17212
-13698
-6662
2970
12028
14974
13870
15834
17248
7406
-7282
-4496
18190
31973
17972
-2551
-1619
12017
11817
313
2064
16987
18097
-2046
-18219
-14890
-8884
-14830
-17837
-2361
15454
10824
-9511
-17021
-3225
12832
15483
8660
1452
-2735
-615
9600
17803
9322
-12360
-25270
-17754
-3607
-168
-4374
-2119
8229
14993
11260
2119
-4931
-8342
-11193
-16225
-21175
-18116
-3394
10583
4988
-18048
-31442
-18218
2993
4698
-9265
-13870
-5477
-4698
-16326
-18218
231
18048
17173
10583
14825
18116
3152
-16225
-12982
8342
16857
2119
-14262
-14993
-7254
-2119
573
168
-8360
-17754
-10566
12360
26474
17803
2735
615
5524
1452
-10106
-15483
-10907
-3225
3566
9511
13324
15454
18424
17837
5981
-8884
-5229
18219
32308
18097
-2894
-2064
11911
11817
-8
1619
16797
17972
-2339
-18190
-13942
-7282
-13417
-17248
-2887
13870
8657
-12028
-20265
-6662
11527
17212
9617
-3005
-10809
-5450
10118
18163
5753
-15936
-25147
-18097
-9280
-6714
-3671
4967
13989
17903
16653
9654
-3353
-14735
-15579
-10400
-10838
-14800
-9765
1452
101
-16589
-26058
-15334
-2634
-6296
-13462
-4101
11086
7128
-11061
-14295
3254
15304
7367
-2119
3576
11774
5460
-5609
-804
17484
26664
14833
-6529
-17634
-8626
12645
25138
14467
-7472
-13870
1865
18063
18341
13119
15292
15714
2236
-14833
-19221
-15990
-17819
-17336
-1218
18159
16421
-2119
-8993
3828
14864
11298
5442
6818
7420
4101
7430
16543
12306
-9843
-25531
-17060
-568
1452
-5592
-2950
8987
14961
10376
2839
-3601
-9654
-13582
-15056
-17422
-17531
-7077
7230
4208
-18097
-31286
-17516
1197
-1452
-13449
-8441
6200
3005
-14732
-16399
3641
16960
9378
1173
7769
13870
4053
-8042
-1958
16703
25107
13613
-6631
-17972
-9937
11688
25059
13870
-8823
-14261
2656
18097
17323
13080
16503
15909
956
-15243
-18060
-15454
-18704
-17715
-518
17933
14540
-4156
-10838
1452
13637
13312
7662
3883
655
727
9405
17754
9184
-13002
-25557
-18097
-5887
-3280
-4142
2119
12267
17353
15522
8292
-3571
-14191
-15464
-10583
-10625
-14535
-10245
335
-591
-15771
-23880
-13870
-3961
-9127
-13778
-335
16133
10989
-7472
-10583
4137
11429
1150
-8292
-3268
5556
5495
2119
6715
17923
24508
18097
833
-12765
-6002
17754
31526
18207
-3000
-3883
10177
12442
1532
1452
15531
17741
-1717
-17933
-13118
-4264
-9393
-15454
-4745
9983
4813
-15909
-25580
-12685
8370
18097
9007
-11342
-23821
-13870
7787
13978
-2204
-17972
-17083
-12112
-16015
-16703
-1366
16350
18692
13870
16864
18183
2333
-16960
-13466
7942
16886
3005
-13627
-16148
-8253
1452
8181
5021
-9191
-18097
-5797
16725
25244
17531
11002
10262
3757
-9654
-17746
-17998
-18118
-14961
440
17981
17141
1452
-4320
6401
14401
9843
5215
7639
7842
4101
7910
16898
11309
-11298
-25927
-17814
-3855
-2119
-4938
1508
12709
17336
14978
8737
-2731
-14833
-16514
-9223
-7427
-13119
-12026
-2397
-1566
-13870
-19940
-11077
-5314
-12645
-13825
4590
21709
14833
-2828
-5129
5025
5609
-6275
-13906
-9965
-2119
4286
9890
13376
14295
16165
16769
8234
-4101
-1570
17099
27096
15334
2598
7537
14018
1452
-15502
-10629
7787
10400
-4390
-10719
272
9654
5039
-3390
-5241
-4967
-9415
-16939
-21712
-18097
-4334
8835
3708
-18163
-30222
-17387
-482
-3005
-12894
-5980
9411
6662
-10799
-13687
3395
13870
4483
-5875
-1303
7282
5894
1062
5737
17972
24893
18149
1031
-11817
-4783
18104
30824
18097
-721
-279
11301
8884
-4562
-3719
12142
15454
-2274
-15542
-7852
3225
-798
-9606
-6546
1452
-2883
-18211
-26735
-17803
1424
13388
4897
-17754
-30206
-18220
921
2119
-9774
-10354
1388
2119
-12176
-16199
1135
16225
9987
-1953
1154
10583
7421
-2508
1034
18218
28018
17605
-3012
-13870
-4147
17605
29153
18218
-101
-2508
8557
10583
19
-1953
11122
16225
0
-16199
-11041
2119
253
-10354
-8639
2119
-215
-18220
-29071
-17754
3762
13388
2559
-17803
-27870
-18211
-1747
1452
-7681
-9606
337
3225
-8987
-15542
-1139
