-5260
773
5912
-3866
-15732
-8533
11779
20067
8483
-7198
-13714
-13466
-13105
-13956
-13277
-6549
7092
17083
10026
-8466
-16159
-6250
2078
-3871
-9472
-675
9870
6392
-595
5773
16060
10064
-7092
-12793
-2862
6906
9472
11910
15755
14514
8483
3591
-496
-5220
-3736
6995
14823
10537
5260
10414
14399
2323
-14701
-16309
-7181
-6499
-13105
-10851
-1091
508
-5634
-5680
-1288
-5905
-15290
-12297
298
2270
-8483
-13018
-5727
-2022
-8483
-13765
-13163
-14577
-15965
-4611
15799
24211
14532
4043
4408
8673
11005
14166
14020
2818
-9472
-5130
8056
5150
-11005
-9506
15557
30265
14532
-6114
-3446
11821
15965
10886
9392
6003
-8483
-21370
-15122
2342
8483
-2150
-16167
-21740
-15290
1116
16119
15971
5634
5368
16133
12714
-13105
-30460
-14488
12395
14701
-2200
-7359
2779
5260
-4261
-6462
2595
3736
-9003
-16162
-5690
8483
10569
3640
-3236
-9472
-15335
-15915
-10907
-7092
-5895
-1881
3259
595
-8773
-12808
-9203
-9472
-16449
-16036
-614
16159
19281
12686
8094
7092
6590
9230
14790
13105
406
-8567
-1589
8483
2579
-11078
-7024
15732
28453
15050
-4498
-5260
8262
15385
11415
6734
3477
-5166
-15352
-13105
2272
12179
3061
-15157
-22451
-12309
4710
15290
15517
11642
11501
13766
8522
-6643
-17037
-8483
9847
15949
7155
2569
10218
13608
726
-14532
-15234
-7884
-7611
-11847
-9500
-4217
-6042
-9472
-3502
4217
-1177
-11847
-7260
7884
6783
-14532
-26980
-13608
4374
2569
-11161
-15949
-11286
-8483
-5233
6643
18422
13766
-3462
-11642
-1069
15290
20896
12309
-3096
-15157
-17167
-12179
-10237
-13105
-9535
5166
15567
6734
-10806
-15385
-7184
-5260
-13787
-15050
-146
15732
17560
11078
8221
8483
7340
8567
13869
13105
753
-9230
-3224
7092
1574
-12686
-8711
16159
30962
16036
-7374
-9472
5754
12808
5710
595
3315
1881
-6595
-7092
6270
15915
6884
-9472
-13098
-3640
5005
8483
12551
16162
12300
3736
1381
6462
8983
5260
3147
7359
12622
14701
15720
14488
4330
-13105
-23234
-16133
-823
5634
-2417
-16119
-22741
-15290
2276
16167
15978
8483
8571
15122
10764
-8483
-20902
-9392
11301
15965
6098
3446
12518
14532
104
-15557
-17429
-11005
-7940
-8056
-7378
-9472
-15233
-14020
-442
11005
5939
-4408
580
14532
10180
-15799
-31630
-15965
9665
13163
-2106
-8483
679
5727
-2284
-8483
-3607
-298
-8260
-15290
-8865
1288
495
-5634
-3780
1091
-4223
-13105
-7647
7181
6196
-14701
-27606
-14399
5331
5260
-9177
-14823
-8135
-3736
-4509
496
10102
8483
-6694
-15755
-5897
9472
11790
2862
-4147
-7092
-12033
-16060
-10821
-595
336
-9870
-16166
-9472
-352
-2078
-11363
-16159
-13917
-10026
-4232
7092
17261
13277
-3302
-13105
-3559
13714
18791
8483
-4611
-11779
-14829
-15732
-12317
-5912
-2923
-5260
-7134
-4978
-3332
-6734
-12336
-15322
-15503
-13105
-4397
10637
20984
15157
-1650
-10486
-1204
15290
21009
11222
-3955
-13766
-16215
-14742
-11926
-8483
-5094
-2667
-1724
-2569
-5210
-8735
-11908
-14532
-16312
-14118
-3897
11847
21597
15610
-616
-9472
-843
15610
21824
11847
-4124
-14118
-16085
-14532
-12135
-8735
-4983
-2569
-1951
-2667
-4867
-8483
-12153
-14742
-15988
-13766
-4182
11222
21236
15290
-1431
-10486
-1423
15157
20757
10637
-4170
-13105
-15730
-15322
-12109
-6734
-3559
-4978
-6907
-5260
-3150
-5912
-12090
-15732
-15056
-11779
-4384
8483
18564
13714
-3332
-13105
-3529
13277
17488
7092
-4460
-10026
-13690
-16159
-11590
-2078
-125
-9472
-16393
-9870
563
-595
-11048
-16060
-11806
-7092
-4375
2862
12017
9472
-6124
-15755
-6467
8483
9875
496
-4282
-3736
-8362
-14823
-8950
5260
5104
-14399
-27379
-14701
5969
7181
-7420
-13105
-4450
1091
-3553
-5634
268
1288
-8638
-15290
-8487
-298
-3380
-8483
-2511
5727
907
-8483
-2333
13163
9892
-15965
-31857
-15799
10407
14532
353
-4408
6166
11005
-669
-14020
-15006
-9472
-7605
-8056
-7713
-11005
-17656
-15557
331
14532
12291
3446
6325
15965
11074
-9392
-20675
-8483
10537
15122
8798
8483
15751
16167
2503
-15290
-22968
-16119
-2190
5634
-1050
-16133
-23007
-13105
4103
14488
15947
14701
12395
7359
3374
5260
8756
6462
1608
3736
12073
16162
12778
8483
4778
-3640
-12871
-9472
6657
15915
6497
-7092
-6822
1881
3542
595
5483
12808
5981
-9472
-7601
16036
31189
16159
-8938
-12686
1801
7092
-3451
-9230
980
13105
13642
8567
7567
8483
7994
11078
17787
15732
-373
-15050
-13560
-5260
-7411
-15385
-10579
6734
15340
5166
-9308
-13105
-10464
-12179
-16940
-15157
-3323
12309
21123
15290
-1296
-11642
-3235
13766
18195
6643
-5006
-8483
-11513
-15949
-10934
2569
4147
-13608
-26753
-14532
6555
7884
-7033
-11847
-1404
4217
-3274
-9472
-6269
-4217
-9273
-11847
-7838
-7884
-15007
-14532
499
13608
10445
2569
6928
15949
10074
-8483
-17264
-6643
8749
13766
11274
11642
15744
15290
4483
-12309
-22224
-15157
2834
12179
2499
-13105
-15580
-5166
3704
6734
11188
15385
8489
-5260
-4725
15050
28680
15732
-7251
-11078
2806
8483
-1816
-8567
633
13105
14563
9230
6817
7092
7867
12686
19508
16159
-841
-16036
-16222
-9472
-9430
-12808
-8546
595
3032
-1881
-5668
-7092
-11134
-15915
-15108
-9472
-3463
3640
10796
8483
-5917
-16162
-8776
3736
2368
-6462
-4034
5260
2552
-7359
-1973
14701
12168
-14488
-30233
-13105
12487
16133
5595
5634
15744
16119
1343
-15290
-21967
-16167
-1923
8483
2115
-15122
-21143
-8483
5776
9392
11113
15965
11594
-3446
-5887
14532
30038
15557
-9279
-11005
4923
8056
-4903
-9472
2591
14020
14393
11005
8446
4408
4270
14532
23984
15799
-4384
-15965
-14804
-13163
-13538
-8483
-2249
-5727
-12791
-8483
2043
298
-12070
-15290
-6132
-1288
-5453
-5634
281
-1091
-10623
-13105
-6726
-7181
-16082
-14701
2096
14399
10641
5260
10310
14823
7222
-3736
-5447
-496
3818
8483
14287
15755
12137
9472
6678
-2862
-12566
-7092
9837
16060
6000
-595
6165
9870
-448
-9472
-4099
2078
-6023
-16159
-8693
10026
17310
7092
-6776
-13277
-13729
-13105
-13693
-13714
-6971
8483
19840
11779
-8306
-15732
-4093
5912
1000
-5260
-227
4978
-1271
-6734
3000
15322
8300
-13105
-22825
-10637
7611
15157
12712
10486
13223
15290
7077
-11222
-23214
-13766
7368
14742
2499
-8483
-4377
2667
227
-2569
4159
8735
-1821
-14532
-7622
14118
24336
11847
-7522
-15610
-12438
-9472
-12665
-15610
-7295
11847
24109
14118
-7395
-14532
-2048
8735
4386
-2569
0
2667
-4150
-8483
2272
14742
7595
-13766
-23441
-11222
7304
15290
12996
10486
12939
15157
7384
-10637
-22598
-13105
8073
15322
3227
-6734
-1498
4978
0
