15290
21144
15050
7110
3736
5130
11078
17298
13766
-245
-8567
-525
9472
3399
-9230
-5014
14532
23847
12686
-607
595
10270
16036
16430
13105
2768
-12808
-21654
-16159
-3987
1881
-3237
-14532
-21962
-15915
1506
13105
7029
-3640
988
13766
8620
-16162
-30173
-15732
5541
6462
-7856
-15290
-11573
-7359
-3503
6734
17436
14488
-637
-9472
-804
16133
24083
15157
-3515
-16119
-13552
-5260
-7286
-16167
-10491
13766
29287
15122
-9819
-13766
1640
9392
2002
-2569
2699
3446
-5261
-7092
5752
15557
6164
-11847
-17704
-8056
5120
13105
15336
14020
12396
11847
7447
-4408
-13785
-7092
9684
15799
7271
2569
10050
13163
267
-13766
-12770
-5727
-8003
-13766
-9450
-298
10
-5260
-4384
-1288
-7031
-15157
-10775
1091
1710
-9472
-14331
-7181
-2033
-6734
-12803
-14399
-15720
-15290
-4064
14823
23860
15732
3472
496
5996
13766
19308
15755
416
-13105
-9164
2862
-119
-14532
-11012
16060
32716
16159
-9108
-9870
6997
13105
5423
2078
4789
-595
-11739
-10026
5946
14532
3551
-13277
-18086
-9472
3580
13714
16906
13766
10939
11779
8658
-3736
-13401
-5912
10585
15290
7202
4978
13401
14701
-175
-15322
-15860
-9472
-8791
-10637
-7856
-5634
-9389
-10486
-1769
5260
-1623
-11222
-5303
8483
5698
-14742
-26001
-13766
3087
2667
-9750
-15965
-12826
-8735
-3836
7092
17577
14118
-1670
-11005
-1912
15610
22826
13105
-4237
-15610
-15701
-11005
-10931
-14118
-9005
7092
17932
8735
-10128
-15965
-6928
-2667
-10585
-13766
-628
14742
15696
8483
7677
11222
9225
5260
7827
10486
3020
-5634
-280
10637
5940
-9472
-7781
15322
29113
14701
-5795
-4978
9919
15290
9292
5912
5065
-3736
-15059
-11779
5047
13766
2976
-13714
-18417
-9472
3615
13277
16669
14532
11293
10026
7166
-595
-6638
-2078
8761
13105
9705
9870
16305
16159
1583
-16060
-21427
-14532
-6150
-2862
-5397
-13105
-20191
-15755
1079
13766
9338
-496
3653
15732
10540
-14823
-30321
-15290
10094
14399
-189
-6734
2185
7181
-1659
-9472
-5321
-1091
-7999
-15157
-9210
1288
1106
-5260
-4215
298
-4849
-13766
-8793
5727
5435
-13766
-25430
-13163
4005
2569
-10909
-15799
-10513
-7092
-5124
4408
15520
11847
-5158
-14020
-3345
13105
17192
8056
-3732
-11847
-15875
-15557
-11470
-7092
-4857
-3446
-1977
-2569
-5997
-9392
-11215
-13766
-17111
-15122
-2945
13766
22311
16167
2302
-5260
1366
16119
23896
15157
-3551
-16133
-15145
-9472
-10372
-14488
-9044
6734
16256
7359
-9511
-15290
-8980
-6462
-13459
-15732
-2227
16162
21728
13766
5293
3640
6895
13105
19148
15915
-60
-14532
-12212
-1881
-4273
-16159
-12034
12808
28291
13105
-12051
-16036
-2876
595
-9867
-12686
1041
14532
14572
9230
8710
9472
7410
8567
14627
13766
202
-11078
-6011
3736
-1629
-15050
-10228
15290
30666
15385
-10105
-14701
-738
5166
-4309
-9472
833
12179
10998
5634
7938
12309
9353
5260
8827
11642
2486
-8483
-4342
6643
1999
-13766
-10930
15949
32767
15965
-10869
-13608
2297
7092
-3751
-7884
2690
11005
7506
4217
9437
13105
8025
4217
8917
11005
1279
-7884
-2340
7092
885
-13608
-9458
15965
31356
15949
-9519
-13766
587
6643
-2931
-8483
1075
11642
10238
5260
7942
12309
9349
5634
9587
12179
2244
-9472
-5720
5166
673
-14701
-11516
15385
32077
15290
-11640
-15050
-218
3736
-7422
-11078
1613
13766
13216
8567
8822
9472
7299
9230
15983
14532
-370
-12686
-8456
595
-4287
-16036
-10639
13105
26880
12808
-10623
-16159
-5684
-1881
-10801
-14532
-1471
15915
20559
13105
5484
3640
6704
13766
20316
16162
-816
-15732
-14870
-6462
-7569
-15290
-10922
7359
17667
6734
-10455
-14488
-8961
-9472
-16557
-16133
-2140
15157
22485
16119
2777
-5260
891
16167
23722
13766
-4357
-15122
-15700
-13766
-12626
-9392
-4585
-2569
-3388
-3446
-3446
-7092
-12882
-15557
-14464
-11847
-5143
8056
18603
13105
-4756
-14020
-3747
11847
14108
4408
-3713
-7092
-11924
-15799
-9498
2569
2594
-13163
-24019
-13766
4024
5727
-7382
-13766
-6260
298
-2804
-5260
-305
1288
-7799
-15157
-9410
-1091
-3910
-9472
-3070
7181
3596
-6734
-1600
14399
11505
-15290
-31732
-14823
11951
15732
2242
-496
10749
13766
-332
-15755
-18780
-13105
-6808
-2862
-4739
-14532
-22838
-16060
2994
16159
14894
9870
11116
13105
7350
-2078
-5227
-595
5754
10026
12704
14532
15258
13277
5026
-9472
-19828
-13714
4388
13766
3636
-11779
-13648
-3736
3654
5912
10703
15290
8508
-4978
-4384
14701
27702
15322
-6370
-9472
4529
10637
1131
-5634
1609
10486
9238
5260
7814
11222
9088
8483
14284
14742
783
-13766
-11996
-2667
-5517
-15965
-11539
8735
19343
7092
-10416
-14118
-9520
-11005
-17112
-15610
-2826
13105
21415
15610
-501
-11005
-3082
14118
18988
7092
-5247
-8735
-11415
-15965
-11161
2667
4498
-13766
-27412
-14742
7109
8483
-6714
-11222
-212
5260
-3180
-10486
-7978
-5634
-9267
-10637
-7380
-9472
-17271
-15322
1236
14701
11990
4978
8613
15290
9174
-5912
-11990
-3736
7247
11779
12350
13766
15495
13714
4991
-9472
-19497
-13277
4962
14532
4535
-10026
-10328
-595
3378
2078
6834
13105
5586
-9870
-7697
16159
31305
16060
-9601
-14532
-1530
2862
-7753
-13105
-995
15755
20719
13766
4585
496
4883
15732
22449
14823
-2653
-15290
-17131
-14399
-11391
-6734
-3444
-7181
-12920
-9472
299
1091
-9364
-15157
-8442
-1288
-2973
-5260
-1401
-298
-8039
-13766
-9415
-5727
-11358
-13766
-1144
13163
11461
2569
5860
15799
11095
-7092
-15197
-4408
8858
11847
10985
14020
16747
13105
3709
-8056
-16293
-11847
4753
15557
7163
-7092
-6672
3446
4110
-2569
591
9392
3051
-13766
-11230
15122
30698
13766
-11902
-16167
-5875
-5260
-14963
-16119
-2104
15157
22672
16133
607
-9472
-2048
14488
18847
6734
-4914
-7359
-10162
-15290
-9267
6462
6952
-15732
-31584
-16162
10031
13766
-423
-3640
8440
13105
95
-15915
-20551
-14532
-4649
1881
-2576
-16159
-23065
-12808
4179
13105
15019
16036
11682
595
-2018
12686
25258
14532
-6425
-9230
4810
9472
-1936
-8567
1166
13766
15887
11078
6541
3736
5699
15050
22555
15290
-2840
-15385
-16832
-14701
-11643
-5166
-1775
-9472
-18427
-12179
3179
5634
-6689
-12309
-2601
5260
-1338
-11642
-12767
-8483
-6696
-6643
-7698
-13766
-20701
-15949
1411
15965
17826
13608
10573
7092
4150
7884
14422
11005
-1036
-4217
6368
13105
4957
-4217
375
11005
13010
7884
5561
7092
9162
13608
19237
15965
0
-15949
-19290
-13766
-9109
-6643
-5285
-8483
-14178
-11642
73
5260
-4012
-12309
-5277
5634
1768
-12179
-17016
-9472
-3186
-5166
-10232
-14701
-18244
-15385
-1429
