-23464
-10150
20186
24005
-1621
-23216
-23068
-12773
-3911
4467
12497
16411
16947
16437
12619
4688
-3627
-12477
-22981
-23581
-2196
23838
20546
-9833
-23497
-44
23499
9857
-20676
-23847
2644
24087
22841
11719
2823
-5384
-13444
-17344
-17737
-17239
-13621
-5852
2393
11400
22679
24458
3502
-23409
-21168
9219
23484
161
-23479
-9445
21330
23590
-4124
-25319
-22432
-10110
-1261
6608
14728
18641
18769
18226
14951
7492
-685
-9930
-22158
-25471
-5255
22648
21895
-8283
-23338
-379
23319
8908
-22067
-23175
6042
26839
21754
7883
-775
-8081
-16284
-20250
-19961
-19288
-16542
-9600
-1495
8057
21322
26472
7424
-21425
-22622
6961
22951
726
-22907
-8236
22776
22518
-8357
-28532
-20701
-4980
3270
9722
18018
22084
21199
20285
18292
12138
4124
-5779
-20056
-27275
-9951
19597
23212
-5194
-22188
-1222
22110
7413
-23312
-21516
10999
30238
19152
1365
-6181
-11425
-19798
-24012
-22333
-21045
-20065
-15031
-7149
3108
18236
27656
12741
-17017
-23497
2935
20903
1883
-20778
-6424
23500
20052
-13855
-31739
-16984
2955
9425
13052
21449
25852
23174
21365
21678
18147
10470
-88
-15743
-27357
-15649
13558
23281
-165
-18941
-2713
18758
5261
-23137
-18010
16758
32767
14087
-7909
-12862
-14430
-22753
-27371
-23502
-21018
-22907
-21294
-13928
-3196
12482
26103
18472
-9134
-22350
-3087
16166
3695
-15916
-3927
22011
15291
-19481
-32768
-10389
13333
16284
15356
23452
28288
23071
19773
23488
24204
17292
6596
-8408
-23628
-20944
3738
20493
6731
-12482
-4794
12160
2446
-19913
-11833
21734
32124
5885
-18950
-19410
-15602
-23263
-28286
-21636
-17415
-23137
-26539
-20260
-9901
3555
19709
22740
2524
-17534
-10594
7867
5943
-7475
-870
16682
7648
-23174
-29787
-667
24352
21888
14939
21908
27045
18984
13790
21580
27904
22458
12825
1927
-14227
-23497
-9392
13370
14408
-2411
-7046
1963
-717
-12237
-2843
23434
25734
-5044
-29003
-23314
-13168
-19152
-24287
-14979
-8851
-18594
-27883
-23476
-15024
-7748
7220
22854
16427
-8019
-17809
-3644
7976
4124
2195
6632
-2342
-22164
-19838
10872
32264
23273
10165
14868
19834
9623
2712
14072
26091
22907
16120
13459
1044
-20502
-22998
1675
20355
9885
-8585
-10357
-3413
-108
7527
19100
12184
-16284
-32768
-21405
-5932
-9094
-13689
-3109
4298
-8087
-22260
-20422
-15754
-18461
-10019
16271
28314
5255
-21568
-15716
8717
16127
4199
-6874
-12188
-14145
-3152
20615
31959
17486
655
2106
6108
-4124
-11605
955
16330
15863
13655
22048
18861
-10211
-31492
-12129
21002
20395
-8238
-20684
-4388
13621
15697
7458
-6536
-23137
-27358
-11537
5258
5536
2340
11380
18392
6719
-8552
-9342
-9732
-23497
-26459
2680
31692
18099
-18349
-23115
7066
23221
3853
-19246
-17403
469
15806
23171
19605
3911
-11162
-12982
-10756
-17725
-23664
-14044
-435
1333
4164
22206
31554
5606
-28303
-22194
13551
23137
-5213
-23011
-2546
22771
16749
-8777
-23320
-20250
-9175
4638
16212
19152
17964
22098
26382
19913
9584
7287
2530
-17866
-32768
-13577
21161
23482
-6915
-19980
2815
19601
541
-23300
-13435
16284
27652
14302
-2827
-12967
-19474
-22879
-22663
-23482
-25668
-23165
-17507
-15269
-9472
10647
29764
19913
-10757
-21284
-818
13621
-155
-13012
1935
20250
7583
-21622
-27580
-5815
14680
19651
20092
23137
23669
21160
21074
22824
22672
21144
15493
-1333
-21822
-23256
-1630
15433
8479
-4673
-2357
3911
-4500
-13606
144
23497
22448
-4071
-24230
-23221
-17533
-19349
-20247
-14993
-12841
-18405
-23714
-23497
-19310
-8643
9878
22521
13965
-6494
-14614
-5536
4231
6320
6656
4124
-8500
-21033
-12534
13621
29274
22516
11824
11678
12452
5658
2080
10211
19845
21345
19815
17341
4208
-17280
-23716
-4124
17749
15062
-5002
-15703
-7877
6598
15797
14145
-708
-20752
-28122
-17096
-3741
-1243
-1386
5255
9229
487
-11257
-14544
-16431
-22665
-17622
8087
28376
14274
-16794
-21671
4363
21998
7745
-16284
-20209
-3822
14661
23502
20240
7594
-5163
-9885
-10778
-15392
-18513
-11490
-617
4107
9443
22907
27081
3359
-26181
-21442
11471
23384
-2307
-23273
-6106
22421
20268
-7816
-25939
-20633
-6760
4124
12775
18994
21093
22092
23179
20037
13138
7748
-183
-17378
-29670
-14374
16876
23398
-2650
-19152
-785
18583
3192
-22954
-15416
17831
31193
12237
-9356
-15173
-16901
-23378
-26522
-23121
-21421
-23497
-22933
-17925
-9078
6926
23879
21842
-2238
-18984
-7588
9475
4145
-8559
334
17083
6451
-23174
-28209
-90
23752
22282
15961
21222
24912
17534
13038
20278
26793
23232
15615
5903
-10503
-23137
-13939
8810
16308
3341
-6774
-4355
-3483
-5885
4359
21692
16976
-12482
-31782
-22819
-9707
-12482
-15979
-6355
49
-10663
-22844
-21464
-17079
-17292
-7005
17182
26630
4479
-20528
-15501
7727
16284
5209
-7560
-13697
-13147
-293
21390
30111
15916
-331
-631
1917
-7269
-13937
-2787
11583
12482
12464
23234
23109
-5255
-31128
-16657
18323
22753
-6489
-23004
-4783
18812
18177
-198
-16574
-23137
-18328
-3252
10974
13913
12816
18737
23735
15649
3698
1207
-2841
-21041
-31826
-8911
24969
23174
-9848
-21960
3283
21529
2167
-23496
-15679
13855
27377
16375
-157
-10983
-18265
-22377
-22735
-23497
-25317
-22974
-17578
-14826
-8569
10776
29081
20065
-9504
-20968
-2218
12665
842
-11662
1806
19152
6545
-22464
-27290
-2984
18645
21269
18966
22188
23432
19016
17268
21292
24327
22845
17279
4124
-14925
-23369
-9796
10146
13248
2070
-4279
-3270
-5593
-6771
6000
21966
15380
-12005
-29363
-22907
-12173
-12650
-13798
-6372
-2146
-10518
-20431
-21322
-19285
-17642
-5548
16695
24903
5343
-18355
-16284
5476
17157
7495
-8894
-16694
-11787
4083
22067
26876
14417
261
-2770
-2713
-9442
-13847
-5255
6758
10130
13082
23492
23533
-2250
-28540
-18769
14698
23365
-3706
-23468
-6455
20820
20375
-4124
-22594
-22061
-11263
1045
11582
17256
18822
21168
23175
18909
10944
6164
-959
-18224
-30162
-13621
18016
23445
-3352
-19277
-395
18494
2727
-22841
-14643
18383
30906
11174
-10769
-16349
-17461
-23497
-26417
-22597
-20633
-23399
-24049
-19729
-11430
3627
21174
22943
2403
-16284
-10460
5237
4884
-3911
1989
13132
1718
-23446
-23876
5763
28189
23464
13841
17570
20820
12175
6658
15636
25228
23137
17517
13221
-194
-20214
-22490
234
19462
11928
-7345
-13102
-5221
3911
11910
15850
4178
-19913
-31054
-17855
-2019
-1837
-4126
5202
11817
973
-12915
-13724
-13436
-23029
-21854
6077
30865
16284
-18180
-22703
6214
23029
5029
-19079
-18497
973
17800
22919
16632
1837
-11735
-15283
-14778
-19913
-24320
-17353
-6665
-3911
869
19511
32018
11928
-21711
-23501
6627
20214
-1894
-19430
-1299
23137
13599
-17546
-28977
-12175
7581
15609
19186
23464
24534
22785
22763
23446
22009
19491
13015
-3911
-23169
-22911
-521
16284
8727
-5097
-3150
3627
-3856
-12771
474
23399
21565
-6459
-26917
-23497
-15147
-16884
-18304
-11174
-7176
-14643
-22980
-22841
-19330
-14502
-261
19277
22280
1639
-18140
-13621
5681
14840
7133
-6164
-15046
-13957
756
21168
28242
15956
1532
-1045
-788
-8104
-12935
-4124
7997
10904
13306
23468
23376
-2537
-28770
-18769
14826
23394
-3820
-23492
-6146
21207
20103
-5255
-23512
-21522
-9498
2770
12819
18561
20230
22067
23795
20332
13417
8894
1611
-16061
-29831
-16284
14441
22887
-359
-16695
-1364
15528
1320
-21322
-11401
21017
30308
6372
-16991
-19807
-17555
-22907
-25874
-20205
-16916
-21966
-25951
-22506
-15016
-3270
13860
23411
11366
-10146
-15191
-2501
6199
4124
3988
5518
-5388
-21292
-15057
13811
31702
22188
8528
10000
12594
2984
-3511
6908
19490
19152
16566
20404
13583
-12665
-29422
-10615
19849
20065
-6899
-20886
-5692
14826
17651
4956
-11608
-23497
-22379
-7184
7937
10983
10232
16859
22067
13855
1946
-523
-4356
-21529
-31191
-8374
24780
23174
-9225
-21747
2647
21041
2221
-23471
-15185
15649
28630
14188
-4739
-13913
-18753
-23276
-24396
-23137
-23334
-23501
-21486
-18812
-12245
4815
23753
22753
-31
-16580
-8655
5255
3278
-3538
3774
12482
-726
-23336
-21078
7269
27615
23494
14382
15916
17338
9738
5266
13147
22252
22253
19153
16284
3678
-17666
-24476
-4479
18655
16035
-5816
-17292
-7172
9573
16837
10663
-5707
-22627
-25863
-12482
2134
5623
5794
12482
17105
9044
-2583
-5885
-9662
-23095
-27559
-3341
26694
21788
-11354
-23137
2508
22749
4740
-23232
-18483
11881
28267
17534
-176
-10097
-16283
-22282
-24529
-23502
-23373
-23174
-20356
-16140
-8277
8559
25503
21508
-3431
-18984
-7282
8676
3824
-6926
1545
15200
3366
-23497
-25034
4213
27008
23378
14503
17948
20762
12237
6753
15310
24715
22954
17849
14388
1779
-19152
-24067
-2214
19732
14374
-7159
-15823
-5762
7748
14579
12283
-2103
-22092
-28294
-13840
2214
4124
2894
11253
17389
7816
-5250
-7046
-9134
-23273
-28252
-2357
28465
21442
-13189
-23261
3983
22907
3572
-23140
-17348
11490
26771
17761
1499
-9885
-17516
-22241
-23213
-23502
-24650
-23189
-19172
-16284
-9732
8273
26519
21671
-4116
-18671
-6453
8087
2716
-6216
3021
14544
1358
-23497
-22997
5255
26506
23469
15190
17096
18579
11031
6549
14145
22847
22557
19103
15703
2865
-18041
-24234
-4124
18723
15929
-5904
-17341
-7090
9836
16929
10211
-6388
-22811
-25357
-11678
3031
6736
7042
13621
18237
10486
-837
-4124
-8232
-22636
-28723
-5536
25427
22587
-9710
-22521
1900
21855
3976
-23497
-17177
14615
29589
14993
-4908
-13340
-17354
-23221
-25650
-23147
-21993
-23497
-23007
-19163
-11415
3911
21475
23033
3045
-15433
-11165
3395
4995
-1333
3060
10260
-1679
-22824
-19526
10227
30454
23137
11003
12892
15285
5815
-528
9210
20871
20250
17196
19571
11727
-13621
-28874
-9967
19742
19913
-6728
-20952
-5852
15269
18028
3965
-13191
-23482
-20568
-5378
9249
12967
12814
18649
23296
16284
5739
3074
-1581
-19601
-31711
-12375
20589
23482
-5077
-19184
965
17866
832
-22344
-11758
19913
29311
8002
-14008
-19152
-18959
-23040
-24626
-20250
-18097
-21802
-24756
-22771
-16821
-4779
13014
23137
12800
-7731
-15373
-5606
5364
7697
5968
1333
-10082
-18845
-7822
17725
30421
19591
5373
3911
4504
-3929
-9524
-469
11587
13488
14517
23221
21837
-4249
-29281
-18099
15461
23349
-4111
-23497
-5790
21565
19700
-6719
-24703
-20563
-6598
5536
14634
20475
22366
23137
24149
22287
17619
13621
6235
-11158
-27395
-20395
6418
20131
5665
-10211
-3320
8138
-1400
-15863
-3786
23483
25107
-4124
-26946
-23408
-14409
-17486
-20007
-11285
-5576
-14145
-23902
-22474
-17972
-16127
-4928
17474
26044
5255
-19914
-16959
6971
18461
6011
-11631
-16722
-8087
8316
23295
24274
9094
-6433
-9705
-9354
-16284
-21564
-13694
-2291
108
4035
21097
31290
9885
-22991
-23442
7050
20502
-1566
-19267
-1476
22907
13056
-18823
-29477
-9623
12082
18202
18987
23273
24875
20836
18852
22164
24654
22547
16475
4124
-13658
-23218
-12398
8019
15323
5483
-5412
-7748
-5937
-1099
10262
18594
7255
-18110
-30354
-19152
-4660
-2966
-3439
5044
10741
1783
-10274
-12237
-13616
-23420
-23456
2411
28973
19328
-14450
-23497
3692
23423
5302
-22458
-19170
9309
26616
18984
2691
-8509
-15989
-21888
-23986
-23493
-23636
-23174
-20362
-16555
-9059
7475
24606
22146
-1060
-17534
-9064
5938
4372
-3555
2681
11912
-391
-23137
-20705
9177
29954
23263
11482
13251
15402
5885
-535
8944
20452
19913
17107
20112
13080
-12482
-29356
-11506
19321
20944
-6390
-21947
-5787
17292
18699
811
-16942
-23071
-16453
-1531
11833
16284
16758
21081
24697
19481
11074
8239
2650
-15916
-30891
-17059
13938
22350
437
-14530
-1053
12482
-1084
-18931
-6384
22907
26808
-54
-22834
-22753
-16906
-19670
-21256
-14087
-9741
-16478
-24044
-23137
-18916
-14159
-738
18941
23515
3217
-18821
-15649
6067
17450
6940
-10470
-17191
-9077
8110
23174
23909
9606
-5169
-9425
-10112
-16245
-20666
-13855
-3577
-342
4528
20778
30509
10744
-21124
-23497
5071
19749
-201
-18236
-1912
22388
12692
-20065
-30227
-7321
16073
19798
17842
22675
25202
19152
15389
20769
25947
23312
16868
7969
-7626
-22188
-18084
3680
18134
9951
-6767
-12252
-5672
4124
12904
14756
1078
-21199
-29172
-15090
1034
3270
2567
11126
17339
8357
-4030
-5798
-8217
-22907
-29357
-5061
26547
22622
-10410
-22299
2633
21322
2573
-23454
-15124
16542
29298
12406
-8440
-16284
-18869
-23489
-25112
-21754
-20126
-22712
-24354
-22067
-15824
-2931
14821
23338
11642
-8542
-15211
-5255
5484
7833
5895
685
-10592
-18133
-6219
18769
30154
18315
3383
1261
1496
-7012
-12831
-4124
7810
9869
11864
23479
26005
919
-27901
-21168
12318
23240
-2826
-22679
-4309
23380
17633
-13621
-29089
-15419
4436
13444
17628
23332
25669
22841
21319
23353
23998
20676
13407
-379
-17724
-23497
-8596
11411
14334
2196
-5870
-4920
-4607
-3627
7667
19827
10499
-16947
-31461
-19904
-4668
-3911
-5120
4497
11271
1621
-11107
-12036
-12507
-23464
-25011
1387
29507
20103
-14419
-23463
4107
23137
3967
-23088
-17546
11990
27511
16783
-1229
-11928
-18039
-23061
-24570
-23174
-22860
-23478
-22533
-19913
-13377
1819
19980
23430
6177
-12528
-12819
-973
4916
3787
5169
4691
-7638
-20350
-10894
16284
30771
20350
6055
4691
5164
-3787
-9859
-973
10948
12528
13567
23430
23869
-1819
-28867
-19913
13849
23478
-3412
-23174
-4756
23061
18331
-11928
-28244
-16783
2025
11990
17317
23088
25357
23137
22003
23463
23430
20103
12855
-1387
-18751
-23464
-7589
12036
13926
1621
-5763
-4497
-4572
-3911
7533
19904
10556
-16947
-31424
-19827
-4533
-3627
-4705
4920
11716
2196
-10434
-11411
-12081
-23497
-25725
379
29121
20676
-13671
-23353
3761
22841
3675
-23332
-17003
13444
28298
15419
-3828
-13621
-18433
-23380
-24997
-22679
-21672
-23240
-23635
-21168
-14758
-919
16918
23479
9823
-9869
-14608
-4124
5418
7012
5726
1261
-10227
-18315
-6457
18769
30174
18133
2988
685
772
-7833
-13775
-5255
6522
8542
10800
23338
27299
2931
-26932
-22067
10778
22712
-2203
-21754
-3548
23489
16142
-16284
-30019
-12406
9421
16542
18145
23454
25831
21322
18547
22299
25469
22622
15886
5061
-11252
-22907
-15457
5798
17324
8357
-6568
-11126
-5647
3270
12597
15090
1265
-21199
-28971
-14756
1456
4124
3818
12252
18379
9951
-1839
-3680
-6605
-22188
-30446
-7969
24190
23312
-7605
-20769
1446
19152
1491
-22675
-12413
19798
29503
7321
-15606
-20065
-18491
-22388
-24084
-18236
-14667
-19749
-25124
-23497
-18275
-10744
4106
20778
20992
342
-18544
-13855
6194
16245
6778
-9425
-16699
-9606
7636
23174
23787
9077
-5932
-10470
-11425
-17450
-21814
-15649
-6233
-3217
1945
18941
30834
14159
-17065
-23137
1209
16478
1199
-14087
-129
19670
7893
-22753
-27739
54
23878
22907
15782
18931
21035
12482
6728
14530
23718
22350
18122
17059
7034
-15916
-27459
-8239
19633
19481
-6497
-21081
-6060
16284
18678
1531
-16714
-23071
-15893
-811
12344
17292
18299
21947
24939
20944
14246
11506
5558
-12482
-28810
-20112
7331
19913
5557
-8944
-2958
5885
-2959
-13251
176
23263
20308
-9177
-29354
-23137
-11517
-11912
-12840
-3555
2688
-5938
-17060
-17534
-16492
-22146
-18221
7475
29671
16555
-16476
-23174
4481
23493
5505
-21888
-19254
8509
26162
18984
2298
-9309
-16609
-22458
-24621
-23423
-22899
-23497
-22550
-19328
-12233
2411
19679
23420
6982
-12237
-13834
-1783
5748
5044
4777
2966
-8465
-19152
-8606
18110
31031
18594
2802
1099
1680
-7748
-14470
-5483
6738
8019
9696
23218
28543
4124
-26791
-22547
10229
22164
-2305
-20836
-2342
23273
14135
-18202
-29686
-9623
12902
18823
18692
22907
24635
19267
15952
20502
25237
23442
18006
9885
-5153
-21097
-20511
108
18520
13694
-6235
-16284
-6743
9705
16847
9094
-8438
-23295
-23021
-8087
6847
11631
12771
18461
22595
16959
8225
5255
-174
-17474
-30583
-16127
14188
22474
1191
-14145
-2028
11285
-866
-17486
-4943
23408
25278
-4124
-27101
-23483
-13805
-15863
-17602
-8138
-1628
-10211
-20855
-20131
-17280
-20395
-14145
11158
29742
13621
-18387
-22287
5663
23137
5449
-20475
-19092
5536
23439
20563
6597
-6719
-16208
-21565
-23108
-23497
-24192
-23349
-20770
-18099
-11620
4249
21977
23221
4440
-13488
-12421
-469
5000
3929
5143
3911
-8374
-19591
-8890
17725
30584
18845
3604
1333
1287
-7697
-13953
-5606
5963
7731
9978
23137
28311
4779
-25781
-22771
9011
21802
-1465
-20250
-2551
23040
13830
-19152
-30179
-8002
15609
19913
17921
22344
24547
17866
13399
19184
25565
23482
17970
12375
-765
-19601
-23704
-3074
19552
16284
-6727
-18649
-6264
12967
17740
5378
-12677
-23482
-19516
-3965
10405
15269
16287
20952
24545
19913
12551
9967
4321
-13621
-29355
-19571
8298
20250
5243
-9210
-2988
5815
-2967
-12892
627
23137
19445
-10227
-29907
-22824
-10371
-10260
-10935
-1333
5247
-3395
-14789
-15433
-15099
-23033
-21790
3911
29401
19163
-14512
-23497
3588
23147
4517
-23221
-17769
13340
28972
14993
-5603
-14615
-18066
-23497
-25759
-21855
-19338
-22521
-25284
-22587
-16052
-5536
10367
22636
16879
-4124
-17972
-10486
6644
13621
6045
-6736
-14891
-11678
4513
22811
25564
10211
-5760
-9836
-10446
-17341
-22417
-15929
-6364
-4124
459
18041
31213
15703
-15177
-22557
-565
14145
1561
-11031
1490
17096
3858
-23469
-24041
5255
27434
23497
13465
14544
15553
6216
-147
8087
18672
18671
16976
21671
17119
-8273
-29719
-16284
16607
23189
-4490
-23502
-5299
22241
18928
-9885
-27136
-17761
546
11490
17424
23140
25363
22907
21380
23261
24302
21442
14686
2357
-14231
-23273
-13482
7046
16821
7816
-6438
-11253
-5814
4124
13448
13840
-1329
-22092
-27280
-12283
3987
7748
8248
15823
21341
14374
4278
2214
-1946
-19152
-31371
-14388
16956
22954
-701
-15310
-1188
12237
-1110
-17948
-4857
23378
24865
-4213
-26806
-23497
-13936
-15200
-16235
-6926
-559
-8676
-19102
-18984
-17116
-21508
-16734
8559
29719
16140
-16680
-23174
4511
23502
5272
-22282
-18873
10097
27281
17534
-1057
-11881
-17554
-23232
-25455
-22749
-21014
-23137
-24571
-21788
-15126
-3341
13003
23095
14770
-5885
-17325
-9044
6527
12482
5972
-5623
-14363
-12482
3496
22627
26000
10663
-5431
-9573
-10298
-17292
-22405
-16035
-6658
-4479
119
17666
31069
16284
-14140
-22253
-1516
13147
1943
-9738
1879
15916
2449
-23494
-22502
7269
28685
23336
12039
12482
13241
3538
-3164
5255
16310
16580
15689
22753
20796
-4815
-29572
-18812
14786
23501
-3656
-23137
-4428
23276
17527
-13913
-29223
-14188
7106
15649
18248
23471
25679
21041
17908
21747
25621
23174
17028
8374
-6416
-21529
-20313
523
18971
13855
-6711
-16859
-6303
10983
17077
7184
-10797
-23497
-20709
-4956
9819
14826
16045
20886
24500
20065
13081
10615
4979
-12665
-28597
-20404
6004
19152
7046
-6908
-3667
2984
-3664
-10000
3473
22188
15429
-13811
-30911
-21292
-6938
-5518
-5618
4124
10935
2501
-9020
-10146
-11424
-23411
-27345
-3270
26614
22506
-9604
-21966
1587
20205
2383
-22907
-13214
19807
29943
6372
-17767
-21017
-17515
-21322
-23249
-15528
-10159
-16695
-24521
-22887
-18322
-16284
-6061
16061
27464
8894
-19381
-20332
6164
22067
5966
-18561
-19225
2770
21457
21522
8875
-5255
-15624
-21207
-22954
-23492
-24074
-23394
-21313
-18769
-12386
2537
19853
23468
7895
-10904
-14472
-4124
5663
8104
5810
-1045
-12028
-15956
-1538
21168
28214
13957
-2165
-6164
-7111
-14840
-20313
-13621
-3858
-1639
2646
19277
30983
14502
-16222
-22841
-254
14643
1858
-11174
1107
16884
3821
-23497
-23665
6459
28682
23399
11950
12771
13810
3627
-3570
5097
16438
16284
15084
22911
21928
-3911
-29754
-19491
14446
23446
-3665
-22785
-3671
23464
16331
-15609
-29454
-12175
10007
17546
18661
23137
24911
19430
15716
20214
25309
23501
18256
11928
-1421
-19511
-23683
-3911
19225
17353
-6232
-19913
-6621
15283
18991
1837
-17410
-22919
-13953
973
13197
19079
21062
23029
24474
22703
19137
16284
9733
-6077
-22917
-23029
-3998
13724
12911
973
-5564
-5202
-5022
-1837
9774
17855
5248
-19913
-29761
-15850
628
3911
4418
13102
19327
11928
1428
-234
-3717
-20214
-31308
-13221
18130
23137
-1204
-15636
-1202
12175
-1136
-17570
-4256
23464
23957
-5763
-28001
-23446
-12569
-13132
-13818
-3911
3025
-5237
-16179
-16284
-15370
-22943
-21815
3627
29360
19729
-13843
-23399
3196
22597
3807
-23497
-16223
16349
29947
11174
-11843
-18383
-18278
-22841
-24864
-18494
-14009
-19277
-25421
-23445
-18207
-13621
-1661
18224
25609
6164
-19561
-18909
6366
21168
6174
-17256
-19122
1045
20043
22061
10479
-4124
-15137
-20820
-22646
-23468
-24154
-23365
-21262
-18769
-12437
2250
19370
23492
8811
-10130
-15041
-5255
5849
9442
5984
-2770
-13182
-14417
1185
22067
26752
11787
-4319
-8894
-10176
-17157
-22095
-16284
-7640
-5343
-447
16695
30333
17642
-11216
-21322
-4125
10518
3127
-6372
2547
12650
-840
-22907
-18258
12005
30948
21966
7711
6771
7077
-3270
-10642
-2070
9559
10146
10969
23369
28058
4124
-26286
-22845
8821
21292
-1379
-19016
-1436
22188
11085
-21269
-28854
-2984
21249
22464
16617
19152
20407
11662
5518
12665
21814
20968
17956
20065
13616
-10776
-29544
-14826
17307
22974
-4730
-23497
-5195
22377
18633
-10983
-27884
-16375
3644
13855
18116
23496
25651
21529
18586
21960
25522
23174
17179
8911
-5359
-21041
-21569
-1207
19261
15649
-6610
-18737
-6385
13913
18340
3252
-15784
-23137
-15335
198
13142
18812
20597
23004
24753
22753
19114
16657
10466
-5255
-22276
-23234
-5398
12482
13633
2787
-5573
-7269
-5663
631
11855
15916
1226
-21390
-27838
-13147
3174
7560
8808
16284
21556
15501
6603
4479
-158
-17182
-30514
-17292
11745
21464
3900
-10663
-3089
6355
-2595
-12482
1098
22819
17758
-12482
-31047
-21692
-7135
-5885
-5995
4355
11741
3341
-8141
-8810
-9988
-23137
-28981
-5903
24991
23232
-7223
-20278
735
17534
788
-21222
-9262
22282
27757
90
-23977
-23174
-15315
-17083
-18063
-8559
-1821
-9475
-19510
-18984
-16870
-21842
-18256
6926
29840
17925
-15411
-23497
3809
23121
4239
-23378
-16957
15173
29661
12237
-10506
-17831
-18361
-22954
-24909
-18583
-14018
-19152
-25317
-23398
-18315
-14374
-3099
17378
26512
7748
-19406
-20037
6117
22092
6003
-18994
-19324
4124
22970
20633
5777
-7816
-16719
-22421
-24417
-23273
-22438
-23384
-23788
-21442
-15244
-3359
12748
22907
15962
-4107
-17823
-11490
6376
15392
6545
-9885
-17045
-7594
11047
23502
19651
3822
-10549
-16284
-18216
-21998
-24607
-21671
-16814
-14274
-8162
8087
24545
22665
2290
-14544
-12371
-487
5470
5255
5137
1243
-10442
-17096
-3412
20752
28791
14145
-2519
-6598
-7668
-15703
-21412
-15062
-5896
-4124
144
17280
30735
17341
-11745
-21345
-4011
10211
3029
-5658
3011
11678
-2168
-22516
-16225
13621
31022
21033
6096
4124
3753
-6320
-13462
-5536
5484
6494
8447
22521
29963
8643
-22463
-23497
4493
18405
415
-14993
17
19349
6556
-23221
-25637
4071
27368
23497
12826
13606
14319
3911
-3564
4673
15684
15433
14459
23256
23868
-1333
-28838
-21144
12138
22824
-2500
-21160
-2523
23137
13381
-19651
-29653
-5815
18589
21622
17294
20250
21555
13012
6868
13621
22364
21284
18011
19913
13578
-10647
-29652
-15269
17056
23165
-4544
-23482
-4846
22879
17987
-12967
-28890
-14302
7455
16284
18422
23300
25284
19601
15413
19980
25479
23482
18236
13577
1928
-17866
-26106
-7287
19411
19913
-6101
-22098
-6016
19152
19350
-4638
-23516
-20250
-4570
8777
17072
22771
24824
23011
21605
23137
24466
22194
16131
5606
-9731
-22206
-18752
1333
18640
14044
-6443
-17725
-6592
12982
18292
3911
-15511
-23171
-15096
469
13226
19246
21392
23221
24368
23115
20607
18099
11771
-2680
-19269
-23497
-9679
9342
15847
6719
-6243
-11380
-6045
5536
14772
11537
-5766
-23137
-23527
-7458
8279
13621
15339
20684
24399
20395
14290
12129
6559
-10211
-26361
-22048
263
15863
11163
-955
-5094
-4124
-5128
-2106
10099
17486
3798
-20615
-28704
-14145
2471
6874
8274
16127
21628
15716
7115
5255
720
-16271
-30120
-18461
9350
20422
5895
-8087
-3764
3109
-3514
-9094
4478
21405
12680
-16284
-31104
-19100
-2974
-108
622
10357
17283
9885
-513
-1675
-4585
-20502
-31206
-13459
17291
22907
202
-14072
-1954
9623
-1938
-14868
-932
23273
19702
-10872
-30542
-22164
-8058
-6632
-6355
4124
11603
3644
-7373
-8019
-9410
-22854
-29569
-7748
23150
23476
-4903
-18594
-341
14979
-101
-19152
-6127
23314
25034
-5044
-28042
-23434
-12001
-12237
-12619
-1963
5730
-2411
-13461
-13370
-13042
-23497
-26279
-1927
27269
22458
-9530
-21580
1386
18984
1400
-21908
-10349
21888
28205
667
-23793
-23174
-15123
-16682
-17452
-7475
-243
-7867
-18097
-17534
-15842
-22740
-21540
3555
29333
20260
-13070
-23137
2706
21636
2901
-23263
-13874
19410
29823
5885
-18835
-21734
-17024
-19913
-21194
-12160
-5526
-12482
-21643
-20493
-17451
-20944
-16345
8408
30015
17292
-15881
-23488
3970
23071
3961
-23452
-16294
16284
29806
10389
-13316
-19481
-18203
-22011
-23533
-15916
-10280
-16166
-23808
-22350
-18379
-18472
-10807
12482
29289
13928
-17650
-22907
4798
23502
4939
-22753
-18048
12862
28874
14087
-8017
-16758
-18468
-23137
-24990
-18758
-14055
-18941
-25121
-23281
-18455
-15649
-5635
15743
27863
10470
-18841
-21678
5546
23174
5515
-21449
-18934
9425
27054
16984
-2910
-13855
-18333
-23500
-25456
-20778
-17180
-20903
-25480
-23497
-18185
-12741
-765
18236
25763
7149
-19293
-20065
5936
22333
6029
-19798
-19413
6181
24973
19152
1512
-10999
-17685
-23312
-25453
-22110
-19429
-22188
-25402
-23212
-17458
-9951
3372
20056
23566
4124
-19450
-18292
6288
21199
6246
-18018
-19368
3270
22629
20701
5419
-8357
-16955
-22776
-24931
-22907
-21173
-22951
-24838
-22622
-16692
-7424
6964
21322
21256
1495
-19208
-16542
6395
19961
6455
-16284
-19191
775
20483
21754
8534
-6042
-16046
-22067
-24315
-23319
-22295
-23338
-24204
-21895
-15787
-5255
9769
22158
19240
-685
-18923
-14951
6518
18769
6478
-14728
-18793
-1261
18482
22432
11075
-4124
-15276
-21330
-23553
-23479
-23119
-23484
-23447
-21168
-15046
-3502
12006
22679
17454
-2393
-18509
-13621
6499
17737
6536
-13444
-18463
-2823
16926
22841
12890
-2644
-14549
-20676
-22946
-23499
-23571
-23497
-22859
-20546
-14374
-2196
13541
22981
16157
-3627
-18213
-12619
6528
16947
6498
-12497
-18120
-3911
15738
23068
14170
-1621
-14076
-20186
-22432
-23464
-23880
-23461
-22376
-20103
-13964
-1351
14551
23137
15268
-4390
-17958
-11990
6491
16452
6513
-11928
-17946
-4532
15092
23174
14824
-1063
-13772
-19913
-22188
-23432
-23983
-23430
-22168
-19885
-13736
-973
14952
23195
14931
-4691
-17885
-11756
6505
16284
6490
-11756
-17871
-4691
14916
23195
14966
-973
-13750
-19885
-22154
-23430
-23998
-23432
-22174
-19913
-13787
-1063
14839
23174
15077
-4532
-17931
-11928
6498
16452
6506
-11990
-17973
-4390
15283
23137
14536
-1351
-13949
-20103
-22391
-23461
-23865
-23464
-22447
-20186
-14062
-1621
14156
23068
15753
-3911
-18135
-12497
6513
16947
6514
-12619
-18198
-3627
16142
22981
13556
-2196
-14388
-20546
-22844
-23497
-23586
-23499
-22931
-20676
-14564
-2644
12905
22841
16911
-2823
-18449
-13444
6522
17737
6514
-13621
-18524
-2393
17469
22679
11992
-3502
-15032
-21168
-23462
-23484
-23104
-23479
-23568
-21330
-15261
-4124
11060
22432
18496
-1261
-18808
-14728
6492
18769
6504
-14951
-18909
-685
19226
22158
9784
-5255
-15802
-21895
-24189
-23338
-22310
-23319
-24300
-22067
-16060
-6042
8548
21754
20468
775
-19177
-16284
6441
19961
6410
-16542
-19223
1495
21271
21322
6949
-7424
-16677
-22622
-24852
-22951
-21158
-22907
-24946
-22776
-16941
-8357
5404
20701
22644
3270
-19382
-18018
6261
21199
6273
-18292
-19435
4124
23552
20056
3387
-9951
-17473
-23212
-25387
-22188
-19444
-22110
-25439
-23312
-17699
-10999
1527
19152
24958
6181
-19398
-19798
6015
22333
5950
-20065
-19308
7149
25777
18236
-779
-12741
-18170
-23497
-25495
-20903
-17166
-20778
-25471
-23500
-18319
-13855
-2925
16984
27069
9425
-18949
-21449
5529
23174
5531
-21678
-18826
10470
27848
15743
-5621
-15649
-18470
-23281
-25107
-18941
-14070
-18758
-24975
-23137
-18483
-16758
-8002
14087
28859
12862
-18034
-22753
4924
23502
4813
-22907
-17665
13928
29304
12482
-10821
-18472
-18365
-22350
-23823
-16166
-10265
-15916
-23547
-22011
-18188
-19481
-13330
10389
29820
16284
-16309
-23452
3976
23071
3956
-23488
-15866
17292
30000
8408
-16331
-20944
-17465
-20493
-21628
-12482
-5541
-12160
-21179
-19913
-17039
-21734
-18820
5885
29809
19410
-13859
-23263
2886
21636
2721
-23137
-13085
20260
29348
3555
-21555
-22740
-15827
-17534
-18112
-7867
-228
-7475
-17467
-16682
-15108
-23174
-23808
667
28220
21888
-10364
-21908
1415
18984
1371
-21580
-9516
22458
27255
-1927
-26264
-23497
-13057
-13370
-13447
-2411
5715
-1963
-12605
-12237
-12015
-23434
-28027
-5044
25019
23314
-6113
-19152
-116
14979
-327
-18594
-4917
23476
23165
-7748
-29584
-22854
-9396
-8019
-7388
3644
11618
4124
-6370
-6632
-8043
-22164
-30556
-10872
19717
23273
-946
-14868
-1923
9623
-1968
-14072
217
22907
17276
-13459
-31191
-20502
-4600
-1675
-498
9885
17268
10357
637
-108
-2989
-19100
-31090
-16284
12665
21405
4493
-9094
-3529
3109
-3749
-8087
5881
20422
9365
-18461
-30135
-16271
734
5255
7100
15716
21642
16127
8259
6874
2486
-14145
-28719
-20615
3813
17486
10085
-2106
-5113
-4124
-5109
-955
11178
15863
249
-22048
-26346
-10211
6544
12129
14304
20395
24384
20684
15353
13621
8264
-7458
-23512
-23137
-5780
11537
14787
5536
-6060
-11380
-6228
6719
15832
9342
-9664
-23497
-19284
-2680
11785
18099
20593
23115
24383
23221
21377
19246
13240
469
-15111
-23171
-15497
3911
18278
12982
-6577
-17725
-6457
14044
18655
1333
-18767
-22206
-9716
5606
16117
22194
24480
23137
21591
23011
24838
22771
17057
8777
-4556
-20250
-23531
-4638
19364
19152
-6031
-22098
-6087
19913
19396
-7287
-26091
-17866
1914
13577
18250
23482
25465
19980
15428
19601
25269
23300
18437
16284
7441
-14302
-28875
-12967
17973
22879
-4831
-23482
-4559
23165
17070
-15269
-29667
-10647
13592
19913
17997
21284
22378
13621
6854
13012
21570
20250
17280
21622
18604
-5815
-29668
-19651
13396
23137
-2538
-21160
-2485
22824
12123
-21144
-28823
-1333
23854
23256
14473
15433
15669
4673
-3549
3911
14304
13606
12840
23497
27354
4071
-25622
-23221
6542
19349
32
-14993
401
18405
4508
-23497
-22478
8643
29978
22521
8433
6494
5499
-5536
-13477
-6320
3767
4124
6082
21033
31037
13621
-16239
-22516
-2153
11678
2997
-5658
3044
10211
-4026
-21345
-11730
17341
30720
17280
159
-4124
-5911
-15062
-21397
-15703
-7682
-6598
-2504
14145
28776
20752
-3398
-17096
-10457
1243
5151
5255
5455
-487
-12356
-14544
2276
22665
24560
8087
-8177
-14274
-16799
-21671
-24622
-21998
-18201
-16284
-10563
3822
19665
23502
11032
-7594
-17030
-9885
6530
15392
6391
-11490
-17837
-4107
15977
22907
12733
-3359
-15229
-21442
-23803
-23384
-22424
-23273
-24431
-22421
-16704
-7816
5762
20633
22984
4124
-19338
-18994
6018
22092
6102
-20037
-19391
7748
26497
17378
-3085
-14374
-18329
-23398
-25302
-19152
-14033
-18583
-24895
-22954
-18376
-17831
-10491
12237
29646
15173
-16942
-23378
4224
23121
3824
-23497
-15425
17925
29855
6926
-18271
-21842
-16856
-18984
-19524
-9475
-1806
-8559
-18078
-17083
-15300
-23174
-23991
90
27771
22282
-9277
-21222
803
17534
721
-20278
-7208
23232
24976
-5903
-28967
-23137
-10003
-8810
-8127
3341
11727
4355
-5981
-5885
-7150
-21692
-31032
-12482
17744
22819
1113
-12482
-2609
6355
-3074
-10663
3886
21464
11760
-17292
-30529
-17182
-143
4479
6588
15501
21570
16284
8794
7560
3188
-13147
-27853
-21390
1240
15916
11840
631
-5648
-7269
-5588
2787
13648
12482
-5413
-23234
-22261
-5255
10451
16657
19129
22753
24738
23004
20612
18812
13127
198
-15320
-23137
-15799
3252
18355
13913
-6399
-18737
-6595
15649
19246
-1207
-21555
-21041
-5374
8911
17193
23174
25507
21960
18600
21529
25637
23496
18131
13855
3630
-16375
-27870
-10983
18619
22377
-5180
-23497
-4745
22974
17322
-14826
-29558
-10776
13631
20065
17941
20968
21829
12665
5503
11662
20421
19152
16602
22464
21264
-2984
-28869
-21269
11099
22188
-1450
-19016
-1364
21292
8807
-22845
-26272
4124
28043
23369
10983
10146
9545
-2070
-10627
-3270
7062
6771
7726
21966
30934
12005
-18244
-22907
-854
12650
2562
-6372
3112
10518
-4110
-21322
-11231
17642
30347
16695
-461
-5343
-7625
-16284
-22109
-17157
-10161
-8894
-4334
11787
26767
22067
1170
-14417
-13168
-2770
5969
9442
5863
-5255
-15056
-10130
8825
23492
19355
2250
-12422
-18769
-21277
-23365
-24139
-23468
-22661
-20820
-15123
-4124
10465
22061
20058
1045
-19136
-17256
6189
21168
6352
-18909
-19546
6164
25594
18224
-1647
-13621
-18221
-23445
-25406
-19277
-14024
-18494
-24850
-22841
-18292
-18383
-11829
11174
29933
16349
-16209
-23497
3792
22597
3211
-23399
-13858
19729
29375
3627
-21829
-22943
-15356
-16284
-16194
-5237
3039
-3911
-13833
-13132
-12554
-23446
-28016
-5763
23971
23464
-4270
-17570
-1121
12175
-1217
-15636
-1189
23137
18115
-13221
-31294
-20214
-3732
-234
1442
11928
19313
13102
4433
3911
613
-15850
-29747
-19913
5233
17855
9788
-1837
-5036
-5202
-5550
973
12896
13724
-3983
-23029
-22931
-6077
9748
16284
19122
22703
24489
23029
21047
19079
13212
973
-13968
-22919
-17395
1837
18977
15283
-6607
-19913
-6246
17353
19240
-3911
-23698
-19511
-1406
11928
18242
23501
25324
20214
15701
19430
24926
23137
18646
17546
10022
-12175
-29468
-15609
16346
23464
-3686
-22785
-3651
23446
14432
-19491
-29740
-3911
21913
22911
15099
16284
16423
5097
-3556
3627
13795
12771
11964
23399
28668
6459
-23650
-23497
3806
16884
1122
-11174
1843
14643
-239
-22841
-16237
14502
30997
19277
2631
-1639
-3843
-13621
-20327
-14840
-7097
-6164
-2180
13957
28228
21168
-1553
-15956
-12013
-1045
5795
8104
5678
-4124
-14487
-10904
7909
23468
19838
2537
-12371
-18769
-21328
-23394
-24059
-23492
-22969
-21207
-15609
-5255
8860
21522
21472
2770
-19240
-18561
5980
22067
6150
-20332
-19367
8894
27449
16061
-6046
-16284
-18336
-22887
-24506
-16695
-10174
-15528
-23234
-21322
-17530
-21017
-17753
6372
29929
19807
-13199
-22907
2369
20205
1601
-21966
-9619
22506
26628
-3270
-27360
-23411
-11409
-10146
-9035
2501
10950
4124
-5632
-5518
-6923
-21292
-30925
-13811
15443
22188
3459
-10000
-3649
2984
-3682
-6908
7061
19152
5989
-20404
-28582
-12665
4964
10615
13096
20065
24486
20886
16060
14826
9804
-4956
-20694
-23497
-10812
7184
17091
10983
-6318
-16859
-6697
13855
18956
523
-20299
-21529
-6431
8374
17043
23174
25606
21747
17923
21041
25664
23471
18262
15649
7091
-14188
-29209
-13913
17513
23276
-4413
-23137
-3670
23501
14801
-18812
-29587
-4815
20811
22753
15674
16580
16325
5255
-3178
3538
13256
12482
12024
23336
28699
7269
-22517
-23494
2464
15916
1865
-9738
1957
13147
-1531
-22253
-14126
16284
31055
17666
134
-4479
-6673
-16035
-22390
-17292
-10312
-9573
-5417
10663
25986
22627
3511
-12482
-14377
-5623
5986
12482
6512
-9044
-17310
-5885
14756
23095
13018
-3341
-15141
-21788
-24556
-23137
-21029
-22749
-25441
-23232
-17569
-11881
-1042
17534
27267
10097
-18858
-22282
5257
23502
4526
-23174
-16695
16140
29733
8559
-16749
-21508
-17101
-18984
-19117
-8676
-545
-6926
-16250
-15200
-13922
-23497
-26821
-4213
24879
23378
-4872
-17948
-1095
12237
-1203
-15310
-687
22954
16942
-14388
-31356
-19152
-1960
2214
4293
14374
21327
15823
8263
7748
3972
-12283
-27265
-22092
-1344
13840
13463
4124
-5829
-11253
-6423
7816
16807
7046
-13467
-23273
-14246
2357
14701
21442
24287
23261
21394
22907
25348
23140
17439
11490
531
-17761
-27121
-9885
18914
22241
-5284
-23502
-4504
23189
16621
-16284
-29734
-8273
17134
21671
16962
18671
18687
8087
-162
6216
15567
14544
13450
23497
27449
5255
-24056
-23469
3873
17096
1475
-11031
1575
14145
-580
-22557
-15162
15703
31198
18041
474
-4124
-6379
-15929
-22403
-17341
-10461
-9836
-5745
10211
25550
22811
4528
-11678
-14905
-6736
6059
13621
6630
-10486
-17957
-4124
16865
22636
10382
-5536
-16067
-22587
-25270
-22521
-19353
-21855
-25744
-23497
-18081
-14615
-5588
14993
28958
13340
-17754
-23221
4502
23147
3602
-23497
-14527
19163
29415
3911
-21804
-23033
-15085
-15433
-14804
-3395
5262
-1333
-10950
-10260
-10357
-22824
-29922
-10227
19460
23137
612
-12892
-2952
5815
-3003
-9210
5257
20250
8284
-19571
-29341
-13621
4306
9967
12566
19913
24530
20952
16301
15269
10391
-3965
-19502
-23482
-12692
5378
17755
12967
-6279
-18649
-6712
16284
19537
-3074
-23689
-19601
-779
12375
17985
23482
25551
19184
13414
17866
24532
22344
17935
19913
15594
-8002
-30165
-19152
13816
23040
-2536
-20250
-1480
21802
9026
-22771
-25796
4779
28326
23137
9964
7731
5978
-5606
-13967
-7697
1302
1333
3589
18845
30598
17725
-8904
-19591
-8359
3911
5129
3929
5014
-469
-12436
-13488
4454
23221
21962
4249
-11606
-18099
-20785
-23349
-24177
-23497
-23122
-21565
-16194
-6719
6582
20563
23453
5536
-19107
-20475
5464
23137
5648
-22287
-18373
13621
29728
11158
-14130
-20395
-17295
-20131
-20840
-10211
-1643
-8138
-17588
-15863
-13820
-23483
-27087
-4124
25263
23408
-4928
-17486
-881
11285
-2014
-14145
1177
22474
14203
-16127
-30598
-17474
-159
5255
8211
16959
22610
18461
12757
11631
6862
-8087
-23036
-23295
-8423
9094
16832
9705
-6729
-16284
-6250
13694
18534
108
-20525
-21097
-5138
9885
17991
23442
25252
20502
15937
19267
24650
22907
18678
18823
12916
-9623
-29701
-18202
14150
23273
-2356
-20836
-2291
22164
10214
-22547
-26776
4124
28528
23218
9710
8019
6724
-5483
-14455
-7748
1665
1099
2817
18594
31016
18110
-8591
-19152
-8480
2966
4792
5044
5733
-1783
-13819
-12237
6967
23420
19693
2411
-12247
-19328
-22535
-23497
-22913
-23423
-24606
-22458
-16624
-9309
2313
18984
26148
8509
-19239
-21888
5490
23493
4496
-23174
-16491
16555
29686
7475
-18236
-22146
-16477
-17534
-17074
-5938
2702
-3555
-12855
-11912
-11502
-23137
-29368
-9177
20323
23263
161
-13251
-2944
5885
-2973
-8944
5572
19913
7317
-20112
-28795
-12482
5544
11506
14260
20944
24925
21947
18314
17292
12330
-811
-15878
-23071
-16729
1531
18693
16284
-6075
-21081
-6482
19481
19619
-8239
-27444
-15916
7019
17059
18137
22350
23704
14530
6743
12482
21020
18931
15797
22907
23863
54
-27725
-22753
7879
19670
-114
-14087
1184
16478
1224
-23137
-17080
14159
30849
18941
1930
-3217
-6218
-15649
-21829
-17450
-11410
-10470
-5947
9077
23801
23174
7621
-9606
-16684
-9425
6764
16245
6209
-13855
-18558
342
21007
20778
4091
-10744
-18260
-23497
-25139
-19749
-14653
-18236
-24099
-22388
-18477
-20065
-15620
7321
29518
19798
-12428
-22675
1506
19152
1432
-20769
-7590
23312
24176
-7969
-30431
-22188
-6620
-3680
-1825
9951
18364
12252
3832
4124
1441
-14756
-28957
-21199
1250
15090
12612
3270
-5662
-11126
-6554
8357
17309
5798
-15443
-22907
-11267
5061
15901
22622
25454
22299
18562
21322
25817
23454
18160
16542
9406
-12406
-30005
-16284
16128
23489
-3534
-21754
-2217
22712
10792
-22067
-26947
2931
27314
23338
10785
8542
6537
-5255
-13790
-7833
787
685
2973
18133
30189
18769
-6471
-18315
-10212
1261
5711
7012
5432
-4124
-14623
-9869
9838
23479
16904
-919
-14743
-21168
-23649
-23240
-21657
-22679
-25012
-23380
-18418
-13621
-3843
15419
28313
13444
-17018
-23332
3689
22841
3746
-23353
-13656
20676
29106
379
-25710
-23497
-12095
-11411
-10419
2196
11701
4920
-4690
-3627
-4548
-19827
-31409
-16947
10542
19904
7548
-3911
-4586
-4497
-5748
1621
13911
12036
-7575
-23464
-18766
-1387
12870
20103
23415
23463
22017
23137
25342
23088
17331
11990
2011
-16783
-28229
-11928
18317
23061
-4742
-23174
-3426
23478
13864
-19913
-28882
-1819
23883
23430
13552
12528
10963
-973
-9873
-3787
5179
4691
6040
20350
30786
16284
-10909
-20350
-7623
4691
5155
3787
4931
-973
-12834
-12528
6192
23430
19965
1819
-13363
-19913
-22547
-23478
-22845
-23174
-24585
-23061
-18024
-11928
-1244
16783
27526
11990
-17561
-23088
3982
23137
4093
-23463
-14404
20103
29492
1387
-24996
-23464
-12522
-12036
-11092
1621
11256
4497
-5105
-3911
-4683
-19904
-31446
-16947
10484
19827
7681
-3627
-4622
-4920
-5855
2196
14319
11411
-8582
-23497
-17739
-379
13422
20676
23983
23353
21334
22841
25654
23332
17643
13444
4421
-15419
-29075
-13621
17618
23380
-4294
-22679
-2840
23240
12333
-21168
-27916
919
26020
23479
11850
9869
7825
-4124
-12846
-7012
1510
1261
3369
18315
30169
18769
-6233
-18133
-10577
685
5881
7833
5498
-5255
-15225
-8542
11657
23338
14806
-2931
-15809
-22067
-24369
-22712
-20112
-21754
-25126
-23489
-18855
-16284
-8454
12406
29312
16542
-15139
-23454
2588
21322
2619
-22299
-10395
22622
26532
-5061
-29342
-22907
-8231
-5798
-4015
8357
17325
11126
2582
3270
1019
-15090
-29157
-21199
1063
14756
12919
4124
-5686
-12252
-6752
9951
18119
3680
-18070
-22188
-7641
7969
16883
23312
25932
20769
15403
19152
25188
22675
17856
19798
16058
-7321
-30212
-20065
12677
22388
-1897
-18236
-215
19749
5086
-23497
-21139
10744
30524
20778
4514
-342
-3563
-13855
-20681
-16245
-10098
-9425
-5183
9606
23924
23174
8095
-9077
-17176
-10470
6925
17450
6082
-15649
-18836
3217
23530
18941
-753
-14159
-18901
-23137
-24059
-16478
-9726
-14087
-21270
-19670
-16891
-22753
-22848
-54
26823
22907
-6398
-18931
-1069
12482
-1068
-14530
451
22350
13923
-17059
-30877
-15916
2636
8239
11089
19481
24682
21081
16773
16284
11818
-1531
-16439
-23071
-16957
811
18714
17292
-5801
-21947
-6376
20944
19307
-11506
-29341
-12482
13066
20112
17122
19913
20438
8944
-521
5885
15387
13251
11497
23263
29939
9177
-20691
-23137
-405
11912
2696
-3555
4357
5938
-9049
-17534
-1074
22146
24620
7475
-9074
-16555
-20347
-23174
-23650
-23493
-23971
-21888
-16004
-8509
2705
18984
26601
9309
-19155
-22458
5287
23423
3706
-23497
-14464
19328
28988
2411
-23471
-23420
-13601
-12237
-10289
1783
10756
5044
-3453
-2966
-4646
-19152
-30369
-18110
7270
18594
10248
-1099
-5923
-7748
-5427
5483
15338
8019
-12413
-23218
-13643
4124
16460
22547
24669
22164
18837
20836
24889
23273
18973
18202
12097
-9623
-29492
-18823
13071
22907
-1490
-19267
-1551
20502
7035
-23442
-22977
9885
31275
21097
4050
108
-2306
-13694
-21550
-16284
-9369
-9705
-6418
9094
24259
23295
8330
-8087
-16737
-11631
6026
18461
6956
-16959
-19900
5255
26030
17474
-4913
-16127
-17986
-22474
-23888
-14145
-5591
-11285
-19993
-17486
-14424
-23408
-26931
-4124
25093
23483
-3771
-15863
-1415
8138
-3305
-10211
5650
20131
6433
-20395
-27410
-11158
6250
13621
17604
22287
24164
23137
22351
20475
14648
5536
-6613
-20563
-24688
-6719
19686
21565
-5775
-23497
-4126
23349
15475
-18099
-29295
-4249
21852
23221
14502
13488
11602
-469
-9539
-3929
4519
3911
5359
19591
30436
17725
-7837
-18845
-10068
1333
5953
7697
5378
-5606
-15388
-7731
12815
23137
12999
-4779
-16806
-22771
-24770
-21802
-18082
-20250
-24641
-23040
-18944
-19152
-14022
8002
29325
19913
-11772
-22344
847
17866
950
-19184
-5063
23482
20574
-12375
-31697
-19601
-1595
3074
5754
16284
23282
18649
12828
12967
9234
-5378
-20553
-23482
-13206
3965
18043
15269
-5866
-20952
-6714
19913
19728
-9967
-28859
-13621
11713
19571
17211
20250
20856
9210
-513
5815
15270
12892
11018
23137
30439
10227
-19511
-22824
-1694
10260
3075
-1333
4980
3395
-11151
-15433
3031
23033
21489
3911
-11429
-19163
-22992
-23497
-22008
-23147
-25636
-23221
-17368
-13340
-4893
14993
29574
14615
-17162
-23497
3961
21855
1915
-22521
-9724
22587
25441
-5536
-28737
-22636
-8218
-4124
-852
10486
18252
13621
7027
6736
3046
-11678
-25372
-22811
-6374
10211
16915
9836
-7075
-17341
-5919
15929
18737
-4124
-24249
-18041
2880
15703
19088
22557
22861
14145
6534
11031
18594
17096
15175
23469
26521
5255
-23011
-23497
1373
14544
3007
-6216
2731
8087
-6468
-18671
-4101
21671
26504
8273
-9717
-16284
-19186
-23189
-24635
-23502
-23227
-22241
-17501
-9885
1485
17761
26786
11490
-17363
-23140
3587
22907
3968
-23261
-13174
21442
28451
-2357
-28237
-23273
-9149
-7046
-5236
7816
17374
11253
2909
4124
2200
-13840
-28279
-22092
-2117
12283
14594
7748
-5777
-15823
-7144
14374
19717
-2214
-24053
-19152
1765
14388
17863
22954
24700
15310
6768
12237
20748
17948
14517
23378
26993
4213
-25019
-23497
3351
15200
1560
-6926
3809
8676
-7267
-18984
-3446
21508
25518
8559
-8292
-16140
-20341
-23174
-23388
-23502
-24514
-22282
-16298
-10097
-161
17534
28253
11881
-18468
-23232
4726
22749
2523
-23137
-11369
21788
26708
-3341
-27573
-23095
-9647
-5885
-2598
9044
17120
12482
5779
5623
2149
-12482
-25878
-22627
-5692
10663
16822
9573
-7158
-17292
-5830
16035
18670
-4479
-24490
-17666
3692
16284
19138
22253
22267
13147
5252
9738
17353
15916
14368
23494
27630
7269
-21092
-23336
-711
12482
3759
-3538
3293
5255
-8669
-16580
-16
22753
23738
4815
-12230
-18812
-21501
-23501
-23320
-23137
-24411
-23276
-18739
-13913
-4754
14188
28645
15649
-15200
-23471
2236
21041
2633
-21747
-9211
23174
24765
-8374
-31177
-21529
-4370
-523
1960
13855
22053
16859
10247
10983
7923
-7184
-22364
-23497
-11623
4956
17665
14826
-5707
-20886
-6885
20065
19834
-10615
-29408
-12665
13568
20404
16581
19152
19475
6908
-3496
2984
12580
10000
8543
22188
31688
13811
-15042
-21292
-5402
5518
4003
4124
6184
-2501
-15177
-10146
11351
23411
13874
-3270
-15030
-22506
-25937
-21966
-16931
-20205
-25860
-22907
-17569
-19807
-16977
6372
30293
21017
-11386
-21322
1306
15528
-1349
-16695
-373
22887
14455
-16284
-29845
-16061
1625
8894
13402
20332
23809
22067
20216
18561
12834
2770
-9512
-21522
-23497
-5255
20088
21207
-6131
-23492
-3835
23394
14841
-18769
-28785
-2537
23390
23468
13291
10904
8011
-4124
-12949
-8104
-774
-1045
1518
15956
28257
21168
742
-13957
-15031
-6164
7118
14840
5695
-13621
-18154
1639
22295
19277
-275
-14502
-19315
-22841
-22995
-14643
-7161
-11174
-18319
-16884
-15133
-23497
-26932
-6459
21579
23399
459
-12771
-3842
3627
-3164
-5097
8741
16284
-536
-22911
-23154
-3911
13000
19491
22024
23446
22748
22785
24549
23464
19172
15609
7596
-12175
-28992
-17546
13614
23137
-1314
-19430
-1879
20214
6612
-23501
-21696
11928
32004
19511
883
-3911
-6680
-17353
-24305
-19913
-14793
-15283
-11721
1837
16617
22919
17815
973
-18511
-19079
5043
23029
6200
-22703
-18165
16284
30850
6077
-21839
-23029
-13451
-13724
-12900
973
11803
5202
-4111
-1837
-2034
-17855
-31039
-19913
4164
15850
11924
3911
-5235
-13102
-7331
11928
19447
234
-22475
-20214
-209
13221
17532
23137
25213
15636
6673
12175
20806
17570
13855
23464
28174
5763
-23862
-23446
1703
13132
2004
-3911
4869
5237
-10446
-16284
2388
22943
21189
3627
-11445
-19729
-24034
-23399
-20647
-22597
-26403
-23497
-17476
-16349
-10755
11174
30891
18383
-14628
-22841
2712
18494
-380
-19277
-3366
23445
18031
-13621
-30177
-18224
-945
6164
10929
18909
23190
21168
18807
17256
11597
1045
-11278
-22061
-22579
-4124
20360
20820
-6440
-23468
-3720
23365
14713
-18769
-28555
-2250
23548
23492
13068
10130
6772
-5255
-13861
-9442
-2699
-2770
246
14417
26891
22067
4069
-11787
-16680
-8894
7481
17157
5491
-16284
-18370
5343
24918
16695
-5562
-17642
-19270
-21322
-20446
-10518
-2132
-6372
-13812
-12650
-12158
-22907
-29378
-12005
15395
21966
5985
-6771
-5578
-3270
-4293
2070
13262
10146
-9811
-23369
-14911
4124
17265
22845
24341
21292
17253
19016
23446
22188
18952
21269
18659
-2984
-27305
-22464
6559
19152
1792
-11662
857
12665
-2232
-20968
-9489
20065
29067
10776
-8555
-14826
-17593
-22974
-25302
-23497
-22750
-22377
-18251
-10983
-172
16375
27392
13855
-15694
-23496
2181
21529
3268
-21960
-9833
23174
24955
-8911
-31812
-21041
-2856
1207
3713
15649
23720
18737
12831
13913
10959
-3252
-18314
-23137
-16589
-198
18192
18812
-4797
-23004
-6474
22753
18309
-16657
-31113
-5255
23094
23234
12478
12482
11569
-2787
-13922
-7269
1902
-631
-316
15916
30096
21390
-278
-13147
-13711
-7560
5223
16284
7712
-15501
-20514
4479
26615
17182
-6990
-17292
-17093
-21464
-22829
-10663
35
-6355
-15965
-12482
-9722
-22819
-31768
-12482
16962
21692
4373
-5885
-3498
-4355
-6759
3341
16293
8810
-13924
-23137
-10518
5903
15629
23232
26779
20278
13053
17534
24897
21222
15975
22282
23738
-90
-28194
-23174
6436
17083
348
-8559
4131
9475
-7573
-18984
-2253
21842
23894
6926
-9092
-17925
-22918
-23497
-21436
-23121
-26507
-23378
-16915
-15173
-9341
12237
31179
17831
-15401
-22954
3177
18583
-770
-19152
-2665
23398
16891
-14374
-29685
-17378
-168
7748
13124
20037
23194
22092
21078
18994
12790
4124
-6775
-20633
-25924
-7816
20253
22421
-6091
-23273
-2322
23384
11485
-21442
-26196
3359
27095
22907
9428
4107
-602
-11490
-18528
-15392
-10764
-9885
-5178
7594
20254
23502
14646
-3822
-20194
-16284
7731
21998
4378
-21671
-16808
14274
28390
8087
-17637
-22665
-16416
-14544
-11272
487
9244
5255
-1400
-1243
-3727
-17096
-28137
-20752
-693
14145
15782
6598
-7862
-15703
-5016
15062
17764
-4124
-23731
-17280
4223
17341
19800
21345
19860
10211
2066
5658
12467
11678
11809
22516
29288
13621
-12549
-21033
-8486
4124
6642
6320
4245
-5536
-14628
-6494
13980
22521
9864
-8643
-19295
-23497
-23729
-18405
-12827
-14993
-20261
-19349
-17518
-23221
-24245
-4071
22463
23497
129
-13606
-4486
3911
-2372
-4673
8494
15433
-1645
-23256
-21807
-1333
15478
21144
22686
22824
21060
21160
23683
23137
20078
19651
14695
-5815
-27594
-21622
7597
20250
1921
-13012
-140
13621
-832
-21284
-10742
19913
29750
10647
-9458
-15269
-17522
-23165
-25653
-23482
-22678
-22879
-19459
-12967
-2842
14302
27667
16284
-13450
-23300
555
19601
2801
-19980
-6900
23482
21146
-13577
-32768
-17866
2516
7287
9598
19913
26367
22098
17979
19152
16198
4638
-9161
-20250
-23335
-8777
16763
22771
-2560
-23011
-5198
23137
13536
-22194
-28289
5606
31540
22206
4179
1333
-450
-14044
-23650
-17725
-10770
-12982
-11147
3911
19591
23171
15821
469
-17417
-19246
3868
23221
7052
-23115
-18334
18099
31677
2680
-26444
-23497
-9747
-9342
-8537
6719
18377
11380
2354
5536
5244
-11537
-27344
-23137
-6550
7458
15712
13621
-4403
-20684
-8223
20395
20987
-12129
-31477
-10211
18846
22048
13670
15863
16315
955
-11590
-4124
6093
2106
669
17486
31944
20615
-3137
-14145
-12203
-6874
4214
16127
8703
-15716
-21553
5255
28299
16271
-10005
-18461
-15769
-20422
-22245
-8087
4283
-3109
-13674
-9094
-5946
-21405
-32768
-16284
12169
19100
7542
-108
-3427
-10357
-8570
9885
20341
1675
-22983
-20502
1029
13459
16135
22907
26077
14072
2726
9623
19819
14868
10179
23273
32249
10872
-19823
-22164
-2357
6632
2210
4124
7962
-3644
-17794
-8019
16412
22854
7235
-7748
-15039
-23476
-27868
-18594
-8865
-14979
-24272
-19152
-13183
-23314
-28988
-5044
25720
23434
-2829
-12237
-732
1963
-7031
-2411
14393
13370
-9378
-23497
-14241
1927
12840
22458
27890
21580
13804
18984
27031
21908
14954
21888
24337
-667
-29772
-23174
7633
16682
-856
-7475
5928
7867
-10579
-17534
2510
22740
19724
3555
-9916
-20260
-26524
-23137
-17429
-21636
-28271
-23263
-15617
-19410
-18935
5885
32109
21734
-11818
-19913
2432
12160
-4779
-12482
6716
20493
3752
-20944
-23642
-8408
6611
17292
24189
23488
19787
23071
28273
23452
15371
16284
13319
-10389
-32768
-19481
15276
22011
-3913
-15916
3681
16166
-3072
-22350
-9148
18472
26118
12482
-3210
-13928
-21279
-22907
-21033
-23502
-27357
-22753
-14445
-12862
-7894
14087
32752
16758
-17996
-23137
5247
18758
-2698
-18941
-180
23281
13573
-15649
-27371
-15743
-73
10470
18133
21678
21379
23174
25837
21449
13066
9425
2941
-16984
-31724
-13855
20038
23500
-6410
-20778
1869
20903
2949
-23497
-17032
12741
27670
18236
3094
-7149
-15016
-20065
-21060
-22333
-23997
-19798
-11439
-6181
1380
19152
30223
10999
-21501
-23312
7399
22110
-1207
-22188
-5209
23212
19612
-9951
-27290
-20056
-5765
4124
12124
18292
20300
21199
22070
18018
9736
3270
-4995
-20701
-28518
-8357
22503
22776
-8222
-22907
711
22951
6976
-22622
-21440
7424
26486
21322
8043
-1495
-9585
-16542
-19303
-19961
-20236
-16284
-8096
-775
7898
21754
26824
6042
-23160
-22067
8894
23319
-365
-23338
-8297
21895
22663
-5255
-25485
-22158
-9915
-685
7477
14951
18241
18769
18626
14728
6623
-1261
-10125
-22432
-25304
-4124
23576
21330
-9430
-23479
146
23484
9233
-21168
-23424
3502
24472
22679
11385
2393
-5837
-13621
-17254
-17737
-17329
-13444
-5398
2823
11733
22841
24073
2644
-23833
-20676
9843
23499
-29
-23497
-9848
20546
23853
-2196
-23595
-22981
-12462
-3627
4674
12619
16452
16947
16397
12497
4481
-3911
-12788
-23068
-23201
-1621
23990
20186
-10135
-23464
-15
23461
10201
-20103
-24058
1351
22966
23137
13151
4390
-3978
-11990
-15916
-16452
-15852
-11928
-3917
4532
13348
23174
22725
1063
-24080
-19913
10303
23432
15
-23430
-10344
19885
24121
-973
-22664
-23195
-13448
-4691
3729
11756
15708
16284
15693
11756
3744
-4691
-13462
-23195
-22649
-973
24106
19885
-10330
-23430
0
23432
10318
-19913
-24095
1063
22739
23174
13333
4532
-3903
-11928
-15866
-16452
-15902
-11990
-3992
4390
13166
23137
22951
1351
-24043
-20103
10187
23461
0
