-7, 0
100, -127
133, -38
48, 154
-77, 203
-127, 100
-118, 30
-147, 68
-172, 130
-64, 148
122, 121
155, 45
-9, -59
-116, -112
-2, -59
155, 45
116, 120
-62, 149
-163, 132
-145, 70
-125, 33
-124, 103
-64, 205
53, 153
125, -42
95, -130
0, 0
-95, 131
-125, 42
-54, -152
63, -205
123, -104
125, -34
145, -72
161, -134
60, -150
-117, -118
-156, -42
3, 59
119, 110
10, 59
-156, -42
-125, -118
60, -150
168, -135
145, -72
117, -34
123, -104
70, -205
-54, -152
-132, 43
-95, 131
7, 0
95, -130
118, -42
53, 153
-57, 204
-124, 103
-132, 33
-145, 70
-156, 132
-62, 149
108, 120
155, 45
6, -60
-116, -112
-16, -59
155, 45
129, 121
-64, 148
-179, 130
-147, 68
-111, 30
-127, 100
-84, 203
48, 154
140, -38
100, -127
-14, 0
-101, 126
-112, 36
-46, -155
59, -201
129, -97
141, -27
149, -63
155, -123
70, -145
-94, -126
-152, -53
-16, 59
110, 119
19, 59
-152, -55
-128, -128
74, -144
195, -118
151, -57
106, -21
133, -91
106, -197
-37, -157
-150, 27
-110, 119
21, 1
110, -118
108, -26
33, 158
-69, 195
-137, 86
-150, 14
-154, 49
-159, 108
-84, 138
75, 135
147, 68
29, -58
-97, -129
-20, -61
145, 70
121, 141
-89, 135
-213, 97
-156, 41
-101, 9
-143, 75
-134, 184
18, 160
159, -10
123, -105
-28, -3
-124, 104
-103, 13
-13, -161
86, -185
147, -68
157, 5
159, -29
164, -86
101, -126
-49, -144
-136, -87
-44, 54
78, 141
19, 63
-134, -90
-107, -156
107, -121
232, -65
161, -17
94, 6
153, -53
168, -161
7, -161
-166, -15
-138, 84
35, 7
139, -82
97, 4
-13, 161
-108, 168
-156, 42
-161, -31
-161, 1
-170, 57
-121, 106
16, 151
119, 110
60, -45
-52, -153
-14, -65
115, 113
83, 173
-128, 99
-247, 21
-161, -13
-84, -24
-160, 23
-203, 126
-38, 157
167, 47
152, -56
-40, -13
-153, 53
-87, -24
46, -155
133, -142
161, -9
159, 63
158, 32
171, -19
141, -78
24, -151
-92, -132
-75, 32
17, 161
7, 66
-87, -136
-50, -187
147, -68
253, 35
154, 49
69, 43
161, 14
234, -76
73, -144
-159, -84
-160, 18
42, 22
161, -15
71, 44
-82, 139
-156, 105
-159, -30
-145, -100
-145, -70
-163, -24
-156, 40
-68, 140
56, 152
88, -12
24, -160
3, -65
49, 154
7, 193
-159, 27
-242, -100
-135, -88
-48, -60
-151, -57
-253, 11
-110, 119
137, 124
159, 26
-42, -33
-159, -30
-49, -63
117, -111
172, -57
144, 74
118, 137
119, 109
142, 70
161, 6
113, -115
-9, -161
-95, -14
-70, 145
-15, 61
-1, -161
44, -186
160, 22
207, 168
102, 125
20, 72
126, 101
251, 67
141, -79
-99, -160
-143, -75
37, 44
141, 79
19, 75
-147, 68
-174, -2
-112, -116
-75, -167
-77, -142
-104, -113
-150, -59
-151, 72
-45, 155
92, 45
115, -114
28, -52
-53, 153
-97, 160
-143, -75
-145, -228
-53, -153
13, -75
-84, -138
-220, -150
-160, 25
44, 184
108, 120
-26, -54
-104, -123
16, -78
161, -11
155, 64
63, 149
17, 183
21, 160
49, 143
119, 110
174, -12
98, -128
-76, -75
-149, 63
-38, 38
106, -122
143, -112
104, 123
55, 266
-9, 161
-47, 65
25, 160
153, 222
157, 38
23, -187
-53, -153
10, 59
48, 154
-52, 66
-153, -53
-110, -120
1, -161
50, -174
45, -155
19, -151
-65, -148
-171, -59
-142, 77
46, 99
161, 3
43, -19
-147, 68
-169, 43
-44, -155
53, -265
75, -143
77, -39
44, -155
-53, -265
-126, -101
-93, 159
-17, 161
9, -58
22, -160
82, -37
115, 113
41, 156
-70, 145
-113, 135
-108, 120
-90, 128
-6, 161
135, 128
161, -7
-5, -109
-144, -74
-40, -3
161, 5
163, 37
-30, 159
-159, 212
-131, 94
-94, 0
-110, 119
-67, 260
67, 147
148, -99
88, -135
-27, 47
-94, 132
-97, -5
-49, -154
44, -157
130, -96
156, -66
152, -56
147, -71
82, -139
-65, -177
-145, -70
-41, 98
91, 134
26, 22
-139, -82
-118, -112
103, -124
235, -109
160, -18
89, 45
154, -50
178, -194
14, -161
-170, 13
-144, 74
40, -27
147, -68
89, 52
-34, 158
-124, 115
-161, 17
-161, -22
-159, -28
-170, -13
-141, 78
-26, 185
89, 135
78, -63
-9, -161
-4, -32
77, 142
36, 157
-153, 53
-250, -30
-147, -68
-60, -85
-157, -38
-246, 71
-97, 129
144, 79
161, 13
-41, 1
-160, -21
-55, -91
113, -115
173, -31
145, 72
117, 106
119, 110
143, 103
161, 11
115, -141
-1, -161
-92, 10
-80, 140
-21, 30
13, -161
63, -151
156, 40
185, 163
84, 138
10, 103
109, 119
237, 79
153, -53
-68, -147
-126, -101
27, 22
121, 107
1, 106
-159, 31
-167, -73
-78, -141
-28, -154
-35, -158
-65, -166
-126, -101
-168, 48
-92, 133
74, 45
147, -68
42, -12
-105, 123
-147, 86
-104, -124
-47, -241
13, -161
46, -89
-18, -160
-137, -204
-154, -48
-40, 159
41, 156
-2, -34
-33, -158
56, -85
145, 70
97, 158
-22, 160
-77, 140
-68, 147
-41, 171
39, 157
156, 64
154, -49
-24, -81
-157, -36
-48, -16
158, -33
176, 22
5, 161
-119, 219
-110, 119
-84, 41
-85, 137
-27, 245
91, 133
137, -99
66, -147
-27, 28
-74, 144
-90, 31
-68, -146
18, -184
119, -110
156, -60
145, -70
134, -106
70, -145
-72, -149
-150, -61
-41, 78
97, 129
33, 42
-142, -77
-127, -130
101, -126
239, -90
160, -19
83, 24
154, -48
187, -169
19, -160
-176, -15
-147, 68
46, -4
150, -59
80, 36
-45, 155
-128, 126
-161, 3
-163, -59
-155, -45
-163, -11
-149, 61
-54, 159
70, 145
90, -30
15, -161
-3, -53
53, 153
13, 181
-160, 25
-244, -96
-131, -95
-38, -74
-146, -70
-259, -4
-123, 104
125, 131
153, 51
-43, -29
-150, -60
-26, -82
140, -81
172, -2
119, 110
84, 155
81, 140
102, 121
150, 60
157, -77
51, -153
-93, -41
-123, 104
-28, 40
70, -146
112, -137
131, 95
112, 240
25, 160
-33, 79
53, 153
186, 187
161, 15
-1, -181
-70, -145
17, 51
61, 149
-48, 76
-155, -45
-114, -123
-3, -161
47, -167
45, -155
25, -158
-59, -150
-171, -61
-147, 68
41, 95
160, 19
41, -7
-154, 48
-169, 11
-19, -160
94, -245
101, -126
88, -30
77, -142
6, -263
-97, -129
-126, 122
-61, 150
20, -46
70, -145
96, -15
70, 145
-23, 167
-119, 110
-149, 76
-146, 68
-142, 86
-74, 144
74, 168
147, 66
38, -93
-91, -133
-25, -27
137, 85
112, 122
-110, 119
-240, 87
-161, 5
-87, -48
-158, 33
-198, 165
-36, 157
167, 18
154, -49
-41, 14
-157, 39
-80, -64
68, -147
151, -88
160, 22
146, 68
145, 70
163, 56
158, -33
78, -163
-41, -156
-89, 28
-48, 154
-13, 37
-18, -160
33, -163
161, 13
209, 135
104, 124
23, 97
123, 105
245, 56
147, -68
-80, -144
-133, -92
29, 24
126, 101
5, 102
-158, 35
-168, -67
-78, -141
-26, -158
-31, -159
-60, -164
-121, -107
-170, 34
-101, 126
68, 56
153, -53
44, -12
-119, 109
-159, 69
-84, -138
-6, -249
40, -156
59, -75
13, -161
-89, -232
-140, -80
-78, 149
1, 161
10, -38
11, -161
74, -62
119, 110
48, 176
-72, 145
-122, 111
-113, 115
-94, 142
-21, 160
117, 121
161, 13
15, -88
-129, -97
-41, -30
157, 38
153, 93
-68, 147
-211, 143
-153, 53
-88, -8
-142, 77
-152, 202
9, 161
175, -16
135, -89
-44, 12
-141, 78
-85, -29
28, -159
116, -135
161, -17
167, 43
158, 34
163, 4
147, -68
48, -164
-74, -144
-90, 34
-14, 161
3, 51
-50, -154
-7, -179
160, -18
239, 106
124, 103
31, 80
139, 82
259, 26
134, -91
-111, -142
-145, -70
40, 32
139, 82
11, 88
-152, 56
-168, -32
-96, -130
-53, -166
-49, -154
-71, -144
-132, -94
-173, 39
-88, 135
81, 61
147, -67
36, -27
-110, 119
-145, 93
-94, -131
-30, -260
30, -159
62, -66
5, -161
-108, -239
-144, -74
-65, 164
7, 161
2, -50
6, -161
80, -52
120, 108
43, 164
-70, 145
-115, 124
-113, 115
-102, 130
-22, 160
122, 135
161, 17
10, -100
-126, -101
-34, -20
155, 44
142, 88
-75, 143
-212, 144
-155, 44
-94, -25
-147, 68
-159, 203
-3, 161
169, -14
142, -77
-39, 20
-148, 65
-88, -49
45, -155
136, -110
161, 1
154, 51
153, 53
168, 37
154, -48
64, -167
-53, -153
-88, 33
-38, 157
-11, 39
-25, -160
28, -166
161, 9
211, 134
104, 123
23, 96
122, 106
243, 63
149, -63
-74, -149
-128, -98
27, 28
119, 110
-2, 100
-160, 21
-162, -81
-63, -149
-7, -162
-11, -161
-39, -169
-104, -123
-172, 6
-120, 108
57, 68
160, -25
47, -5
-138, 84
-171, 38
-53, -153
51, -246
75, -143
73, -57
53, -153
-25, -249
-114, -115
-118, 124
-45, 155
23, -35
59, -150
87, -34
77, 142
-10, 180
-116, 112
-156, 65
-147, 68
-137, 96
-79, 141
59, 159
143, 75
51, -77
-79, -141
-28, -42
126, 101
101, 148
-125, 102
-256, 36
-160, -22
-71, -50
-161, 1
-234, 107
-70, 145
164, 70
161, -9
-48, -10
-161, -6
-53, -72
109, -119
166, -48
144, 74
118, 127
111, 117
127, 100
159, 30
140, -106
26, -159
-97, -25
-110, 119
-24, 40
57, -151
103, -141
135, 88
119, 233
27, 159
-34, 83
49, 154
179, 191
160, 24
12, -177
-56, -152
12, 49
40, 156
-60, 72
-145, -70
-87, -146
30, -159
81, -149
82, -139
67, -150
-15, -161
-148, -105
-160, 18
10, 99
144, 73
38, 13
-161, -14
-156, -62
49, -154
186, -176
147, -68
96, 11
136, -87
132, -222
-17, -161
-167, 33
-132, 92
37, -23
141, -78
92, 40
-32, 158
-127, 120
-161, 9
-157, -43
-155, -46
-169, -29
-153, 53
-60, 168
56, 152
87, -33
38, -157
11, -40
23, 160
-31, 166
-161, -13
-206, -142
-99, -128
-18, -96
-115, -113
-238, -80
-153, 52
61, 156
119, 110
-24, -31
-106, -121
13, -98
161, -1
151, 99
42, 156
-17, 163
-13, 161
13, 171
82, 139
169, 25
138, -84
-42, -80
-161, -7
-48, -3
153, -53
176, -1
17, 161
-109, 229
-107, 121
-84, 35
-90, 134
-43, 249
78, 141
150, -88
87, -136
-34, 29
-101, 126
-92, 4
-29, -159
66, -165
147, -68
170, -10
161, -13
160, -40
124, -104
5, -172
-105, -123
-79, 54
18, 160
12, 48
-75, -143
-34, -174
156, -41
250, 74
135, 89
39, 78
145, 70
260, 8
129, -97
-115, -136
-147, -68
40, 29
138, 84
8, 91
-154, 49
-165, -44
-86, -137
-39, -167
-33, -158
-52, -154
-118, -110
-178, 15
-110, 119
70, 72
157, -37
39, -17
-133, 91
-162, 53
-57, -151
39, -256
74, -144
81, -48
55, -152
-26, -259
-110, -119
-117, 128
-53, 152
18, -43
70, -145
97, -17
63, 149
-36, 169
-129, 97
-156, 53
-155, 46
-156, 65
-101, 126
37, 176
127, 100
59, -75
-48, -154
-12, -38
100, 127
57, 158
-147, 68
-251, -22
-148, -64
-60, -77
-155, -45
-250, 41
-112, 116
127, 110
155, 45
-37, -16
-149, -62
-29, -95
145, -70
177, 28
103, 124
53, 154
53, 153
79, 153
130, 95
167, -43
95, -131
-70, -57
-152, 54
-45, 14
123, -104
163, -62
72, 145
-22, 252
-60, 150
-69, 61
-42, 156
40, 249
119, 110
114, -129
42, -156
-23, 37
-60, 150
-88, 30
-72, -145
19, -177
123, -104
161, -54
152, -54
146, -79
95, -131
-36, -168
-130, -95
-64, 70
53, 153
21, 45
-103, -124
-68, -164
145, -70
259, 25
149, 62
53, 70
155, 45
257, -35
112, -116
-134, -117
-155, -45
44, 23
148, 64
20, 89
-147, 68
-170, -25
-100, -127
-55, -162
-48, -154
-66, -149
-127, -100
-176, 30
-101, 126
74, 67
155, -46
38, -18
-129, 97
-160, 60
-63, -149
31, -257
70, -145
80, -49
53, -152
-27, -258
-110, -119
-118, 126
-55, 152
19, -42
74, -144
97, -15
57, 151
-44, 168
-133, 91
-159, 43
-157, 37
-160, 55
-110, 119
23, 178
118, 110
66, -68
-33, -158
-8, -40
86, 137
38, 165
-154, 49
-246, -55
-138, -84
-49, -84
-147, -68
-252, 2
-129, 97
107, 130
145, 70
-32, -24
-135, -89
-11, -98
156, -41
169, 62
75, 143
18, 163
18, 160
43, 165
105, 123
172, -1
124, -104
-53, -74
-161, 13
-48, 3
147, -68
175, -17
29, 159
-94, 237
-101, 126
-82, 37
-87, 136
-40, 250
78, 141
151, -88
90, -134
-35, 29
-107, 121
-91, -3
-17, -161
79, -158
153, -53
171, 7
161, 7
163, -17
138, -84
33, -170
-82, -139
-88, 40
-13, 161
2, 48
-42, -156
6, -175
161, -1
224, 133
106, 121
15, 88
119, 110
246, 84
153, -52
-66, -164
-115, -113
29, 40
99, 128
-28, 89
-161, -13
-133, -108
-23, -160
33, -166
38, -157
23, -163
-56, -152
-167, -66
-153, 53
29, 95
155, 46
40, 8
-161, 9
-163, -42
32, -158
170, -191
141, -78
96, 4
132, -92
128, -222
-17, -161
-167, 28
-136, 87
38, -19
147, -68
88, 47
-49, 154
-142, 105
-161, -14
-147, -70
-144, -73
-161, -60
-160, 18
-97, 147
15, 161
92, -5
82, -139
24, -37
-30, 159
-88, 148
-145, -70
-135, -212
-40, -156
21, -92
-56, -152
-175, -181
-160, -24
-23, 169
49, 154
-2, -42
-27, -159
61, -72
135, 88
70, 165
-57, 151
-115, 123
-110, 119
-94, 138
-26, 159
107, 134
159, 30
28, -90
-111, -117
-36, -34
144, 74
124, 126
-109, 119
-249, 69
-161, -6
-75, -47
-161, 9
-231, 115
-70, 145
162, 72
161, -1
-48, -11
-160, -22
-43, -80
125, -102
171, -16
126, 101
89, 146
79, 141
95, 133
143, 75
168, -60
79, -141
-83, -54
-147, 68
-36, 23
116, -112
153, -76
77, 142
-9, 258
-59, 150
-76, 55
-45, 155
39, 256
114, 115
115, -128
53, -153
-19, 41
-75, 143
-97, 14
-53, -153
50, -167
138, -84
161, -32
160, -25
165, -43
120, -108
-5, -178
-104, -123
-73, 58
11, 161
1, 42
-63, -149
-9, -170
160, -21
230, 102
119, 110
31, 91
128, 98
245, 58
149, -63
-70, -154
-122, -106
24, 33
104, 123
-17, 95
-161, -9
-142, -110
-25, -160
39, -161
38, -157
17, -168
-53, -153
-159, -65
-154, 48
18, 91
153, 53
47, 15
-161, -1
-167, -59
45, -155
193, -170
148, -65
88, 9
142, -77
160, -201
3, -161
-176, 1
-147, 68
47, -8
155, -44
73, 55
-75, 143
-152, 83
-155, -44
-137, -103
-126, -101
-138, -87
-161, -17
-133, 116
-22, 160
97, 22
113, -115
26, -35
-70, 145
-118, 125
-120, -108
-77, -247
6, -161
54, -76
-7, -161
-117, -232
-144, -74
-71, 158
-5, 161
7, -46
30, -159
89, -40
94, 131
-2, 174
-110, 119
-147, 75
-147, 67
-147, 83
-88, 135
49, 172
132, 94
57, -75
-49, -154
-12, -40
96, 130
48, 163
-152, 56
-247, -49
-139, -82
-49, -83
-145, -70
-252, -8
-134, 91
98, 138
139, 82
-30, -28
-124, -103
1, -97
160, -18
158, 86
50, 154
-14, 165
-14, 161
7, 169
74, 144
166, 43
147, -68
-29, -87
-158, -34
-48, -10
161, -17
172, 41
-28, 159
-175, 188
-141, 78
-89, -1
-135, 89
-143, 213
9, 161
176, -13
142, -77
-46, 11
-153, 53
-75, -51
68, -147
148, -90
157, 38
141, 98
129, 97
140, 83
161, 13
132, -118
21, -160
-97, -21
-113, 115
-27, 35
72, -145
120, -123
119, 110
71, 249
-11, 161
-56, 75
1, 161
107, 236
140, 80
78, -154
13, -161
-9, 45
-40, 156
-92, 35
-84, -138
15, -173
119, -109
152, -62
153, -53
155, -70
101, -126
-31, -175
-121, -107
-65, 67
31, 159
7, 42
-78, -141
-26, -169
158, -35
237, 84
126, 101
36, 88
133, 92
247, 49
147, -68
-73, -153
-123, -105
24, 34
104, 124
-18, 94
-161, -13
-139, -114
-18, -160
47, -160
48, -154
29, -166
-41, -156
-152, -80
-158, 33
8, 93
145, 70
45, 20
-160, -22
-157, -81
68, -147
218, -138
157, -39
85, 25
154, -49
197, -166
36, -157
-173, -36
-158, 33
48, 2
161, -5
56, 73
-110, 119
-168, 38
-137, -85
-103, -136
-91, -133
-104, -126
-147, -66
-165, 69
-74, 144
84, 52
146, -68
36, -22
-119, 110
-155, 70
-70, -145
25, -256
70, -145
81, -49
61, -150
-8, -257
-97, -129
-132, 109
-77, 142
25, -36
101, -126
99, 5
19, 160
-88, 153
-154, 48
-163, -12
-160, -19
-171, -4
-147, 68
-49, 169
59, 150
88, -29
45, -155
15, -42
3, 161
-58, 163
-155, -45
-167, -190
-61, -149
10, -93
-70, -145
-189, -167
-161, -15
-16, 171
53, 153
-2, -43
-25, -160
63, -69
131, 95
59, 168
-70, 146
-127, 112
-123, 104
-113, 122
-51, 153
81, 152
150, 60
47, -83
-81, -140
-27, -39
119, 110
84, 154
-140, 81
-259, -12
-150, -60
-52, -73
-153, -51
-259, 18
-123, 104
118, 131
146, 70
-39, -29
-131, -95
3, -94
160, -25
153, 78
53, 153
-5, 168
-15, 161
-2, 166
70, 145
172, 52
149, -61
-32, -92
-155, -45
-40, -10
161, -3
160, 54
-45, 155
-189, 170
-150, 59
-95, -17
-147, 68
-169, 190
-19, 160
168, 16
154, -48
-41, 5
-160, 19
-69, -71
101, -126
172, -47
142, 77
103, 128
97, 129
117, 124
150, 61
155, -76
70, -145
-78, -48
-145, 70
-43, 19
119, -110
163, -66
68, 146
-37, 253
-74, 144
-75, 50
-66, 147
-10, 255
91, 133
145, -99
85, -137
-35, 31
-110, 119
-91, -10
-5, -161
94, -147
158, -33
168, 31
157, 36
162, 21
154, -49
78, -158
-39, -157
-98, 13
-68, 147
-14, 42
22, -160
77, -154
145, 70
137, 219
33, 158
-35, 86
41, 156
159, 205
154, 48
45, -167
-18, -160
-1, 46
-13, 161
-85, 49
-104, -124
-9, -174
105, -123
145, -78
147, -68
148, -83
92, -133
-41, -172
-126, -101
-63, 69
35, 158
7, 42
-78, -141
-24, -170
159, -31
234, 94
121, 107
31, 90
126, 101
242, 71
153, -53
-55, -162
-109, -119
19, 38
84, 138
-33, 89
-156, -40
-116, -136
13, -161
80, -148
80, -140
66, -153
-1, -161
-126, -117
-161, -11
-19, 93
119, 110
37, 31
-145, -72
-123, -126
113, -115
253, -55
160, 21
69, 57
161, 13
247, -77
97, -129
-143, -103
-157, -38
44, 21
147, 68
15, 93
-153, 53
-164, -50
-77, -142
-21, -167
-9, -161
-21, -165
-89, -135
-177, -30
-141, 78
41, 88
159, 28
41, 6
-161, 17
-164, -41
34, -158
178, -181
147, -68
95, 12
144, -74
162, -196
14, -161
-169, -13
-154, 50
41, -5
160, -18
68, 71
-103, 124
-174, 42
-139, -82
-97, -133
-91, -134
-110, -130
-145, -70
-160, 64
-82, 139
73, 55
152, -56
45, -16
-130, 96
-170, 47
-49, -154
71, -246
94, -132
82, -37
88, -135
52, -251
-67, -147
-160, 72
-110, 119
40, -25
131, -94
87, 30
-30, 159
-125, 121
-161, -5
-156, -70
-144, -74
-151, -62
-161, 7
-118, 133
-6, 161
98, 14
108, -120
26, -35
-70, 145
-121, 120
-115, -113
-58, -251
22, -160
63, -71
17, -161
-76, -246
-126, -101
-103, 137
-44, 155
18, -40
75, -143
98, -13
44, 155
-65, 164
-147, 68
-164, 7
-161, -3
-170, 11
-142, 77
-41, 170
65, 148
87, -30
45, -155
15, -43
-1, 161
-65, 161
-153, -53
-153, -202
-48, -154
20, -90
-53, -153
-166, -192
-157, -38
-43, 168
25, 160
7, -44
9, -161
77, -52
104, 123
15, 176
-106, 122
-154, 73
-149, 63
-144, 79
-98, 128
24, 173
119, 110
75, -62
-21, -160
-10, -45
63, 149
11, 173
-161, 11
-227, -126
-104, -123
-10, -91
-108, -120
-234, -113
-160, 25
31, 171
84, 138
-18, -43
-53, -153
59, -77
143, 75
73, 157
-53, 153
-108, 125
-115, 114
-112, 127
-45, 155
93, 152
150, 59
40, -85
-77, -142
-18, -39
112, 116
65, 158
-147, 68
-250, -38
-141, -79
-48, -81
-143, -75
-251, -24
-141, 79
81, 150
126, 101
-24, -35
-102, -125
22, -92
160, 22
129, 123
1, 161
-68, 154
-70, 145
-57, 156
9, 161
130, 113
161, 6
17, -94
-119, -109
-37, -30
144, 74
119, 129
-117, 111
-256, 44
-159, -30
-64, -63
-159, -26
-253, 55
-110, 119
131, 118
151, 57
-41, -25
-135, -88
0, -95
159, -27
153, 80
49, 154
-12, 167
-24, 160
-16, 166
56, 152
165, 70
156, -40
-17, -95
-145, -70
-37, -19
159, 30
144, 90
-82, 139
-226, 113
-161, 15
-86, -42
-160, 18
-222, 122
-73, 144
150, 78
161, 14
-39, -14
-154, -49
-32, -91
147, -68
175, 37
87, 136
24, 165
17, 161
35, 165
92, 132
170, 27
141, -78
-33, -88
-158, -32
-48, -9
161, -9
168, 52
-46, 155
-200, 164
-153, 53
-87, -21
-152, 56
-194, 171
-38, 157
172, 41
160, -23
-48, -4
-161, -13
-45, -82
128, -99
172, -3
115, 113
67, 155
52, 153
62, 154
119, 110
179, -11
121, -106
-58, -78
-161, 1
-41, 1
156, -42
168, 17
-13, 161
-156, 201
-139, 82
-96, -3
-138, 84
-150, 205
-7, 161
169, 8
153, -53
-41, 5
-161, 17
-66, -72
107, -121
176, -35
134, 90
87, 141
78, 141
95, 140
136, 87
167, -41
101, -126
-63, -68
-159, 29
-48, 8
147, -68
176, -11
13, 161
-128, 223
-124, 104
-88, 12
-123, 105
-123, 226
18, 160
175, -19
143, -75
-47, 11
-156, 41
-69, -62
89, -135
162, -59
145, 70
113, 127
97, 129
107, 126
147, 68
167, -64
84, -138
-79, -58
-154, 49
-39, 14
137, -86
166, -33
33, 158
-93, 237
-110, 118
-93, 23
-110, 119
-89, 239
37, 157
165, -38
133, -91
-38, 16
-151, 57
-82, -54
74, -144
162, -76
152, 55
118, 115
110, 119
126, 114
152, 53
153, -79
70, -145
-77, -51
-149, 63
-45, 18
129, -97
170, -47
46, 155
-80, 244
-101, 126
-84, 30
-100, 127
-78, 245
48, 154
169, -50
127, -100
-44, 19
-147, 68
-79, -48
64, -148
149, -86
155, 45
132, 107
116, 112
125, 107
155, 45
156, -87
62, -149
-86, -47
-145, 70
-37, 19
124, -103
160, -55
53, 153
-62, 247
-95, 130
-90, 33
-95, 131
-62, 247
54, 152
160, -56
123, -104
-37, 20
-145, 72
-87, -46
60, -150
154, -90
156, 42
127, 105
119, 110
134, 104
156, 42
147, -90
60, -150
-80, -46
-145, 72
-44, 20
123, -104
167, -56
54, 152
-69, 248
-95, 131
-83, 33
-95, 130
-69, 248
53, 153
167, -55
124, -103
-44, 20
-145, 70
-79, -47
62, -149
149, -87
155, 45
132, 107
116, 112
125, 108
155, 45
157, -86
64, -148
-86, -48
-147, 68
-37, 18
127, -100
162, -50
48, 154
-71, 245
-100, 127
-91, 30
-101, 126
-73, 244
46, 155
163, -47
129, -97
-38, 17
-149, 63
-84, -51
70, -145
160, -79
152, 53
119, 115
110, 119
125, 115
152, 55
155, -76
74, -144
-75, -54
-151, 57
-45, 16
133, -91
172, -38
37, 157
-96, 239
-110, 119
-86, 23
-110, 118
-100, 237
33, 158
173, -33
137, -86
-46, 14
-154, 49
-72, -59
84, -138
160, -63
147, 68
114, 125
97, 129
106, 127
145, 70
169, -59
89, -135
-76, -61
-156, 41
-40, 11
143, -75
168, -18
18, 160
-116, 226
-123, 105
-95, 12
-124, 104
-121, 223
13, 161
169, -11
147, -68
-40, 8
-159, 29
-71, -67
101, -126
174, -41
136, 87
88, 140
78, 141
94, 140
134, 90
168, -34
107, -121
-59, -72
-161, 17
-48, 5
153, -53
176, 7
-7, 161
-157, 205
-138, 84
-89, -3
-139, 82
-163, 201
-13, 161
176, 17
156, -42
-48, 1
-161, 1
-51, -79
121, -106
172, -10
119, 110
69, 153
52, 153
60, 155
115, 113
179, -3
128, -99
-52, -82
-161, -13
-41, -5
160, -23
164, 41
-38, 157
-187, 170
-152, 56
-94, -20
-153, 53
-193, 164
-46, 155
161, 53
161, -9
-40, -9
-158, -32
-40, -87
141, -78
177, 26
92, 132
27, 165
17, 161
31, 164
87, 136
168, 37
147, -68
-25, -91
-154, -49
-46, -14
161, 14
158, 78
-73, 144
-229, 122
-160, 18
-79, -42
-161, 15
-234, 113
-82, 139
151, 90
159, 30
-44, -18
-145, -70
-10, -95
156, -40
158, 70
56, 152
-8, 166
-24, 160
-19, 167
49, 154
160, 79
159, -27
-7, -94
-135, -88
-34, -26
151, 57
124, 118
-110, 119
-246, 55
-159, -26
-71, -62
-159, -30
-249, 43
-117, 111
112, 129
144, 74
-30, -31
-119, -109
10, -93
161, 6
137, 113
9, 161
-64, 157
-70, 145
-61, 154
1, 161
122, 124
160, 22
29, -93
-102, -125
-31, -34
126, 101
88, 150
-141, 79
-258, -24
-143, -75
-41, -82
-141, -79
-257, -37
-147, 68
72, 158
112, 116
-26, -38
-77, -142
47, -85
150, 59
86, 152
-45, 155
-105, 126
-115, 114
-116, 125
-53, 153
80, 157
143, 75
51, -77
-53, -153
-11, -43
84, 138
24, 171
-160, 25
-227, -113
-108, -120
-17, -91
-104, -123
-220, -126
-161, 11
4, 174
63, 149
-3, -45
-21, -160
68, -62
119, 110
31, 172
-98, 128
-151, 79
-149, 63
-147, 73
-106, 122
8, 176
104, 123
84, -52
9, -161
0, -44
25, 160
-36, 167
-157, -38
-173, -191
-53, -153
27, -90
-48, -154
-160, -202
-153, -53
-58, 161
-1, 161
8, -42
45, -155
94, -30
65, 148
-48, 171
-142, 77
-163, 11
-161, -3
-171, 7
-147, 68
-58, 164
44, 155
91, -13
75, -143
25, -40
-44, 155
-110, 137
-126, -101
-69, -247
17, -161
56, -70
22, -160
-51, -251
-115, -113
-128, 121
-70, 145
33, -35
108, -120
91, 14
-6, 161
-111, 132
-161, 7
-158, -62
-144, -74
-149, -70
-161, -5
-132, 121
-30, 159
94, 29
131, -94
33, -24
-110, 119
-153, 72
-67, -147
45, -250
88, -135
89, -37
94, -132
64, -246
-49, -154
-163, 47
-130, 96
38, -15
152, -56
80, 55
-82, 139
-167, 64
-145, -70
-102, -130
-91, -134
-104, -132
-139, -82
-167, 42
-103, 124
61, 71
160, -18
48, -5
-154, 50
-176, -12
14, -161
169, -196
144, -74
88, 12
147, -68
185, -182
34, -158
-171, -41
-161, 17
48, 6
159, 28
34, 88
-141, 78
-170, -30
-89, -135
-28, -164
-9, -161
-14, -167
-77, -142
-171, -50
-153, 53
22, 92
147, 68
37, 21
-157, -38
-136, -103
97, -129
240, -77
161, 13
76, 57
160, 21
246, -55
113, -115
-116, -126
-145, -72
30, 31
119, 110
-12, 93
-161, -11
-133, -117
-1, -161
73, -153
80, -140
73, -148
13, -161
-109, -136
-156, -40
-40, 89
84, 138
26, 37
-109, -119
-62, -161
153, -53
249, 71
126, 101
23, 90
121, 107
241, 94
159, -31
-31, -169
-78, -141
14, 42
35, 158
-70, 70
-126, -101
-34, -173
92, -133
141, -83
147, -68
152, -78
105, -123
-16, -174
-104, -124
-77, 49
-13, 161
-8, 46
-18, -160
52, -167
154, 48
152, 205
41, 156
-28, 86
33, 158
130, 220
145, 70
84, -154
22, -160
-21, 43
-68, 147
-91, 13
-39, -157
71, -158
154, -49
169, 20
157, 36
161, 32
158, -33
102, -147
-5, -161
-98, -9
-110, 119
-28, 31
85, -137
138, -98
91, 133
-3, 254
-66, 147
-82, 50
-74, 144
-30, 252
68, 146
156, -66
119, -110
-36, 19
-145, 70
-85, -48
70, -145
162, -76
150, 61
110, 124
97, 129
110, 128
142, 77
165, -46
101, -126
-62, -71
-160, 19
-48, 6
154, -48
176, 15
-19, 160
-176, 191
-147, 68
-88, -17
-150, 59
-196, 170
-45, 155
167, 54
161, -3
-47, -10
-155, -45
-24, -93
149, -61
165, 52
70, 145
5, 166
-15, 161
-12, 169
53, 153
160, 77
160, -25
-4, -94
-131, -95
-32, -29
146, 70
111, 131
-123, 104
-252, 18
-153, -51
-59, -72
-150, -60
-252, -12
-140, 81
77, 155
119, 110
-20, -40
-81, -140
40, -83
150, 60
89, 152
-51, 153
-120, 122
-123, 104
-120, 111
-70, 146
52, 168
131, 95
70, -69
-25, -160
-9, -43
53, 153
-8, 171
-161, -15
-196, -167
-70, -145
18, -93
-61, -149
-174, -189
-155, -45
-51, 162
3, 161
8, -42
45, -155
95, -29
59, 150
-57, 169
-147, 68
-164, -4
-160, -19
-170, -11
-154, 48
-81, 152
19, 160
92, 5
101, -126
33, -36
-77, 142
-139, 109
-97, -129
-1, -258
61, -150
74, -49
70, -145
32, -256
-70, -145
-162, 70
-119, 110
43, -22
146, -68
77, 52
-74, 144
-157, 68
-147, -66
-111, -126
-91, -133
-96, -137
-137, -85
-175, 38
-110, 119
63, 73
161, -5
41, 2
-158, 33
-166, -36
36, -157
190, -166
154, -49
92, 25
157, -39
211, -138
68, -147
-150, -81
-160, -22
37, 20
145, 70
15, 93
-158, 33
-159, -79
-41, -156
36, -166
48, -154
40, -160
-18, -160
-131, -114
-161, -13
-25, 95
104, 124
31, 33
-123, -105
-80, -153
147, -68
254, 49
133, 92
29, 89
126, 101
245, 84
158, -35
-33, -168
-78, -141
14, 42
31, 159
-72, 68
-121, -107
-24, -175
101, -126
148, -69
153, -53
160, -62
119, -109
8, -173
-84, -138
-84, 35
-40, 156
-16, 45
13, -161
85, -154
140, 80
100, 236
1, 161
-49, 74
-11, 161
64, 249
119, 110
127, -123
72, -145
-34, 35
-113, 115
-90, -22
21, -160
124, -118
161, 13
147, 83
129, 97
133, 98
157, 38
155, -90
68, -147
-83, -51
-153, 53
-39, 11
142, -77
169, -13
9, 161
-136, 213
-135, 89
-96, 0
-141, 78
-168, 188
-28, 159
165, 41
161, -17
-41, -10
-158, -34
-37, -87
147, -68
173, 43
74, 144
0, 169
-14, 161
-6, 165
50, 154
151, 86
160, -18
8, -97
-124, -103
-37, -28
139, 82
105, 138
-134, 91
-259, -8
-145, -70
-41, -83
-139, -82
-254, -49
-152, 56
55, 163
96, 130
-19, -40
-49, -154
64, -75
132, 94
42, 172
-88, 135
-140, 83
-147, 67
-154, 75
-110, 119
6, 173
94, 131
82, -40
30, -159
14, -46
-5, 161
-78, 158
-144, -74
-110, -232
-7, -161
46, -76
6, -161
-69, -248
-120, -108
-125, 125
-70, 145
34, -36
113, -115
90, 23
-22, 160
-126, 116
-161, -17
-145, -86
-126, -101
-130, -103
-155, -44
-159, 84
-75, 143
80, 55
155, -44
40, -8
-147, 68
-169, 0
3, -161
153, -200
142, -77
95, 8
148, -65
186, -170
45, -155
-160, -59
-161, -1
39, 15
153, 53
25, 90
-154, 48
-166, -65
-53, -153
24, -168
38, -157
32, -161
-25, -160
-135, -110
-161, -9
-24, 95
104, 123
31, 33
-122, -106
-77, -154
149, -63
252, 58
128, 98
24, 91
119, 110
237, 102
160, -21
-16, -170
-63, -149
9, 42
11, 161
-80, 59
-104, -123
2, -178
120, -108
158, -42
160, -25
168, -33
138, -84
43, -167
-53, -153
-90, 14
-75, 143
-26, 41
53, -153
122, -129
114, 115
32, 256
-45, 155
-69, 55
-59, 150
-16, 258
77, 142
160, -77
116, -112
-43, 23
-147, 68
-76, -55
79, -141
160, -60
143, 75
102, 133
79, 141
81, 147
126, 101
178, -17
125, -102
-51, -80
-160, -22
-41, -11
161, -1
155, 72
-70, 145
-224, 115
-161, 9
-82, -47
-161, -6
-242, 69
-109, 119
117, 127
144, 74
-29, -34
-111, -117
21, -89
159, 30
114, 133
-26, 159
-102, 138
-110, 119
-107, 122
-57, 151
63, 165
135, 88
68, -73
-27, -159
-9, -42
49, 154
-16, 169
-160, -24
-182, -180
-56, -152
28, -92
-40, -156
-143, -212
-145, -70
-81, 148
-30, 159
17, -37
82, -139
99, -5
15, 161
-104, 147
-160, 18
-154, -60
-144, -73
-154, -70
-161, -14
-135, 105
-49, 154
81, 47
147, -68
45, -20
-136, 87
-174, 28
-17, -161
135, -223
132, -92
89, 4
141, -78
177, -191
32, -158
-170, -42
-161, 9
47, 7
155, 46
22, 95
-153, 53
-160, -66
-56, -152
16, -163
38, -157
40, -166
-23, -160
-140, -108
-161, -13
-20, 89
99, 128
22, 40
-115, -113
-59, -164
153, -52
239, 84
119, 110
22, 88
106, 121
217, 133
161, -1
13, -176
-42, -156
-5, 48
-13, 161
-81, 40
-82, -139
26, -170
138, -84
170, -17
161, 7
164, 7
153, -53
86, -158
-17, -161
-98, -3
-107, 121
-28, 29
90, -134
144, -87
78, 141
-33, 250
-87, 136
-90, 37
-101, 126
-87, 236
29, 159
168, -17
147, -68
-41, 3
-161, 13
-60, -74
124, -104
179, -2
105, 123
36, 166
18, 160
25, 163
75, 143
162, 62
156, -41
-4, -98
-135, -89
-40, -23
145, 70
114, 130
-129, 97
-259, 2
-147, -68
-42, -84
-138, -84
-253, -55
-154, 49
45, 164
86, 137
-15, -40
-33, -158
73, -69
118, 110
16, 178
-110, 119
-153, 55
-157, 37
-166, 43
-133, 91
-37, 167
57, 151
90, -14
74, -144
26, -42
-55, 152
-125, 127
-110, -119
-20, -258
53, -152
73, -49
70, -145
39, -257
-63, -149
-167, 60
-129, 97
46, -19
155, -46
67, 67
-101, 126
-169, 30
-127, -100
-73, -148
-48, -154
-48, -163
-100, -127
-177, -24
-147, 68
28, 89
148, 64
36, 24
-155, -45
-127, -117
112, -116
250, -35
155, 45
60, 69
149, 62
252, 25
145, -70
-61, -164
-103, -124
14, 45
53, 153
-57, 70
-130, -95
-43, -167
95, -131
153, -79
152, -54
154, -53
123, -104
26, -178
-72, -145
-95, 30
-60, 150
-16, 37
42, -156
107, -129
119, 110
47, 249
-42, 156
-76, 62
-60, 150
-15, 252
72, 145
156, -62
123, -104
-38, 14
-152, 54
-77, -57
95, -131
174, -44
130, 95
72, 153
53, 153
60, 154
103, 124
170, 28
145, -70
-22, -96
-149, -62
-44, -16
155, 45
134, 109
-112, 116
-257, 42
-155, -45
-53, -77
-148, -64
-258, -22
-147, 68
64, 158
100, 127
-20, -38
-48, -154
66, -75
127, 100
30, 176
-101, 126
-149, 65
-155, 46
-163, 53
-129, 97
-29, 168
63, 149
89, -17
70, -145
26, -43
-53, 152
-124, 128
-110, -119
-19, -259
55, -152
74, -47
74, -144
46, -256
-57, -151
-169, 53
-133, 91
46, -17
157, -37
63, 72
-110, 119
-171, 15
-118, -110
-59, -154
-33, -158
-31, -168
-86, -137
-172, -44
-154, 49
16, 90
138, 84
33, 30
-147, -68
-108, -136
129, -97
252, 8
145, 70
46, 78
135, 89
243, 74
156, -41
-27, -174
-75, -143
4, 48
18, 160
-72, 54
-105, -123
-2, -171
124, -104
167, -40
161, -13
163, -10
147, -68
73, -166
-29, -159
-99, 4
-101, 126
-27, 29
87, -136
143, -88
78, 141
-36, 249
-90, 134
-91, 35
-107, 121
-102, 229
17, 161
169, -1
153, -53
-41, -3
-161, -7
-49, -79
138, -84
177, 25
82, 139
6, 171
-13, 161
-10, 162
42, 156
144, 100
161, -1
20, -98
-106, -121
-31, -31
119, 110
68, 156
-153, 52
-245, -80
-115, -113
-11, -96
-99, -128
-213, -142
-161, -13
-24, 166
23, 160
4, -40
38, -157
94, -33
56, 152
-67, 168
-153, 53
-162, -29
-155, -46
-164, -43
-161, 9
-120, 120
-32, 158
85, 41
141, -78
44, -24
-132, 92
-174, 33
-17, -161
139, -222
136, -87
89, 11
147, -68
194, -176
49, -154
-163, -61
-161, -14
45, 13
144, 73
3, 100
-160, 18
-141, -105
-15, -161
60, -150
82, -139
88, -149
30, -159
-94, -146
-145, -70
-53, 72
40, 156
5, 49
-56, -152
19, -177
160, 24
171, 192
49, 154
-27, 83
27, 159
112, 233
135, 88
110, -141
57, -151
-31, 40
-110, 119
-90, -25
26, -159
133, -106
159, 30
134, 99
111, 117
111, 127
144, 74
174, -49
109, -119
-60, -71
-161, -6
-41, -10
161, -9
156, 71
-70, 145
-227, 107
-161, 1
-78, -50
-160, -22
-249, 36
-125, 102
94, 148
126, 101
-21, -43
-79, -141
44, -77
143, 75
66, 159
-79, 141
-144, 96
-147, 68
-149, 64
-116, 112
-17, 180
77, 142
94, -34
59, -150
16, -35
-45, 155
-111, 124
-114, -115
-32, -249
53, -153
80, -57
75, -143
44, -246
-53, -153
-164, 37
-138, 84
40, -5
160, -25
64, 68
-120, 108
-179, 6
-104, -123
-32, -169
-11, -161
-14, -161
-63, -149
-155, -81
-160, 21
-10, 100
119, 110
34, 27
-128, -98
-81, -149
149, -63
250, 63
122, 106
15, 96
104, 123
219, 133
161, 9
21, -166
-25, -160
-4, 39
-38, 157
-95, 33
-53, -153
71, -168
154, -48
161, 37
153, 53
161, 50
161, 1
129, -110
45, -155
-81, -49
-148, 65
-46, 20
142, -77
176, -14
-3, 161
-166, 203
-147, 68
-87, -26
-155, 44
-219, 144
-75, 143
149, 87
155, 44
-41, -19
-126, -101
17, -100
161, 17
115, 136
-22, 160
-95, 129
-113, 115
-122, 124
-70, 145
50, 163
120, 108
73, -51
6, -161
9, -50
7, 161
-72, 165
-144, -74
-101, -240
5, -161
55, -66
30, -159
-23, -261
-94, -131
-153, 94
-110, 119
43, -28
147, -67
74, 61
-88, 135
-166, 39
-132, -94
-78, -144
-49, -154
-46, -166
-96, -130
-175, -32
-152, 56
18, 88
139, 82
33, 32
-145, -70
-103, -142
134, -91
252, 27
139, 82
39, 79
124, 103
232, 106
160, -18
0, -179
-50, -154
-4, 51
-14, 161
-83, 34
-74, -144
41, -163
147, -68
170, 4
158, 34
159, 44
161, -17
123, -135
28, -159
-92, -28
-141, 78
-37, 12
135, -89
168, -16
9, 161
-145, 202
-142, 77
-95, -8
-153, 53
-204, 143
-68, 147
146, 94
157, 38
-34, -30
-129, -97
8, -88
161, 13
124, 121
-21, 160
-101, 142
-113, 115
-115, 111
-72, 145
41, 177
119, 110
81, -62
11, -161
3, -37
1, 161
-71, 149
-140, -80
-97, -232
13, -161
66, -75
40, -156
-13, -249
-84, -138
-152, 69
-119, 109
37, -11
153, -53
76, 55
-101, 126
-177, 34
-121, -107
-53, -164
-31, -159
-33, -158
-78, -141
-161, -67
-158, 35
-2, 102
126, 101
36, 24
-133, -92
-88, -144
147, -68
252, 56
123, 105
16, 98
104, 124
217, 135
161, 13
26, -163
-18, -160
-6, 36
-48, 154
-97, 28
-41, -156
85, -163
158, -33
156, 56
145, 70
153, 68
160, 22
144, -88
68, -147
-73, -64
-157, 39
-48, 14
154, -49
175, 18
-36, 157
-205, 165
-158, 33
-80, -48
-161, 5
-247, 87
-110, 119
119, 121
137, 85
-32, -27
-91, -133
45, -93
147, 66
66, 169
-74, 144
-135, 86
-146, 68
-156, 76
-119, 110
-16, 167
70, 145
89, -15
70, -145
27, -46
-61, 150
-133, 123
-97, -129
13, -264
77, -142
81, -29
101, -126
101, -245
-19, -160
-177, 11
-154, 48
48, -7
160, 19
34, 96
-147, 68
-164, -61
-59, -150
17, -158
45, -155
54, -168
-3, -161
-121, -123
-155, -45
-41, 76
61, 149
9, 51
-70, -145
6, -181
161, 15
179, 188
53, 153
-26, 79
25, 160
104, 240
131, 95
119, -137
70, -146
-35, 40
-123, 104
-86, -41
51, -153
150, -76
150, 60
109, 121
81, 140
77, 155
119, 110
179, -2
140, -81
-33, -82
-150, -60
-36, -29
153, 51
118, 131
-123, 104
-252, -5
-146, -70
-45, -74
-131, -95
-237, -96
-160, 25
5, 182
53, 153
4, -54
15, -161
83, -30
70, 145
-47, 159
-149, 61
-170, -11
-155, -45
-156, -59
-161, 3
-135, 126
-45, 155
88, 36
150, -59
39, -3
-147, 68
-169, -15
19, -160
180, -168
154, -48
90, 23
160, -19
232, -89
101, -126
-120, -130
-142, -77
26, 43
97, 129
-34, 78
-150, -61
-79, -149
70, -145
141, -106
145, -70
148, -59
119, -110
25, -184
-68, -146
-97, 31
-74, 144
-20, 28
66, -147
130, -99
91, 133
-19, 245
-85, 137
-91, 41
-110, 119
-112, 218
5, 161
168, 23
158, -33
-40, -16
-157, -36
-31, -81
154, -49
163, 64
39, 157
-48, 171
-68, 147
-70, 140
-22, 160
90, 159
145, 70
63, -85
-33, -158
-9, -34
41, 156
-33, 159
-154, -48
-144, -204
-18, -160
53, -89
13, -161
-54, -240
-104, -124
-140, 86
-105, 123
35, -12
147, -68
81, 45
-92, 133
-176, 49
-126, -101
-58, -166
-35, -158
-36, -153
-78, -141
-160, -73
-159, 31
-6, 106
121, 107
35, 22
-126, -101
-75, -147
153, -53
244, 79
109, 119
3, 103
84, 138
192, 163
156, 40
56, -151
13, -161
-14, 29
-80, 140
-99, 10
-1, -161
123, -141
161, 11
136, 103
119, 110
124, 105
145, 72
166, -30
113, -115
-48, -91
-160, -21
-48, 2
161, 13
151, 79
-97, 129
-253, 71
-157, -38
-53, -85
-147, -68
-257, -29
-153, 53
43, 156
77, 142
-12, -32
-9, -161
85, -63
89, 135
-34, 185
-141, 78
-163, -14
-159, -28
-168, -22
-161, 17
-117, 114
-34, 158
82, 52
147, -68
47, -27
-144, 74
-177, 13
14, -161
186, -194
154, -50
82, 45
160, -18
242, -109
103, -124
-125, -111
-139, -82
33, 21
91, 134
-48, 98
-145, -70
-58, -177
82, -139
140, -70
152, -56
164, -66
130, -96
37, -157
-49, -154
-90, -5
-94, 132
-34, 47
88, -135
155, -99
67, 147
-74, 260
-110, 119
-87, 0
-131, 94
-166, 213
-30, 159
170, 37
161, 5
-47, -2
-144, -74
2, -109
161, -7
128, 128
-6, 161
-83, 128
-108, 120
-121, 135
-70, 145
48, 156
115, 113
75, -37
22, -160
16, -58
-17, 161
-100, 159
-126, -101
-46, -266
44, -155
70, -39
75, -143
60, -265
-44, -155
-176, 43
-147, 68
50, -19
161, 3
39, 99
-142, 77
-164, -59
-65, -148
12, -151
45, -155
57, -174
1, -161
-117, -120
-153, -53
-45, 65
48, 154
3, 60
-53, -153
30, -187
157, 38
146, 222
25, 160
-40, 64
-9, 161
48, 266
104, 123
150, -112
106, -122
-45, 38
-149, 63
-69, -75
98, -128
167, -11
119, 110
56, 143
21, 160
10, 183
63, 149
162, 64
161, -11
8, -77
-104, -123
-19, -54
108, 120
37, 184
-160, 25
-212, -150
-84, -138
6, -74
-53, -153
-138, -229
-143, -75
-104, 160
-53, 153
35, -52
115, -114
85, 45
-45, 155
-144, 71
-150, -59
-112, -112
-77, -142
-68, -168
-112, -116
-181, -1
-147, 68
27, 75
141, 79
29, 44
-143, -75
-92, -160
141, -79
244, 68
126, 101
27, 72
102, 125
200, 169
160, 22
51, -186
-1, -161
-23, 61
-70, 145
-87, -15
-9, -161
106, -115
161, 6
149, 70
119, 109
111, 137
144, 74
179, -57
117, -111
-56, -62
-159, -30
-35, -33
159, 26
130, 124
-110, 119
-246, 11
-151, -57
-55, -60
-135, -88
-235, -101
-159, 27
0, 193
49, 154
11, -65
24, -160
81, -11
56, 152
-61, 140
-156, 40
-170, -24
-145, -70
-138, -100
-159, -30
-163, 106
-82, 139
78, 44
161, -15
35, 22
-160, 18
-152, -84
73, -144
227, -76
161, 14
76, 42
154, 49
246, 35
147, -68
-43, -187
-87, -136
0, 66
17, 161
-68, 31
-92, -132
16, -151
141, -78
178, -20
158, 32
152, 63
161, -9
140, -142
46, -155
-94, -24
-153, 53
-33, -14
152, -56
160, 47
-38, 157
-196, 126
-160, 23
-91, -24
-161, -13
-240, 20
-128, 99
76, 173
115, 113
-7, -65
-52, -153
53, -45
119, 110
23, 150
-121, 106
-177, 57
-161, 1
-154, -31
-156, 42
-115, 168
-13, 161
104, 4
139, -82
27, 7
-138, 84
-159, -15
7, -161
161, -161
153, -53
101, 6
161, -17
225, -65
107, -121
-99, -156
-134, -90
11, 63
78, 141
-37, 53
-136, -87
-56, -144
101, -126
172, -87
159, -29
150, 5
147, -68
93, -185
-13, -161
-110, 13
-124, 104
-21, -3
123, -105
152, -10
18, 160
-127, 184
-143, 75
-108, 10
-156, 41
-206, 97
-89, 135
114, 141
145, 70
-13, -61
-97, -129
22, -58
147, 68
82, 135
-84, 138
-166, 109
-154, 49
-142, 14
-137, 86
-76, 196
33, 158
115, -27
110, -118
14, 1
-110, 119
-143, 27
-37, -157
98, -197
133, -91
113, -22
151, -57
187, -118
74, -144
-121, -129
-152, -55
12, 60
110, 119
-9, 59
-152, -53
-102, -126
70, -145
162, -124
149, -63
133, -26
129, -97
66, -202
-46, -155
-119, 36
-101, 126
