4096
16
3
13
15
3
14
10
7
12
8
15
13
3
10
14
7
12
2
6
7
12
15
10
1
15
6
11
12
11
3
14
2
10
0
12
0
5
11
9
3
7
0
7
7
13
12
2
5
7
10
11
12
4
10
10
2
0
6
15
5
8
7
12
5
8
9
14
15
9
3
3
4
13
12
4
6
6
5
1
12
11
7
1
13
13
8
6
12
9
8
2
8
1
0
8
8
11
2
11
2
0
15
2
12
4
9
2
9
12
15
13
11
7
1
3
2
2
10
9
7
4
7
1
15
1
12
13
15
0
2
4
12
6
14
2
5
6
1
15
11
8
7
13
9
7
8
14
1
3
1
2
1
14
12
10
15
7
15
5
14
4
3
13
7
3
6
7
2
11
15
9
4
8
1
9
0
0
3
10
10
11
7
9
0
9
3
10
7
5
15
12
1
14
12
1
7
7
12
12
8
12
8
15
7
12
12
13
14
15
12
10
9
1
4
15
2
13
3
1
2
7
2
4
15
10
6
14
6
6
3
4
6
11
0
9
15
1
0
12
5
3
8
0
0
1
4
14
9
3
9
3
7
2
8
8
7
5
11
14
14
4
15
4
15
10
12
1
12
5
10
6
11
1
10
1
12
11
15
6
4
11
7
4
9
9
14
14
9
8
12
12
11
1
3
2
4
7
6
11
11
8
7
5
10
7
1
13
0
7
13
10
7
10
2
15
14
8
3
3
9
1
2
2
14
13
12
0
6
8
3
10
10
0
7
5
11
2
4
5
7
1
4
15
10
0
0
4
7
13
15
6
15
4
11
14
12
11
10
3
2
7
10
12
8
15
6
7
7
2
10
7
13
10
6
1
6
7
1
9
1
6
13
0
0
9
4
4
13
15
5
9
1
14
6
13
0
12
1
2
13
2
2
15
1
9
10
11
10
10
5
0
8
8
14
6
13
11
15
8
1
0
13
11
6
3
10
2
0
7
8
7
15
8
15
10
5
2
11
5
10
10
1
13
1
10
15
7
12
14
0
12
7
10
0
6
3
7
13
5
12
5
4
6
11
7
2
1
11
3
10
7
7
0
9
7
12
0
4
14
8
6
10
10
15
6
15
7
11
1
1
13
7
5
14
12
5
14
7
10
12
5
8
9
8
13
4
4
5
15
10
15
10
8
11
12
11
8
13
7
1
1
4
6
7
5
4
15
2
6
15
5
3
11
4
8
9
12
7
6
8
15
12
5
2
13
12
12
8
1
7
11
13
15
6
14
11
7
1
5
7
12
2
8
2
6
6
9
6
12
12
0
0
13
7
4
10
3
13
4
7
9
15
9
11
12
2
1
14
11
11
12
0
9
5
1
2
10
5
7
15
3
1
13
4
6
7
8
8
