4096,
2,
2,
0, 0
0, 0
0, 0
0, 0
0, 0
0, 0
0, 0
0, 0
0, 0
0, 0
0, 0
0, 0
0, 0
0, 0
0, 0
0, 0
0, 0
0, 0
0, 0
0, 0
0, 0
0, 0
0, 0
0, 0
0, 0
0, 0
0, 0
0, 0
0, 0
0, 0
0, 0
0, 0
0, 0
0, 0
0, 0
0, 0
0, 0
0, 0
0, 0
0, 0
0, 0
0, 0
0, 0
0, 0
0, 0
0, 0
0, 0
0, 0
0, 0
0, 0
0, 0
0, 0
0, 0
0, 0
0, 0
0, 0
0, 0
0, 0
0, 0
0, 0
0, 0
0, 0
0, 0
0, 0
0, 0
0, 0
0, 0
0, 0
0, 0
0, 0
0, 0
0, 0
0, 0
0, 0
0, 0
0, 0
0, 0
0, 0
0, 0
0, 0
0, 0
0, 0
0, 0
0, 0
0, 0
0, 0
0, 0
0, 0
0, 0
0, 0
0, 0
0, 0
0, 0
0, 0
0, 0
0, 0
0, 0
0, 0
0, 0
0, 0
0, 0
0, 0
0, 0
0, 0
0, 0
0, 0
0, 0
0, 0
0, 0
0, 0
0, 0
0, 0
0, 0
0, 0
0, 0
0, 0
0, 0
0, 0
0, 0
0, 0
0, 0
0, 0
0, 0
0, 0
0, 0
0, 0
0, 0
0, 0
0, 0
0, 0
0, 0
0, 0
0, 0
0, 0
0, 0
0, 0
0, 0
0, 0
0, 0
0, 0
0, 0
0, 0
0, 0
0, 0
0, 0
0, 0
0, 0
0, 0
0, 0
0, 0
0, 0
0, 0
0, 0
0, 0
0, 0
0, 0
0, 0
0, 0
0, 0
0, 0
0, 0
0, 0
0, 0
0, 0
0, 0
0, 0
0, 0
0, 0
0, 0
0, 0
0, 0
0, 0
0, 0
0, 0
0, 0
0, 0
0, 0
0, 0
0, 0
0, 0
0, 0
0, 0
0, 0
0, 0
0, 0
0, 0
0, 0
0, 0
0, 0
0, 0
0, 0
0, 0
0, 0
0, 0
0, 0
0, 0
0, 0
0, 0
0, 0
0, 0
0, 0
0, 0
0, 0
0, 0
0, 0
0, 0
0, 0
0, 0
0, 0
0, 0
0, 0
0, 0
0, 0
0, 0
0, 0
0, 0
0, 0
0, 0
0, 0
0, 0
0, 0
0, 0
0, 0
0, 0
0, 0
0, 0
0, 0
0, 0
0, 0
0, 0
0, 0
0, 0
0, 0
0, 0
0, 0
0, 0
0, 0
0, 0
0, 0
0, 0
0, 0
0, 0
0, 0
0, 0
0, 0
0, 0
0, 0
0, 0
0, 0
0, 0
0, 0
0, 0
0, 0
0, 0
0, 0
0, 0
0, 0
0, 0
0, 0
0, 0
0, 0
0, 0
0, 0
0, 0
0, 0
0, 0
0, 0
0, 0
0, 0
0, 0
0, 0
0, 0
0, 0
0, 0
0, 0
0, 0
0, 0
0, 0
0, 0
0, 0
0, 0
0, 0
0, 0
0, 0
0, 0
0, 0
0, 0
0, 0
0, 0
0, 0
0, 0
0, 0
0, 0
0, 0
0, 0
0, 0
0, 0
0, 0
0, 0
0, 0
0, 0
0, 0
0, 0
0, 0
0, 0
0, 0
0, 0
0, 0
0, 0
0, 0
0, 0
0, 0
0, 0
0, 0
0, 0
0, 0
0, 0
0, 0
0, 0
0, 0
0, 0
0, 0
0, 0
0, 0
0, 0
0, 0
0, 0
0, 0
0, 0
0, 0
0, 0
0, 0
0, 0
0, 0
0, 0
0, 0
0, 0
0, 0
0, 0
0, 0
0, 0
0, 0
0, 0
0, 0
0, 0
0, 0
0, 0
0, 0
0, 0
0, 0
0, 0
0, 0
0, 0
0, 0
0, 0
0, 0
0, 0
0, 0
0, 0
0, 0
0, 0
0, 0
0, 0
0, 0
0, 0
0, 0
0, 0
0, 0
0, 0
0, 0
0, 0
0, 0
0, 0
0, 0
0, 0
0, 0
0, 0
0, 0
0, 0
0, 0
0, 0
0, 0
0, 0
0, 0
0, 0
0, 0
0, 0
0, 0
0, 0
0, 0
0, 0
0, 0
0, 0
0, 0
0, 0
0, 0
0, 0
0, 0
0, 0
0, 0
0, 0
0, 0
0, 0
0, 0
0, 0
0, 0
0, 0
0, 0
0, 0
0, 0
0, 0
0, 0
0, 0
0, 0
0, 0
0, 0
0, 0
0, 0
0, 0
0, 0
0, 0
0, 0
0, 0
0, 0
0, 0
0, 0
0, 0
0, 0
0, 0
0, 0
0, 0
0, 0
0, 0
0, 0
0, 0
0, 0
0, 0
0, 0
0, 0
0, 0
0, 0
0, 0
0, 0
0, 0
0, 0
0, 0
0, 0
0, 0
0, 0
0, 0
0, 0
0, 0
0, 0
0, 0
0, 0
0, 0
0, 0
0, 0
0, 0
0, 0
0, 0
0, 0
0, 0
0, 0
0, 0
0, 0
0, 0
0, 0
0, 0
0, 0
0, 0
0, 0
0, 0
0, 0
0, 0
0, 0
0, 0
0, 0
0, 0
0, 0
0, 0
0, 0
0, 0
0, 0
0, 0
0, 0
0, 0
0, 0
0, 0
0, 0
0, 0
0, 0
0, 0
0, 0
0, 0
0, 0
0, 0
0, 0
0, 0
0, 0
0, 0
0, 0
0, 0
0, 0
0, 0
0, 0
0, 0
0, 0
0, 0
0, 0
0, 0
0, 0
0, 0
0, 0
0, 0
0, 0
0, 0
0, 0
0, 0
0, 0
0, 0
0, 0
0, 0
0, 0
0, 0
0, 0
0, 0
0, 0
0, 0
0, 0
0, 0
0, 0
0, 0
0, 0
0, 0
0, 0
0, 0
0, 0
0, 0
0, 0
0, 0
0, 0
0, 0
0, 0
0, 0
0, 0
0, 0
0, 0
0, 0
0, 0
0, 0
0, 0
0, 0
0, 0
0, 0
0, 0
0, 0
0, 0
0, 0
0, 0
0, 0
0, 0
0, 0
0, 0
0, 0
0, 0
0, 0
0, 0
0, 0
0, 0
0, 0
0, 0
0, 0
0, 0
0, 0
0, 0
0, 0
0, 0
0, 0
0, 0
0, 0
0, 0
0, 0
0, 0
0, 0
0, 0
0, 0
0, 0
0, 0
0, 0
0, 0
0, 0
0, 0
0, 0
0, 0
0, 0
0, 0
0, 0
0, 0
0, 0
0, 0
0, 0
0, 0
0, 0
0, 0
0, 0
0, 0
0, 0
0, 0
0, 0
0, 0
0, 0
0, 0
0, 0
1, 0
0.852826, 0.501385
1, 0
0.887968, 0.542613
-1, 0
-0.968656, -0.510405
1, 0
0.977998, 0.619252
1, 0
1.124556, 0.426013
-1, 0
-0.916786, -0.593591
-1, 0
-1.136042, -0.429425
1, 0
0.994144, 0.459586
1, 0
0.768958, 0.506204
1, 0
0.792367, 0.649023
-1, 0
-0.951546, -0.362690
1, 0
1.284227, 0.292301
1, 0
1.165750, 0.397221
-1, 0
-0.988785, -0.537656
1, 0
1.038630, 0.360336
-1, 0
-0.765544, -0.629319
-1, 0
-1.080629, -0.402028
1, 0
0.970850, 0.506022
1, 0
1.038846, 0.308985
1, 0
0.855389, 0.428796
1, 0
0.932861, 0.387862
-1, 0
-1.086329, -0.546353
1, 0
0.859032, 0.357861
1, 0
0.779942, 0.304543
1, 0
0.882071, 0.572004
1, 0
0.879632, 0.557518
1, 0
1.170136, 0.300060
-1, 0
-0.905044, -0.388931
1, 0
1.071974, 0.288374
-1, 0
-0.991356, -0.593062
1, 0
1.023482, 0.374184
-1, 0
-1.142394, -0.593887
-1, 0
-0.968964, -0.340269
-1, 0
-0.980991, -0.299771
-1, 0
-0.952713, -0.368714
1, 0
1.202299, 0.378789
1, 0
1.088721, 0.516911
-1, 0
-1.190232, -0.417070
1, 0
0.918483, 0.427351
-1, 0
-1.061389, -0.386134
-1, 0
-0.992850, -0.353139
-1, 0
-0.992241, -0.340036
1, 0
1.064092, 0.612179
1, 0
1.149881, 0.312910
-1, 0
-0.818161, -0.569659
-1, 0
-1.039750, -0.430314
-1, 0
-1.084975, -0.638372
1, 0
0.898494, 0.320016
1, 0
0.624381, 0.366498
1, 0
0.730013, 0.835005
-1, 0
-1.030764, -0.320940
1, 0
1.240775, 0.518490
1, 0
1.155750, 0.412858
-1, 0
-0.743995, -0.346519
-1, 0
-0.393516, -0.353860
-1, 0
-1.452000, -1.107468
1, 0
0.929659, 0.309787
-1, 0
-1.165712, -0.411636
1, 0
0.845530, 0.391881
-1, 0
-1.063385, -0.253012
1, 0
1.004704, 0.779450
-1, 0
-0.895440, -0.429454
1, 0
1.185077, 0.488394
1, 0
0.921883, 0.339807
1, 0
0.934779, 0.334462
1, 0
0.873239, 0.375161
1, 0
0.884132, 0.489428
-1, 0
-1.059872, -0.308537
-1, 0
-0.891245, -0.372037
-1, 0
-0.968819, -0.332718
1, 0
1.141300, 0.367641
-1, 0
-0.676290, -0.458300
1, 0
1.074748, 0.332485
-1, 0
-0.780520, -0.721050
1, 0
0.958089, 0.416398
-1, 0
-1.126482, -0.288573
-1, 0
-0.904611, -0.446760
-1, 0
-0.787019, -0.468803
1, 0
1.063106, 0.444748
-1, 0
-1.067234, -0.731915
-1, 0
-1.171511, -0.615823
1, 0
0.866512, 0.326856
1, 0
0.912268, 0.227341
1, 0
0.675778, 0.223679
1, 0
0.423049, 0.292956
-1, 0
-1.046532, -0.291779
1, 0
1.436576, 0.098087
1, 0
1.227406, 0.373596
-1, 0
-0.865749, -0.519192
1, 0
1.044751, 0.358931
-1, 0
-0.890567, -0.655980
-1, 0
-0.985772, -0.500459
1, 0
0.776179, 0.565018
1, 0
0.926400, 0.522821
1, 0
1.023328, 0.496637
-1, 0
-0.921524, -0.356388
1, 0
1.111727, 0.292625
-1, 0
-0.713052, -0.423381
-1, 0
-1.336392, -1.045939
-1, 0
-1.219991, -0.678993
-1, 0
-1.270075, -0.561287
1, 0
0.872738, 0.362059
-1, 0
-1.040095, -0.358383
1, 0
0.943294, 0.545643
-1, 0
-1.002823, -0.353146
1, 0
1.173500, 0.681882
-1, 0
-0.943998, -0.363537
1, 0
1.059610, 0.238206
1, 0
0.966012, 0.403872
1, 0
0.939030, 0.338772
-1, 0
-0.849761, -0.654067
-1, 0
-0.770099, -0.724318
-1, 0
-1.001362, -0.528329
1, 0
0.898453, 0.452064
-1, 0
-1.057445, -0.436105
1, 0
0.851265, 0.542875
1, 0
1.020337, 0.451735
1, 0
0.950215, 0.431543
-1, 0
-0.990662, -0.515335
-1, 0
-0.975193, -0.576865
-1, 0
-0.951882, -0.552916
1, 0
0.917586, 0.443001
-1, 0
-1.040942, -0.373228
1, 0
0.838687, 0.557824
1, 0
0.968220, 0.444945
1, 0
1.073747, 0.456373
-1, 0
-0.777227, -0.355523
-1, 0
-0.868845, -0.441085
-1, 0
-0.927723, -0.687928
1, 0
0.946383, 0.400184
-1, 0
-1.185569, -0.491081
1, 0
0.888523, 0.456955
-1, 0
-0.991858, -0.425874
-1, 0
-0.932374, -0.332187
-1, 0
-0.871052, -0.347955
-1, 0
-0.908763, -0.533802
1, 0
0.964313, 0.411124
1, 0
0.950932, 0.366772
1, 0
0.928297, 0.386031
-1, 0
-1.094814, -0.435343
1, 0
0.943129, 0.499018
1, 0
0.963015, 0.594867
-1, 0
-0.967803, -0.342114
1, 0
1.110737, 0.474974
-1, 0
-0.774132, -0.373374
-1, 0
-0.848970, -0.395407
-1, 0
-0.684565, -0.521152
-1, 0
-0.859167, -0.794173
-1, 0
-1.021459, -0.507358
-1, 0
-1.150852, -0.327056
-1, 0
-0.961292, -0.386288
-1, 0
-0.961057, -0.331527
1, 0
0.921098, 0.661061
1, 0
1.127357, 0.508598
-1, 0
-0.864180, -0.376809
-1, 0
-0.832895, -0.363343
-1, 0
-0.811105, -0.663158
1, 0
1.042059, 0.353868
-1, 0
-1.275664, -0.410376
-1, 0
-1.096206, -0.387819
1, 0
0.970527, 0.503689
-1, 0
-1.038218, -0.341963
-1, 0
-0.952867, -0.397972
-1, 0
-0.943384, -0.410299
-1, 0
-0.942560, -0.441005
-1, 0
-1.000523, -0.415067
1, 0
0.848694, 0.523478
1, 0
0.816247, 0.486335
1, 0
1.096539, 0.602612
-1, 0
-0.897189, -0.343346
-1, 0
-0.782025, -0.387658
-1, 0
-0.900184, -0.532138
1, 0
1.037184, 0.386435
-1, 0
-1.197218, -0.516298
-1, 0
-1.050039, -0.455254
-1, 0
-1.029197, -0.348715
1, 0
0.789046, 0.530571
1, 0
0.916983, 0.532058
1, 0
1.085528, 0.654241
-1, 0
-0.970501, -0.435438
1, 0
1.009956, 0.449500
-1, 0
-0.988491, -0.529487
1, 0
1.040427, 0.324697
-1, 0
-1.095132, -0.414958
1, 0
1.007923, 0.439289
-1, 0
-0.975553, -0.405855
-1, 0
-1.039740, -0.317668
1, 0
1.038046, 0.510329
1, 0
1.135624, 0.516979
-1, 0
-0.941275, -0.431971
1, 0
1.046073, 0.421026
1, 0
1.014090, 0.421965
-1, 0
-0.881152, -0.468081
-1, 0
-0.901669, -0.512969
-1, 0
-1.027169, -0.545534
-1, 0
-0.995048, -0.480598
1, 0
0.832782, 0.349911
1, 0
0.760650, 0.513126
1, 0
0.946311, 0.657121
1, 0
1.083745, 0.529733
1, 0
1.100989, 0.430332
-1, 0
-0.893455, -0.567973
1, 0
0.957044, 0.300637
1, 0
0.931030, 0.319887
-1, 0
-1.178384, -0.342681
1, 0
0.597204, 0.032822
1, 0
1.805417, -1.995801
1, 0
1.371957, 0.396277
1, 0
1.135621, 0.309460
1, 0
1.096551, 0.251890
-1, 0
-0.743123, -0.363179
-1, 0
-0.682540, -0.474010
-1, 0
-0.774250, -0.676788
-1, 0
-1.151169, -0.512067
1, 0
0.944518, 0.572980
-1, 0
-1.101879, -0.421373
-1, 0
-0.900880, -0.301405
-1, 0
-0.806555, -0.183291
-1, 0
-0.539896, -0.170194
-1, 0
2.406799, -1.030951
-1, 0
-1.577152, -0.667762
1, 0
0.892069, 0.342563
-1, 0
-1.122200, -0.267933
-1, 0
-1.024227, -0.309945
1, 0
1.151579, 0.712273
1, 0
1.079604, 0.553663
-1, 0
-0.826785, -0.461041
-1, 0
-0.832307, -0.537607
-1, 0
-0.818975, -0.578951
-1, 0
-1.152055, -0.468734
1, 0
0.808549, 0.447187
-1, 0
-1.057325, -0.354477
1, 0
0.901696, 0.729536
1, 0
1.104235, 0.569246
-1, 0
-0.834213, -0.311069
-1, 0
-0.837231, -0.329516
-1, 0
-0.564461, -0.384972
-1, 0
-0.801815, -0.882103
-1, 0
-1.212502, -0.711678
1, 0
0.923918, 0.411875
-1, 0
-1.024838, -0.432047
-1, 0
-1.033217, -0.376696
1, 0
0.961729, 0.451051
-1, 0
-0.990930, -0.478333
1, 0
1.008006, 0.434935
1, 0
0.987361, 0.406631
-1, 0
-1.024335, -0.421196
1, 0
0.918177, 0.452104
-1, 0
-1.034436, -0.386979
-1, 0
-1.039754, -0.397902
1, 0
0.854911, 0.659732
1, 0
0.892097, 0.609614
1, 0
1.015802, 0.587918
-1, 0
-0.967146, -0.346524
-1, 0
-0.888530, -0.434044
1, 0
1.063438, 0.370822
1, 0
1.039654, 0.384177
-1, 0
-0.981631, -0.522536
-1, 0
-1.027135, -0.487700
1, 0
1.021468, 0.406013
-1, 0
-1.117598, -0.403903
1, 0
0.925504, 0.489634
1, 0
1.015272, 0.431357
1, 0
0.987629, 0.451772
-1, 0
-1.059633, -0.404619
-1, 0
-0.901856, -0.439963
-1, 0
-0.943022, -0.394343
1, 0
1.108592, 0.436310
-1, 0
-0.993991, -0.452706
1, 0
1.058062, 0.377009
-1, 0
-1.137975, -0.545177
1, 0
0.998274, 0.380309
-1, 0
-1.133237, -0.390279
1, 0
0.872412, 0.334683
1, 0
0.792568, 0.484856
1, 0
0.673985, 0.507976
1, 0
0.941966, 0.633088
-1, 0
-0.937670, -0.369091
1, 0
1.223055, 0.380909
-1, 0
-0.915771, -0.459035
-1, 0
-0.884601, -0.612440
1, 0
0.965576, 0.330612
1, 0
0.899064, 0.348684
-1, 0
-1.106951, -0.417533
1, 0
0.801288, 0.365428
1, 0
0.811098, 0.559375
1, 0
0.904851, 0.956204
1, 0
1.188287, 0.643761
1, 0
1.121585, 0.461194
1, 0
1.105830, 0.458182
-1, 0
-0.857937, -0.435964
-1, 0
-0.826141, -0.537764
1, 0
1.038796, 0.377042
-1, 0
-1.100995, -0.629630
-1, 0
-1.053834, -0.472915
-1, 0
-1.059690, -0.398177
1, 0
0.905953, 0.676409
1, 0
0.928098, 0.572603
1, 0
1.037915, 0.593472
-1, 0
-0.933433, -0.392958
-1, 0
-0.853285, -0.395096
1, 0
1.059861, 0.339612
-1, 0
-0.810625, -0.726412
-1, 0
-1.162932, -0.659451
1, 0
0.987424, 0.383606
-1, 0
-1.076616, -0.428514
1, 0
0.878058, 0.443384
1, 0
0.817787, 0.409262
1, 0
0.948813, 0.516675
-1, 0
-1.058700, -0.417931
1, 0
1.028177, 0.361925
1, 0
0.747579, 0.357726
1, 0
0.728962, 0.639826
1, 0
0.828432, 0.559490
1, 0
1.196991, 0.561293
-1, 0
-0.905666, -0.353502
-1, 0
-0.809122, -0.365680
1, 0
1.097862, 0.301003
-1, 0
-0.669715, -0.464302
-1, 0
-0.793725, -0.659862
-1, 0
-1.030090, -0.496744
-1, 0
-0.984066, -0.525924
1, 0
0.899670, 0.460830
1, 0
0.961912, 0.463388
-1, 0
-1.039478, -0.468209
-1, 0
-1.007227, -0.447639
1, 0
1.015303, 0.414036
-1, 0
-1.124397, -0.451267
1, 0
0.951965, 0.468732
1, 0
1.016678, 0.515179
-1, 0
-0.918985, -0.379745
-1, 0
-0.919820, -0.312253
-1, 0
-0.901705, -0.264575
1, 0
1.012324, 0.395711
-1, 0
-1.947248, -2.379242
-1, 0
-1.245742, -0.514723
-1, 0
-1.064880, -0.466150
-1, 0
-1.019518, -0.348860
-1, 0
-0.943374, -0.402413
-1, 0
-1.070083, -0.374409
1, 0
0.962054, 0.367775
1, 0
0.957123, 0.453032
-1, 0
-1.082249, -0.394934
1, 0
0.791402, 0.475228
-1, 0
-1.005906, -0.345245
-1, 0
-0.957690, -0.357311
1, 0
1.389219, 1.079013
1, 0
1.202267, 0.546267
-1, 0
-0.927390, -0.489082
1, 0
1.097766, 0.291787
-1, 0
-1.091894, -0.436058
1, 0
0.884802, 0.270480
1, 0
0.515613, 0.543086
1, 0
-0.456166, 1.692362
1, 0
1.482234, 0.598983
1, 0
1.267323, 0.379461
-1, 0
-0.853623, -0.310603
-1, 0
-0.676617, -0.314957
1, 0
0.990748, 0.283177
-1, 0
-1.310895, -0.994073
-1, 0
-1.216305, -0.420617
1, 0
0.817200, 0.408818
1, 0
0.821373, 0.465608
1, 0
0.927450, 0.649644
-1, 0
-1.001123, -0.393020
-1, 0
-0.865208, -0.349360
-1, 0
-0.911456, -0.393295
1, 0
1.112492, 0.321161
-1, 0
-1.082779, -0.610989
1, 0
0.949760, 0.438071
1, 0
1.020990, 0.421910
-1, 0
-0.905999, -0.298723
-1, 0
-0.934737, -0.447586
-1, 0
-0.964619, -0.507242
-1, 0
-0.980128, -0.416128
-1, 0
-0.977756, -0.413561
1, 0
1.076366, 0.511144
-1, 0
-0.993107, -0.342418
-1, 0
-0.968190, -0.357361
1, 0
1.106691, 0.355030
-1, 0
-0.985235, -0.544931
-1, 0
-1.092730, -0.598360
1, 0
0.992571, 0.417273
-1, 0
-1.194185, -0.376193
1, 0
0.849601, 0.446175
1, 0
0.736230, 0.545232
1, 0
1.108202, 0.615325
-1, 0
-0.985320, -0.424488
1, 0
1.186344, 0.333838
-1, 0
-0.916868, -0.556316
1, 0
0.990591, 0.365233
1, 0
0.893620, 0.393395
1, 0
0.858671, 0.373718
-1, 0
-1.083276, -0.316730
1, 0
0.811576, 1.006453
-1, 0
-0.965531, -0.356590
-1, 0
-0.800409, -0.282833
-1, 0
-0.803580, -0.331590
-1, 0
-0.527934, -0.370662
-1, 0
-0.483798, -0.944376
-1, 0
-1.165215, -0.648904
-1, 0
-1.097691, -0.426758
1, 0
0.869332, 0.331816
-1, 0
-1.064857, -0.347055
1, 0
0.500999, 0.612539
1, 0
1.436580, 1.092057
1, 0
1.319079, 0.508582
-1, 0
-0.850325, -0.332967
-1, 0
-0.678858, -0.518640
-1, 0
-0.922331, -0.580486
1, 0
0.939047, 0.259604
1, 0
0.862187, 0.329584
-1, 0
-1.145203, -0.355773
1, 0
0.441020, 0.291403
1, 0
1.761756, 2.675442
1, 0
1.211303, 0.416562
1, 0
1.119237, 0.334753
-1, 0
-0.797272, -0.406838
-1, 0
-0.909997, -0.476309
1, 0
1.009844, 0.331918
1, 0
1.020732, 0.448090
-1, 0
-1.092579, -0.439182
-1, 0
-0.932507, -0.279320
-1, 0
-0.751181, -0.338359
-1, 0
-0.629961, -0.383577
-1, 0
-0.675456, -0.877395
-1, 0
-1.231529, -0.675534
1, 0
0.939447, 0.377253
-1, 0
-1.155051, -0.288826
1, 0
0.800921, 0.347290
1, 0
0.708895, 0.417899
1, 0
0.783329, 0.668454
1, 0
0.955967, 0.547946
1, 0
1.023032, 0.466454
-1, 0
-1.005558, -0.500699
1, 0
1.034693, 0.434374
-1, 0
-0.986287, -0.502230
1, 0
1.026591, 0.423224
1, 0
1.029934, 0.432337
-1, 0
-0.985264, -0.432469
-1, 0
-0.928058, -0.466079
-1, 0
-0.999821, -0.468671
1, 0
0.949883, 0.374528
1, 0
0.882988, 0.471960
-1, 0
-1.067420, -0.381432
1, 0
0.902272, 0.727723
1, 0
1.145781, 0.592149
-1, 0
-1.003780, -0.411337
1, 0
1.166038, 0.380972
-1, 0
-0.850337, -0.480126
1, 0
0.997891, 0.349505
-1, 0
-0.930683, -0.554041
-1, 0
-0.972102, -0.450023
-1, 0
-0.941570, -0.384244
-1, 0
-1.031616, -0.418389
1, 0
1.107864, 0.486892
-1, 0
-0.964775, -0.428791
1, 0
1.111898, 0.398032
-1, 0
-0.861081, -0.462418
-1, 0
-0.926337, -0.621243
-1, 0
-1.142085, -0.535192
1, 0
0.976879, 0.415262
-1, 0
-0.995003, -0.483829
-1, 0
-0.964284, -0.377615
-1, 0
-0.995850, -0.395288
1, 0
1.069791, 0.569558
-1, 0
-1.046804, -0.402790
1, 0
1.054942, 0.515995
-1, 0
-1.005822, -0.421856
1, 0
1.201331, 0.522812
-1, 0
-0.982206, -0.427336
1, 0
1.099581, 0.433030
-1, 0
-0.920904, -0.486400
-1, 0
-0.897082, -0.476806
-1, 0
-0.968818, -0.468414
1, 0
1.049156, 0.390864
1, 0
0.954359, 0.389451
1, 0
0.934040, 0.448932
-1, 0
-1.106654, -0.432274
1, 0
0.847558, 0.471088
1, 0
0.710650, 0.512303
1, 0
0.827161, 0.594802
1, 0
0.929494, 0.663678
1, 0
1.165213, 0.490546
-1, 0
-0.906648, -0.453896
1, 0
1.111505, 0.355232
-1, 0
-0.922496, -0.645196
-1, 0
-1.166524, -0.633603
1, 0
0.911016, 0.345848
-1, 0
-1.055019, -0.379519
-1, 0
-1.030825, -0.343007
1, 0
0.821459, 1.151960
1, 0
1.299779, 0.510777
-1, 0
-0.908149, -0.390697
1, 0
1.184263, 0.351012
-1, 0
-0.974325, -0.799681
1, 0
1.004659, 0.296455
1, 0
0.929815, 0.367046
-1, 0
-1.169557, -0.339321
1, 0
0.545193, 0.367716
1, 0
0.072102, 1.444710
1, 0
1.268756, 0.638443
1, 0
1.191462, 0.406093
-1, 0
-0.793092, -0.351012
-1, 0
-0.619124, -0.432453
-1, 0
-0.920103, -0.960952
1, 0
0.976597, 0.295109
1, 0
0.930155, 0.341062
-1, 0
-1.129412, -0.331492
1, 0
0.829399, 0.357247
1, 0
0.689831, 0.284266
1, 0
0.445384, 0.428677
1, 0
1.126229, 0.978277
1, 0
1.166116, 0.529508
1, 0
1.074229, 0.436644
1, 0
1.075032, 0.375839
-1, 0
-0.880349, -0.374827
-1, 0
-0.812833, -0.375301
-1, 0
-0.732866, -0.413702
-1, 0
-0.734502, -0.667755
-1, 0
-0.968833, -0.684703
-1, 0
-1.081476, -0.515219
-1, 0
-1.133831, -0.401457
1, 0
0.826607, 0.331193
1, 0
0.679494, 0.435356
1, 0
0.609313, 0.640968
1, 0
1.090737, 0.850982
1, 0
1.206541, 0.473526
-1, 0
-0.925586, -0.347769
-1, 0
-0.914834, -0.431778
1, 0
1.079948, 0.390422
-1, 0
-1.017659, -0.575555
1, 0
0.995305, 0.359828
1, 0
0.900693, 0.400780
1, 0
0.938928, 0.418725
-1, 0
-1.038816, -0.398944
-1, 0
-1.011063, -0.408451
1, 0
1.061053, 0.514075
1, 0
1.031670, 0.503170
1, 0
1.137694, 0.539793
-1, 0
-0.988350, -0.393938
-1, 0
-0.991640, -0.412200
1, 0
1.144221, 0.339234
-1, 0
-0.836332, -0.414186
-1, 0
-0.791305, -0.430106
1, 0
1.063834, 0.337382
-1, 0
-0.848532, -0.643537
-1, 0
-1.181645, -0.724672
1, 0
0.987159, 0.405411
-1, 0
-1.223909, -0.419080
1, 0
0.933079, 0.500088
-1, 0
-1.114172, -0.430029
1, 0
0.940961, 0.569330
1, 0
1.082747, 0.530914
-1, 0
-0.928416, -0.353161
-1, 0
-0.836912, -0.366434
-1, 0
-0.730605, -0.364587
-1, 0
-0.546316, -0.505765
-1, 0
-0.950488, -0.885439
-1, 0
-1.408599, -0.557444
1, 0
0.920265, 0.391745
-1, 0
-1.143498, -0.284051
1, 0
0.866212, 0.551668
-1, 0
-1.020247, -0.353841
1, 0
1.133352, 0.696615
-1, 0
-0.907420, -0.419616
1, 0
1.108998, 0.376977
1, 0
1.004321, 0.388478
-1, 0
-1.167989, -0.532579
-1, 0
-1.164094, -0.389280
1, 0
0.830653, 0.413411
1, 0
0.809288, 0.542628
-1, 0
-0.976131, -0.340945
1, 0
1.375311, 0.809698
-1, 0
-0.978010, -0.460748
1, 0
0.975792, 0.381086
1, 0
1.013787, 0.408907
-1, 0
-1.166049, -0.445396
1, 0
0.644749, 0.408284
1, 0
0.754190, 1.015580
1, 0
1.262490, 0.701872
1, 0
1.096017, 0.364020
1, 0
1.079989, 0.348044
-1, 0
-0.754894, -0.355191
-1, 0
-0.627569, -0.506024
-1, 0
-0.911208, -0.945151
1, 0
0.940225, 0.333020
1, 0
0.851770, 0.364711
1, 0
0.894279, 0.490439
-1, 0
-1.069740, -0.371955
1, 0
1.047000, 0.614671
-1, 0
-0.948038, -0.370807
-1, 0
-0.917589, -0.367213
-1, 0
-0.935488, -0.408697
1, 0
1.063794, 0.374719
-1, 0
-0.857778, -0.503328
-1, 0
-0.969489, -0.617065
-1, 0
-1.034442, -0.564743
-1, 0
-1.105673, -0.484701
-1, 0
-1.111599, -0.377463
1, 0
0.894816, 0.318381
1, 0
0.826476, 0.281547
1, 0
0.775445, 0.274772
1, 0
0.645440, 0.315823
1, 0
0.209912, 0.782583
1, 0
0.950139, 0.574003
1, 0
0.933637, 0.401024
1, 0
1.040139, 0.422301
-1, 0
-1.036898, -0.540801
1, 0
1.019299, 0.514763
1, 0
0.920689, 0.490257
1, 0
0.978630, 0.485292
1, 0
1.165537, 0.409062
-1, 0
-0.914635, -0.508493
1, 0
1.130783, 0.340709
-1, 0
-0.888431, -0.674582
-1, 0
-1.157910, -0.665968
1, 0
1.001775, 0.330141
1, 0
0.847519, 0.373415
1, 0
0.775394, 0.350027
1, 0
0.844775, 0.454811
1, 0
1.085611, 0.504958
-1, 0
-0.999793, -0.437114
1, 0
1.087501, 0.321536
-1, 0
-1.030052, -0.473717
1, 0
1.061742, 0.320170
1, 0
0.889349, 0.429740
1, 0
0.809090, 0.324675
1, 0
0.863396, 0.508314
1, 0
0.810960, 0.489632
1, 0
0.957736, 0.730727
1, 0
1.121884, 0.493427
1, 0
1.080012, 0.385745
1, 0
1.054461, 0.477555
-1, 0
-0.944180, -0.384539
-1, 0
-0.844196, -0.479376
1, 0
0.988460, 0.320085
-1, 0
-0.882902, -0.805262
1, 0
0.979540, 0.315192
-1, 0
-1.274700, -0.552417
1, 0
0.874133, 0.532417
1, 0
0.994128, 0.491551
-1, 0
-1.108127, -0.472124
1, 0
1.042912, 0.424886
-1, 0
-1.093581, -0.386469
-1, 0
-0.792742, -0.251555
-1, 0
-0.864186, -0.211928
-1, 0
-0.689958, -0.229923
-1, 0
-0.137282, -0.908313
-1, 0
-1.585002, -1.525391
-1, 0
-1.314770, -0.503620
-1, 0
-0.989064, -0.499661
-1, 0
-1.248615, -0.405705
1, 0
0.997271, 0.618323
-1, 0
-1.068847, -0.333005
1, 0
1.053231, 0.665963
1, 0
1.339297, 0.579338
-1, 0
-0.942603, -0.455642
1, 0
1.124107, 0.453673
-1, 0
-0.748845, -0.646728
-1, 0
-1.129689, -0.569343
-1, 0
-1.160697, -0.554460
1, 0
0.908128, 0.353069
1, 0
0.863445, 0.438450
-1, 0
-1.009777, -0.336341
-1, 0
-1.028514, -0.293692
1, 0
1.191209, 0.512460
1, 0
1.134417, 0.408621
-1, 0
-0.753206, -0.476049
-1, 0
-0.919754, -0.470370
1, 0
1.027753, 0.456629
-1, 0
-1.153026, -0.460481
-1, 0
-1.038233, -0.440561
-1, 0
-1.095298, -0.403261
-1, 0
-1.006204, -0.425065
1, 0
1.002710, 0.540309
1, 0
0.879738, 0.492859
-1, 0
-1.023605, -0.362404
1, 0
0.903226, 0.467983
1, 0
0.846938, 0.560372
1, 0
1.014841, 0.667775
-1, 0
-0.957298, -0.406524
1, 0
0.929483, 0.554365
1, 0
0.953775, 0.451266
1, 0
1.074825, 0.577567
1, 0
0.809940, 0.595179
1, 0
0.928934, 0.487875
1, 0
1.011046, 0.512853
-1, 0
-0.951773, -0.410376
-1, 0
-0.971031, -0.378826
-1, 0
-0.815395, -0.375865
-1, 0
-0.946593, -0.427895
1, 0
1.106157, 0.358907
-1, 0
-0.697076, -0.318276
-1, 0
-0.569381, -0.609759
-1, 0
-1.110768, -0.947868
-1, 0
-1.371169, -0.513645
1, 0
0.937514, 0.376670
-1, 0
-1.147468, -0.388223
1, 0
0.603537, 0.345956
1, 0
0.236627, 1.402125
1, 0
1.496739, 0.576785
-1, 0
-0.883971, -0.266592
-1, 0
-0.803616, -0.251825
-1, 0
-0.603533, -0.298324
-1, 0
-0.382782, -0.957368
1, 0
0.968329, 0.327120
-1, 0
-1.299625, -0.253485
1, 0
0.846810, 0.368423
-1, 0
-1.136680, -0.337030
1, 0
0.608881, 0.563522
1, 0
0.971918, 0.628651
1, 0
0.981479, 0.374148
1, 0
0.933987, 0.380375
-1, 0
-1.065160, -0.505026
-1, 0
-1.006991, -0.500135
-1, 0
0, 0
0, 0
1, 0
-1.728372, 0.198004
1, 0
1.232242, 0.474181
-1, 0
0.484295, 1.098876
-1, 0
-0.872346, -0.403929
-1, 0
-0.863968, -0.471747
-1, 0
-0.990971, -0.481300
1, 0
-0.717500, -0.094660
-1, 0
0.921440, 0.793599
-1, 0
-0.882323, -0.358237
-1, 0
-0.897750, -0.467414
1, 0
-0.698209, -0.140901
1, 0
1.072225, 0.422896
-1, 0
1.472351, 0.148126
1, 0
-0.531195, -0.542285
-1, 0
0.714125, 0.035000
1, 0
-1.154032, -0.720915
1, 0
0.990591, 0.529517
1, 0
1.012377, 0.504996
-1, 0
0.600942, 0.834051
1, 0
-0.678776, 0.122708
-1, 0
0.771920, 1.121152
-1, 0
-1.071510, -0.520636
-1, 0
-1.029310, -0.409083
1, 0
-0.685102, 0.076509
-1, 0
0.777526, 1.207011
-1, 0
-0.979639, -0.418374
-1, 0
-0.880825, -0.453172
-1, 0
-0.825931, -0.407301
-1, 0
-0.914260, -0.596224
1, 0
-0.245840, -0.243963
-1, 0
2.054037, -0.292434
-1, 0
-1.111566, -0.397274
-1, 0
-0.970559, -0.337106
-1, 0
-0.970509, -0.355632
-1, 0
-0.918789, -0.319623
1, 0
-0.991542, -0.059117
-1, 0
0.803040, 1.006572
-1, 0
-0.907525, -0.516874
-1, 0
-0.794470, -0.505180
-1, 0
-1.033136, -0.552849
-1, 0
-1.065036, -0.525239
1, 0
-0.477583, -0.807124
1, 0
1.030056, 0.477503
1, 0
0.940787, 0.507327
-1, 0
1.221703, 0.027103
-1, 0
-1.013639, -0.505245
1, 0
-0.484734, -0.732054
1, 0
1.028113, 0.406208
1, 0
0.889473, 0.419069
-1, 0
0.533694, -0.159871
1, 0
-1.212633, -1.180646
-1, 0
0.441366, 0.278250
-1, 0
-0.922642, -0.375180
1, 0
-0.689467, -0.006214
-1, 0
1.507843, 0.751109
-1, 0
-1.175402, -0.585258
1, 0
-0.125533, -0.908152
1, 0
0.873739, 0.341158
1, 0
0.762111, 0.350741
1, 0
0.689510, 0.432125
1, 0
0.819506, 0.688929
1, 0
1.203169, 0.517036
-1, 0
0.516098, 0.625821
1, 0
-0.746380, -0.113285
1, 0
1.052997, 0.396966
-1, 0
1.162420, 0.109836
-1, 0
-1.106624, -0.488653
1, 0
-1.236742, -0.827775
-1, 0
0.446352, 0.288499
1, 0
-1.246350, -0.182065
1, 0
1.132894, 0.420731
-1, 0
1.235418, 0.766280
-1, 0
-1.053901, -0.538529
1, 0
-0.555872, -0.666013
-1, 0
0.741041, -0.018357
1, 0
-1.114924, -0.894014
1, 0
0.962709, 0.490153
1, 0
1.066053, 0.484016
-1, 0
1.093611, 0.414051
-1, 0
-1.046000, -0.504085
-1, 0
-1.044893, -0.502483
1, 0
-0.988779, -1.463848
1, 0
0.847936, 0.528399
1, 0
0.873515, 0.536549
-1, 0
0.333077, 0.252424
1, 0
-1.661840, 0.067268
-1, 0
0.358381, 0.597383
-1, 0
-0.952415, -0.493519
1, 0
-0.905982, -0.057172
-1, 0
0.753847, 0.367539
1, 0
-0.990807, -0.654699
1, 0
0.922320, 0.418129
1, 0
0.814749, 0.503148
1, 0
0.981177, 0.580520
-1, 0
0.196704, 0.461367
1, 0
-1.196693, 0.740862
1, 0
1.128066, 0.380364
1, 0
1.005825, 0.367266
-1, 0
0.456203, 2.140790
-1, 0
-0.936301, -0.809303
-1, 0
-1.061940, -0.613720
1, 0
-0.638140, -0.464313
1, 0
0.915093, 0.469605
1, 0
0.918890, 0.474918
-1, 0
0.874495, 0.570888
-1, 0
-0.992290, -0.440532
-1, 0
-0.962867, -0.447363
1, 0
-0.803562, -0.095947
-1, 0
0.791997, 0.612963
-1, 0
-1.061116, -0.457033
1, 0
-1.039992, 0.015673
-1, 0
0.407986, 0.741174
1, 0
-0.597150, 0.268607
-1, 0
0.674298, 1.552576
-1, 0
-0.908514, -0.612501
1, 0
-0.285759, -0.078344
-1, 0
2.260660, 0.741809
-1, 0
-1.075898, -0.459330
-1, 0
-1.043241, -0.425189
1, 0
-0.812998, -0.506227
-1, 0
0.867077, 0.454096
-1, 0
-0.876221, -0.403032
-1, 0
-0.937475, -0.419144
-1, 0
-0.910860, -0.508068
1, 0
-0.523889, -0.494142
-1, 0
0.952545, -0.077440
1, 0
-0.771549, -0.845458
1, 0
0.969433, 0.534725
-1, 0
0.590808, 0.183886
1, 0
-1.272719, -0.501787
1, 0
1.101011, 0.487215
-1, 0
0.672438, 0.422193
1, 0
-0.914262, -0.240816
-1, 0
0.559289, 0.480888
1, 0
-0.936725, -0.014919
-1, 0
0.653871, 0.776260
-1, 0
-1.051571, -0.494472
1, 0
-0.710931, 0.025160
-1, 0
0.898710, 0.862982
1, 0
-0.574210, -0.121154
-1, 0
0.966772, 0.762274
-1, 0
-1.015696, -0.389744
-1, 0
-0.941445, -0.417836
1, 0
-0.613228, 0.211798
-1, 0
1.020286, 1.593246
-1, 0
-0.809426, -0.474176
1, 0
-0.279058, -0.160127
-1, 0
2.119064, 0.169821
-1, 0
-1.191829, -0.432194
1, 0
-0.526673, -0.524328
1, 0
1.073755, 0.463870
-1, 0
1.665887, 0.487963
-1, 0
-0.996265, -0.496784
-1, 0
-1.010015, -0.498100
-1, 0
-1.074871, -0.477603
-1, 0
-1.064907, -0.427338
1, 0
-0.673463, -1.521286
1, 0
0.751046, 0.603193
1, 0
0.963048, 0.675228
-1, 0
0.287959, 0.490628
1, 0
-0.984026, 0.519106
-1, 0
0.217737, 1.119672
-1, 0
-0.879565, -0.375042
-1, 0
-0.820150, -0.383804
-1, 0
-0.807963, -0.377948
-1, 0
-0.837796, -0.702811
-1, 0
-0.872442, -0.652602
-1, 0
-0.944384, -0.586255
-1, 0
-0.994490, -0.398188
-1, 0
-0.996790, -0.422228
-1, 0
-1.030657, -0.396167
1, 0
-0.537886, -1.402281
1, 0
1.002381, 0.655392
1, 0
1.017424, 0.528284
-1, 0
1.084755, 0.550173
-1, 0
-0.994845, -0.495884
-1, 0
-0.999686, -0.517506
1, 0
-0.443802, -0.691861
1, 0
1.008299, 0.463183
1, 0
0.888747, 0.443631
-1, 0
0.739254, -0.071167
-1, 0
-1.019936, -0.369921
1, 0
-1.320054, -0.522068
1, 0
1.082373, 0.484859
-1, 0
1.050556, 0.602601
-1, 0
-1.072310, -0.493871
-1, 0
-0.987179, -0.454215
-1, 0
-1.083332, -0.411908
1, 0
-0.988867, -0.313936
-1, 0
0.723145, 0.583126
1, 0
-0.552975, -0.088743
-1, 0
1.234914, 0.682712
1, 0
-0.303116, -0.264457
-1, 0
1.729545, -0.038837
-1, 0
-1.063444, -0.481017
-1, 0
-1.011383, -0.431154
1, 0
-0.824930, -0.956477
1, 0
1.021487, 0.543091
-1, 0
0.919003, 0.193426
1, 0
-0.594862, -0.518508
-1, 0
0.912364, 0.025984
1, 0
-0.585653, -0.735452
1, 0
0.974996, 0.461804
1, 0
0.956591, 0.502556
-1, 0
0.971244, 0.192220
-1, 0
-1.085412, -0.353596
-1, 0
-0.961440, -0.394895
-1, 0
-0.934590, -0.380336
-1, 0
-0.979317, -0.405439
1, 0
-0.905824, -0.052806
1, 0
1.136891, 0.447772
-1, 0
2.190049, 1.252184
-1, 0
-1.045081, -0.605918
-1, 0
-1.028738, -0.575995
-1, 0
-0.965742, -0.481877
-1, 0
-1.014137, -0.421719
-1, 0
-1.017302, -0.396978
1, 0
-0.847371, -1.560567
1, 0
1.080484, 0.679414
1, 0
1.069295, 0.537252
-1, 0
1.357541, 0.236121
-1, 0
-1.123844, -0.584188
1, 0
-0.286972, -0.918822
1, 0
0.919859, 0.379924
1, 0
0.795022, 0.390351
1, 0
0.716232, 0.559772
-1, 0
0.317411, 0.117877
1, 0
-1.642244, -0.079496
-1, 0
0.496229, 0.792350
-1, 0
-0.843840, -0.495446
-1, 0
-0.780643, -0.646836
1, 0
-0.231186, -0.473953
-1, 0
1.063676, -0.808910
-1, 0
-1.151229, -0.373034
1, 0
0.060403, -1.710207
1, 0
0.781702, 0.475200
1, 0
0.833482, 0.492756
1, 0
0.904387, 0.625125
-1, 0
0.370509, 0.143009
1, 0
-1.907049, -0.774677
1, 0
1.054533, 0.439239
1, 0
1.029210, 0.580731
-1, 0
0.475776, 0.508851
1, 0
-0.990231, -0.056971
1, 0
1.128314, 0.431280
-1, 0
1.077666, 0.924045
1, 0
-0.474792, -0.201765
-1, 0
1.136556, 0.395391
1, 0
-0.532308, -0.336395
-1, 0
1.214409, 0.426495
-1, 0
-0.936365, -0.455425
-1, 0
-0.924233, -0.352247
-1, 0
-0.827025, -0.493866
-1, 0
-0.927193, -0.590094
1, 0
-0.062042, -0.775105
1, 0
0.920244, 0.315504
1, 0
0.942306, 0.444452
-1, 0
0.180494, -0.420348
1, 0
0.214516, -2.848835
1, 0
0.317140, 1.293738
1, 0
1.260678, 0.881830
-1, 0
0.201289, 0.645903
-1, 0
-0.882518, -0.450053
1, 0
-0.522306, 0.060992
-1, 0
1.794207, 0.725033
-1, 0
-1.252780, -0.614255
1, 0
-0.361221, -1.018127
1, 0
0.943448, 0.406113
1, 0
0.750169, 0.471527
1, 0
1.114216, 0.680278
-1, 0
0.569225, 0.409859
-1, 0
-0.938667, -0.483520
1, 0
-0.631887, -0.287500
-1, 0
1.100943, -0.135124
1, 0
-0.276689, -1.045485
1, 0
0.838336, 0.294337
1, 0
0.760008, 0.293689
1, 0
0.424324, 0.298841
1, 0
-0.798309, 2.124680
1, 0
1.380649, 0.541603
-1, 0
-0.025852, 0.730520
-1, 0
-0.824548, -0.407659
1, 0
-0.510459, 0.233233
1, 0
1.076989, 0.350558
-1, 0
1.497924, 0.066388
1, 0
-0.569693, -0.688734
-1, 0
0.432531, 0.071807
1, 0
-1.865749, -0.386131
1, 0
1.272078, 0.580702
-1, 0
0.184248, 1.103802
-1, 0
-0.894953, -0.413519
-1, 0
-0.675053, -0.360253
-1, 0
-0.546914, -0.779313
-1, 0
-1.233633, -0.863105
1, 0
-0.023765, -0.557707
-1, 0
0.687805, -0.743892
1, 0
-0.001842, -1.142095
1, 0
0.752108, 0.475204
1, 0
0.855162, 0.513680
-1, 0
0.257596, 0.010473
1, 0
-2.262249, -0.579995
-1, 0
0.180426, 0.363727
1, 0
-1.163007, 0.412372
-1, 0
0.352629, 0.948587
-1, 0
-0.853946, -0.471450
-1, 0
-0.849982, -0.492784
1, 0
-0.339156, -0.061975
-1, 0
2.117949, 0.405336
-1, 0
-1.298857, -0.575846
1, 0
-0.251120, -0.648655
-1, 0
0.810787, -0.328596
1, 0
-0.440442, -0.901534
-1, 0
0.637307, -0.146626
1, 0
-0.674137, -0.869112
-1, 0
0.666910, -0.004149
1, 0
-0.800299, -1.012607
1, 0
1.013007, 0.411019
1, 0
0.861950, 0.391225
1, 0
0.922841, 0.440812
-1, 0
0.403720, -0.099028
1, 0
-1.707088, -1.574982
1, 0
1.084127, 0.635099
1, 0
1.105703, 0.529338
-1, 0
0.470318, 0.953529
-1, 0
-0.848880, -0.465202
-1, 0
-0.787534, -0.504862
-1, 0
-0.925181, -0.575819
1, 0
-0.462125, -0.622254
1, 0
1.011286, 0.462309
-1, 0
0.641562, -0.279280
1, 0
-0.857282, -1.131176
-1, 0
0.467990, 0.100037
1, 0
-1.172906, -0.541542
1, 0
1.222975, 0.464144
-1, 0
1.208769, 0.084480
1, 0
-0.295931, -0.716678
-1, 0
0.525957, -0.445971
1, 0
-0.159105, -1.786811
1, 0
0.648592, 0.370581
1, 0
0.384606, 0.634151
1, 0
1.319384, 0.615071
1, 0
1.067984, 0.534740
1, 0
1.136577, 0.362369
-1, 0
0.499567, 1.485828
-1, 0
-0.886497, -0.750540
-1, 0
-0.938882, -0.646233
-1, 0
-0.987408, -0.495689
-1, 0
-0.982873, -0.423852
1, 0
-1.198515, -0.492126
1, 0
1.193150, 0.513914
-1, 0
1.259511, 0.476591
-1, 0
-1.115907, -0.600334
1, 0
-0.395856, -0.946414
1, 0
0.929813, 0.361648
1, 0
0.725778, 0.346045
1, 0
0.633350, 0.677269
1, 0
1.128653, 0.859875
-1, 0
0.110538, 0.611052
1, 0
-0.571191, 0.532010
-1, 0
0.441119, 1.738643
-1, 0
-0.572383, -0.801983
1, 0
-0.025242, -0.361009
1, 0
0.974937, 0.307879
-1, 0
0.264634, -0.982595
1, 0
0.454109, -1.322758
1, 0
0.734363, 0.341316
1, 0
0.492948, 0.282439
1, 0
0.206672, 1.308470
1, 0
1.242403, 0.561306
1, 0
1.132148, 0.390588
-1, 0
0.327430, 0.592936
1, 0
-1.072587, 0.100338
1, 0
1.046795, 0.413263
-1, 0
0.556001, 0.578736
1, 0
-0.992314, 0.017898
-1, 0
0.414593, 0.654406
1, 0
-0.748765, 0.242026
-1, 0
0.663570, 1.237499
-1, 0
-0.819776, -0.586763
-1, 0
-0.835952, -0.556821
-1, 0
-1.021481, -0.564695
-1, 0
-1.010494, -0.528427
1, 0
-0.769477, -1.239519
1, 0
0.875288, 0.541971
1, 0
0.984833, 0.566988
-1, 0
0.377059, 0.215194
1, 0
-1.730697, -0.227381
1, 0
1.108267, 0.435032
1, 0
1.037615, 0.386234
-1, 0
0.840329, 0.801879
-1, 0
-1.094608, -0.515163
1, 0
-1.137429, -0.046661
1, 0
1.097855, 0.492849
-1, 0
0.744983, 1.084047
-1, 0
-1.048875, -0.555740
1, 0
-0.385087, -0.057749
-1, 0
1.971823, 0.562902
1, 0
-0.146516, -0.440182
-1, 0
0.919886, -0.603472
-1, 0
-1.138605, -0.388374
1, 0
-0.973764, -2.659795
1, 0
0.978665, 1.672380
1, 0
1.292417, 0.655623
-1, 0
-0.028633, 0.886455
-1, 0
-0.843347, -0.315206
-1, 0
-0.738765, -0.311850
-1, 0
-0.551579, -0.509436
-1, 0
-1.177934, -0.925911
1, 0
-0.221677, -0.448469
-1, 0
1.060934, -0.209432
-1, 0
-1.066640, -0.343275
1, 0
-1.247892, -0.493575
1, 0
1.176397, 0.546424
-1, 0
1.264726, 1.182426
-1, 0
-0.904565, -0.723972
-1, 0
-0.971653, -0.614836
-1, 0
-1.030132, -0.510423
1, 0
-0.293206, -0.981251
1, 0
0.926371, 0.558376
1, 0
0.855181, 0.525747
-1, 0
0.841309, 0.025226
-1, 0
-0.959887, -0.432385
-1, 0
-0.956178, -0.446728
1, 0
-0.815831, -0.760776
-1, 0
0.690311, -0.040034
1, 0
-0.809480, -0.936313
1, 0
1.061678, 0.558402
-1, 0
0.791037, 0.100559
1, 0
-0.558272, -0.581812
-1, 0
0.920586, -0.086857
-1, 0
-1.098209, -0.453231
1, 0
-0.334620, -1.542080
1, 0
0.891905, 0.457448
1, 0
0.797906, 0.580345
1, 0
0.848526, 0.646210
-1, 0
0.284070, 0.274940
1, 0
-1.380632, 0.049307
-1, 0
0.472976, 0.453015
1, 0
-0.926551, -0.358493
1, 0
1.034769, 0.373601
1, 0
0.947883, 0.411843
-1, 0
0.501329, -0.005739
1, 0
-1.605173, -1.056930
1, 0
1.160158, 0.666920
-1, 0
0.382054, 0.436645
1, 0
-1.098208, -0.125501
1, 0
0.969916, 0.392997
1, 0
0.959985, 0.433359
-1, 0
0.669559, 0.174545
1, 0
-1.206245, -0.569807
-1, 0
0.285265, 0.389593
1, 0
-1.085850, 0.359397
-1, 0
0.454888, 0.942320
-1, 0
-0.957654, -0.636887
1, 0
-0.479777, -0.233422
1, 0
1.012579, 0.377262
-1, 0
0.898392, -0.287560
1, 0
-0.708005, -1.165854
1, 0
0.826076, 0.705333
1, 0
1.180045, 0.687291
-1, 0
0.467252, 0.923179
-1, 0
-0.869993, -0.453675
1, 0
-0.438956, -0.000634
-1, 0
1.742630, 0.515674
-1, 0
-1.326055, -0.573050
1, 0
-0.613700, -1.125848
1, 0
0.785260, 0.621599
1, 0
0.884862, 0.626704
1, 0
1.139268, 0.530494
-1, 0
0.626857, 1.106256
-1, 0
-0.888797, -0.556251
-1, 0
-0.812467, -0.604363
-1, 0
-1.225201, -0.618418
1, 0
-0.499795, -0.804728
1, 0
0.953110, 0.479112
-1, 0
0.530740, -0.000116
1, 0
-1.191513, -0.639421
-1, 0
0.511470, 0.413170
1, 0
-0.800899, -0.055286
-1, 0
0.815628, 0.534239
1, 0
-0.569904, -0.324484
-1, 0
0.929750, -0.005753
1, 0
-0.635347, -0.837968
1, 0
1.018046, 0.553153
-1, 0
0.458330, 0.164881
1, 0
-1.390549, -0.122006
-1, 0
0.459229, 0.695447
-1, 0
-0.899727, -0.446176
1, 0
-0.476109, -0.011051
-1, 0
1.700769, 0.459584
1, 0
-0.179488, -0.510068
-1, 0
0.681645, -0.689090
1, 0
-0.054213, -1.431852
1, 0
0.723253, 0.338092
1, 0
0.313489, 0.749519
-1, 0
-0.035749, 0.209579
1, 0
-1.538675, 1.762595
1, 0
1.184342, 0.343894
-1, 0
0.021303, 1.314200
-1, 0
-0.875570, -0.679077
1, 0
-0.515561, -0.026036
1, 0
0.973913, 0.420453
-1, 0
1.091930, 0.690819
-1, 0
-1.124641, -0.367264
-1, 0
-0.975669, -0.296600
-1, 0
-0.871122, -0.281092
-1, 0
-0.785640, -0.260126
-1, 0
-0.626456, -0.183682
-1, 0
0.301915, -0.523199
-1, 0
-1.519117, -0.779729
-1, 0
-1.265467, -0.388283
1, 0
0.049687, -0.599577
-1, 0
0.809701, -0.715071
1, 0
-0.061126, -0.746471
-1, 0
0.892120, -0.551413
-1, 0
-1.020400, -0.422732
-1, 0
-1.032428, -0.412904
1, 0
-0.029293, -1.937139
1, 0
0.710842, 0.574212
1, 0
0.868836, 0.672935
1, 0
1.096343, 0.693896
1, 0
1.243387, 0.481749
-1, 0
1.406748, 1.335286
-1, 0
-0.912520, -0.862956
-1, 0
-1.166441, -0.666246
-1, 0
-1.184592, -0.440332
1, 0
0.547535, -1.415941
1, 0
0.734686, 0.394616
1, 0
0.512928, 0.311107
1, 0
0.387916, 2.071576
-1, 0
0.117666, 0.314767
1, 0
-1.333736, 0.400412
1, 0
1.194000, 0.342576
-1, 0
1.119270, 0.223862
1, 0
-0.452781, -0.811149
1, 0
0.889087, 0.351476
1, 0
0.785593, 0.435979
1, 0
0.750357, 0.575147
-1, 0
0.300264, 0.229093
-1, 0
-1.035695, -0.401097
1, 0
-1.643757, 0.661166
-1, 0
0.215135, 0.577640
1, 0
-0.964715, 0.329562
1, 0
1.086164, 0.391171
1, 0
1.043949, 0.397935
-1, 0
1.859281, 1.686883
-1, 0
-1.126001, -0.738808
-1, 0
-1.037493, -0.559347
-1, 0
-1.134603, -0.471670
1, 0
-0.209965, -1.106657
1, 0
0.940889, 0.462898
1, 0
0.835101, 0.557130
-1, 0
0.592985, 0.054933
-1, 0
-1.019109, -0.414768
1, 0
-1.020476, -0.488879
-1, 0
0.844949, 0.129999
1, 0
-0.401226, -0.718687
1, 0
1.038682, 0.418808
-1, 0
0.499158, -0.522175
1, 0
0.053483, -1.667157
1, 0
0.834951, 0.422182
1, 0
0.644759, 0.339438
1, 0
0.448985, 0.716390
1, 0
0.694513, 0.865157
1, 0
1.168606, 0.546895
1, 0
1.071966, 0.431182
1, 0
1.081334, 0.422624
-1, 0
0.600256, 1.063914
-1, 0
-0.953905, -0.622069
1, 0
-0.679283, -0.307462
1, 0
0.992479, 0.385403
-1, 0
0.734954, -0.344278
1, 0
-0.510688, -1.504752
1, 0
0.810719, 0.434936
1, 0
0.765988, 0.642283
-1, 0
0.133847, 0.135829
1, 0
-2.750087, 0.480937
1, 0
1.271361, 0.384017
1, 0
1.051712, 0.376042
1, 0
0.985482, 0.378210
-1, 0
0.817609, 0.721759
1, 0
-0.819544, -0.120367
-1, 0
0.651398, 0.509474
-1, 0
-1.028880, -0.518133
1, 0
-1.277206, -0.017882
1, 0
1.073762, 0.370342
1, 0
0.993989, 0.455446
-1, 0
1.110534, 0.201599
1, 0
-0.812912, -0.577653
-1, 0
0.421731, 0.129566
1, 0
-1.763026, -0.330281
1, 0
1.173720, 0.497539
1, 0
1.111748, 0.493123
-1, 0
1.167346, 1.436909
-1, 0
-0.827037, -0.692457
-1, 0
-1.100285, -0.587251
1, 0
-0.357266, -0.948191
1, 0
0.948489, 0.410571
1, 0
0.783691, 0.376346
1, 0
0.820030, 0.538428
1, 0
0.763227, 0.621743
-1, 0
0.267336, 0.311196
1, 0
-1.496064, 0.348058
-1, 0
0.427948, 0.530641
-1, 0
-1.002202, -0.497466
1, 0
-1.791600, -0.000068
1, 0
0.918528, 0.555880
1, 0
1.047252, 0.459000
-1, 0
0.381714, 0.748718
1, 0
-0.866777, 0.308712
1, 0
1.075695, 0.370959
-1, 0
1.226733, 1.337882
-1, 0
-1.020032, -0.546559
-1, 0
-1.121637, -0.506392
1, 0
-1.351405, -0.285957
-1, 0
0.401478, 0.416254
1, 0
-1.063678, 0.251479
1, 0
1.171561, 0.400912
-1, 0
1.024005, 1.506433
-1, 0
-0.939705, -0.771833
1, 0
-0.462467, -0.545756
1, 0
0.896504, 0.395882
1, 0
0.813749, 0.355252
1, 0
0.877246, 0.524794
-1, 0
0.420134, 0.227471
-1, 0
-1.024546, -0.409367
1, 0
-1.369283, 0.474756
1, 0
1.114376, 0.368729
1, 0
1.018009, 0.364090
-1, 0
1.386350, 0.470278
1, 0
-0.582416, -0.385404
-1, 0
0.689762, 0.325739
-1, 0
-1.056685, -0.385345
-1, 0
-0.994865, -0.413404
1, 0
-1.093386, 0.546254
-1, 0
0.319754, 0.915499
-1, 0
-0.945632, -0.499183
-1, 0
-0.860737, -0.486103
-1, 0
-0.929704, -0.564667
1, 0
-0.687616, -0.164734
1, 0
1.038857, 0.454074
-1, 0
1.359266, 0.330347
-1, 0
-1.275294, -0.506400
1, 0
-1.070929, -0.730712
1, 0
0.980256, 0.524408
1, 0
0.918309, 0.499562
1, 0
1.040232, 0.506552
-1, 0
0.518568, 0.892988
1, 0
-0.539043, 0.233640
-1, 0
0.710460, 1.763985
-1, 0
-0.733540, -0.556632
-1, 0
-0.681883, -0.563074
-1, 0
-1.031217, -0.680065
-1, 0
-0.896445, -0.441788
-1, 0
-0.976040, -0.388791
-1, 0
-1.029071, -0.430015
1, 0
-0.224711, -0.841642
-1, 0
0.791156, -0.315057
-1, 0
-1.005142, -0.447653
1, 0
-0.316925, -1.726631
1, 0
0.890372, 0.502078
1, 0
0.837093, 0.484746
1, 0
0.800618, 0.534269
1, 0
0.918992, 0.736636
1, 0
0.925113, 0.500386
1, 0
1.109823, 0.486548
-1, 0
0.465130, 1.100572
-1, 0
-0.902883, -0.450095
-1, 0
-0.852839, -0.478404
-1, 0
-0.925649, -0.565951
1, 0
-0.341909, -0.380512
-1, 0
1.317536, -0.308715
-1, 0
-1.145515, -0.450120
1, 0
-0.335760, -1.399885
-1, 0
0.295179, -0.144615
1, 0
-2.056577, -2.108425
1, 0
1.299438, 0.724259
1, 0
1.123147, 0.435246
1, 0
1.165318, 0.379057
-1, 0
1.563225, 0.781878
-1, 0
-1.236215, -0.569761
1, 0
-0.093226, -1.266876
1, 0
0.937218, 0.297008
1, 0
0.683969, 0.237859
1, 0
0.020794, 0.633100
1, 0
1.402217, 0.679345
1, 0
1.177290, 0.474791
-1, 0
0.096338, 1.050801
-1, 0
-0.737370, -0.470608
-1, 0
-0.795171, -0.723147
1, 0
-0.476636, -0.646348
1, 0
0.898660, 0.325360
1, 0
0.811554, 0.359834
1, 0
0.850015, 0.509929
-1, 0
0.387886, 0.130874
1, 0
-1.808626, -0.261440
1, 0
1.141497, 0.461022
-1, 0
0.659279, 0.388739
1, 0
-1.016087, -0.584621
1, 0
0.973494, 0.485223
-1, 0
0.399604, 0.217663
1, 0
-1.836537, -0.145195
1, 0
1.279377, 0.437526
-1, 0
0.420963, 0.786917
-1, 0
-0.901538, -0.455732
-1, 0
-0.996170, -0.589530
1, 0
-1.202853, -0.677720
1, 0
1.058444, 0.455258
-1, 0
0.352224, 0.118221
1, 0
-2.659225, -0.230734
1, 0
1.167043, 0.392196
1, 0
1.158149, 0.368816
1, 0
1.019175, 0.380018
-1, 0
0.568481, 1.737203
-1, 0
-0.966415, -0.852223
1, 0
-0.496682, -0.168610
-1, 0
0, 0
0, 0
0, 0
0, 0
0, 0
0, 0
0, 0
0, 0
0, 0
0, 0
0, 0
0, 0
0, 0
0, 0
0, 0
0, 0
0, 0
0, 0
0, 0
0, 0
0, 0
0, 0
0, 0
0, 0
0, 0
0, 0
0, 0
0, 0
0, 0
0, 0
0, 0
0, 0
0, 0
0, 0
0, 0
0, 0
0, 0
0, 0
0, 0
0, 0
0, 0
0, 0
0, 0
0, 0
0, 0
0, 0
0, 0
0, 0
0, 0
0, 0
0, 0
0, 0
0, 0
0, 0
0, 0
0, 0
0, 0
0, 0
0, 0
0, 0
0, 0
0, 0
0, 0
0, 0
0, 0
0, 0
0, 0
0, 0
0, 0
0, 0
0, 0
0, 0
0, 0
0, 0
0, 0
0, 0
0, 0
0, 0
0, 0
0, 0
0, 0
0, 0
0, 0
0, 0
0, 0
0, 0
0, 0
0, 0
0, 0
0, 0
0, 0
0, 0
0, 0
0, 0
0, 0
0, 0
0, 0
0, 0
0, 0
0, 0
0, 0
0, 0
0, 0
0, 0
0, 0
0, 0
0, 0
0, 0
0, 0
0, 0
0, 0
0, 0
0, 0
0, 0
0, 0
0, 0
0, 0
0, 0
0, 0
0, 0
0, 0
0, 0
0, 0
0, 0
0, 0
0, 0
0, 0
0, 0
0, 0
0, 0
0, 0
0, 0
0, 0
0, 0
0, 0
0, 0
0, 0
0, 0
0, 0
0, 0
0, 0
0, 0
0, 0
0, 0
0, 0
0, 0
0, 0
0, 0
0, 0
0, 0
0, 0
0, 0
0, 0
0, 0
0, 0
0, 0
0, 0
0, 0
0, 0
0, 0
0, 0
0, 0
0, 0
0, 0
0, 0
0, 0
0, 0
0, 0
0, 0
0, 0
0, 0
0, 0
0, 0
0, 0
0, 0
0, 0
0, 0
0, 0
0, 0
0, 0
0, 0
0, 0
0, 0
0, 0
0, 0
0, 0
0, 0
0, 0
0, 0
0, 0
0, 0
0, 0
0, 0
0, 0
0, 0
0, 0
0, 0
0, 0
0, 0
0, 0
0, 0
0, 0
0, 0
0, 0
0, 0
0, 0
0, 0
0, 0
0, 0
0, 0
0, 0
0, 0
0, 0
0, 0
0, 0
0, 0
0, 0
0, 0
0, 0
0, 0
0, 0
0, 0
0, 0
0, 0
0, 0
0, 0
0, 0
0, 0
0, 0
0, 0
0, 0
0, 0
0, 0
0, 0
0, 0
0, 0
0, 0
0, 0
0, 0
0, 0
0, 0
0, 0
0, 0
0, 0
0, 0
0, 0
0, 0
0, 0
0, 0
0, 0
0, 0
0, 0
0, 0
0, 0
0, 0
0, 0
0, 0
0, 0
0, 0
0, 0
0, 0
0, 0
0, 0
0, 0
0, 0
0, 0
0, 0
0, 0
0, 0
0, 0
0, 0
0, 0
0, 0
0, 0
0, 0
0, 0
0, 0
0, 0
0, 0
0, 0
0, 0
0, 0
0, 0
0, 0
0, 0
0, 0
0, 0
0, 0
0, 0
0, 0
0, 0
0, 0
0, 0
0, 0
0, 0
0, 0
0, 0
0, 0
0, 0
0, 0
0, 0
0, 0
0, 0
0, 0
0, 0
0, 0
0, 0
0, 0
0, 0
0, 0
0, 0
0, 0
0, 0
0, 0
0, 0
0, 0
0, 0
0, 0
0, 0
0, 0
0, 0
0, 0
0, 0
0, 0
0, 0
0, 0
0, 0
0, 0
0, 0
0, 0
0, 0
0, 0
0, 0
0, 0
0, 0
0, 0
0, 0
0, 0
0, 0
0, 0
0, 0
0, 0
0, 0
0, 0
0, 0
0, 0
0, 0
0, 0
0, 0
0, 0
0, 0
0, 0
0, 0
0, 0
0, 0
0, 0
0, 0
0, 0
0, 0
0, 0
0, 0
0, 0
0, 0
0, 0
0, 0
0, 0
0, 0
0, 0
0, 0
0, 0
0, 0
0, 0
0, 0
0, 0
0, 0
0, 0
0, 0
0, 0
0, 0
0, 0
0, 0
0, 0
0, 0
0, 0
0, 0
0, 0
0, 0
0, 0
0, 0
0, 0
0, 0
0, 0
0, 0
0, 0
0, 0
0, 0
0, 0
0, 0
0, 0
0, 0
0, 0
0, 0
0, 0
0, 0
0, 0
0, 0
0, 0
0, 0
0, 0
0, 0
0, 0
0, 0
0, 0
0, 0
0, 0
0, 0
0, 0
0, 0
0, 0
0, 0
0, 0
0, 0
0, 0
0, 0
0, 0
0, 0
0, 0
0, 0
0, 0
0, 0
0, 0
0, 0
0, 0
0, 0
0, 0
0, 0
0, 0
0, 0
0, 0
0, 0
0, 0
0, 0
0, 0
0, 0
0, 0
0, 0
0, 0
0, 0
0, 0
0, 0
0, 0
0, 0
0, 0
0, 0
0, 0
0, 0
0, 0
0, 0
0, 0
0, 0
0, 0
0, 0
0, 0
0, 0
0, 0
0, 0
0, 0
0, 0
0, 0
0, 0
0, 0
0, 0
0, 0
0, 0
0, 0
0, 0
0, 0
0, 0
0, 0
0, 0
0, 0
0, 0
0, 0
0, 0
0, 0
0, 0
0, 0
0, 0
0, 0
0, 0
0, 0
0, 0
0, 0
0, 0
0, 0
0, 0
0, 0
0, 0
0, 0
0, 0
0, 0
0, 0
0, 0
0, 0
0, 0
0, 0
0, 0
0, 0
0, 0
0, 0
0, 0
0, 0
0, 0
0, 0
0, 0
0, 0
0, 0
0, 0
0, 0
0, 0
0, 0
0, 0
0, 0
0, 0
0, 0
0, 0
0, 0
0, 0
0, 0
0, 0
0, 0
0, 0
0, 0
0, 0
0, 0
0, 0
0, 0
0, 0
0, 0
0, 0
0, 0
0, 0
0, 0
0, 0
0, 0
0, 0
0, 0
0, 0
0, 0
0, 0
0, 0
0, 0
0, 0
0, 0
0, 0
0, 0
0, 0
0, 0
0, 0
0, 0
0, 0
0, 0
0, 0
0, 0
0, 0
0, 0
0, 0
0, 0
0, 0
0, 0
0, 0
0, 0
0, 0
0, 0
0, 0
0, 0
0, 0
0, 0
0, 0
0, 0
0, 0
0, 0
0, 0
0, 0
0, 0
0, 0
0, 0
0, 0
0, 0
0, 0
0, 0
0, 0
0, 0
0, 0
0, 0
0, 0
0, 0
0, 0
0, 0
0, 0
0, 0
0, 0
0, 0
0, 0
0, 0
0, 0
0, 0
0, 0
0, 0
0, 0
0, 0
0, 0
0, 0
0, 0
0, 0
0, 0
0, 0
0, 0
0, 0
0, 0
0, 0
0, 0
0, 0
0, 0
0, 0
0, 0
0, 0
0, 0
0, 0
0, 0
0, 0
0, 0
0, 0
0, 0
0, 0
0, 0
0, 0
0, 0
0, 0
0, 0
0, 0
0, 0
0, 0
0, 0
0, 0
0, 0
0, 0
0, 0
0, 0
0, 0
0, 0
0, 0
0, 0
0, 0
0, 0
0, 0
0, 0
0, 0
0, 0
0, 0
0, 0
0, 0
0, 0
0, 0
0, 0
0, 0
0, 0
0, 0
0, 0
0, 0
0, 0
0, 0
0, 0
0, 0
0, 0
0, 0
0, 0
0, 0
0, 0
0, 0
0, 0
0, 0
0, 0
0, 0
0, 0
0, 0
0, 0
0, 0
0, 0
0, 0
0, 0
0, 0
0, 0
0, 0
0, 0
0, 0
0, 0
0, 0
0, 0
0, 0
0, 0
0, 0
0, 0
0, 0
0, 0
0, 0
0, 0
0, 0
0, 0
0, 0
0, 0
0, 0
0, 0
0, 0
0, 0
0, 0
0, 0
0, 0
0, 0
0, 0
0, 0
0, 0
0, 0
0, 0
0, 0
0, 0
0, 0
0, 0
0, 0
0, 0
0, 0
0, 0
0, 0
0, 0
0, 0
0, 0
0, 0
0, 0
0, 0
0, 0
0, 0
0, 0
0, 0
0, 0
0, 0
0, 0
0, 0
0, 0
0, 0
0, 0
0, 0
0, 0
0, 0
0, 0
0, 0
0, 0
0, 0
0, 0
0, 0
0, 0
0, 0
0, 0
0, 0
0, 0
0, 0
0, 0
0, 0
0, 0
0, 0
0, 0
0, 0
0, 0
0, 0
0, 0
0, 0
0, 0
0, 0
0, 0
0, 0
0, 0
0, 0
0, 0
0, 0
0, 0
0, 0
0, 0
0, 0
0, 0
0, 0
0, 0
0, 0
0, 0
0, 0
0, 0
0, 0
0, 0
0, 0
0, 0
0, 0
0, 0
0, 0
0, 0
0, 0
0, 0
0, 0
0, 0
0, 0
0, 0
0, 0
0, 0
0, 0
0, 0
0, 0
0, 0
0, 0
0, 0
0, 0
0, 0
0, 0
0, 0
0, 0
0, 0
0, 0
0, 0
0, 0
0, 0
0, 0
0, 0
0, 0
0, 0
0, 0
0, 0
0, 0
0, 0
0, 0
0, 0
0, 0
0, 0
0, 0
0, 0
0, 0
0, 0
0, 0
0, 0
0, 0
0, 0
0, 0
0, 0
0, 0
0, 0
0, 0
0, 0
0, 0
0, 0
0, 0
0, 0
0, 0
0, 0
0, 0
0, 0
0, 0
0, 0
0, 0
0, 0
0, 0
0, 0
0, 0
0, 0
0, 0
0, 0
0, 0
0, 0
0, 0
0, 0
0, 0
0, 0
0, 0
0, 0
0, 0
0, 0
0, 0
0, 0
0, 0
0, 0
0, 0
0, 0
0, 0
0, 0
0, 0
0, 0
0, 0
0, 0
0, 0
0, 0
0, 0
0, 0
0, 0
0, 0
0, 0
0, 0
0, 0
0, 0
0, 0
0, 0
0, 0
0, 0
0, 0
0, 0
0, 0
0, 0
0, 0
0, 0
0, 0
0, 0
0, 0
0, 0
0, 0
0, 0
0, 0
0, 0
0, 0
0, 0
0, 0
0, 0
0, 0
0, 0
0, 0
0, 0
0, 0
0, 0
0, 0
0, 0
0, 0
0, 0
0, 0
0, 0
0, 0
0, 0
0, 0
0, 0
0, 0
0, 0
0, 0
0, 0
0, 0
0, 0
0, 0
0, 0
0, 0
0, 0
0, 0
0, 0
0, 0
0, 0
0, 0
0, 0
0, 0
0, 0
0, 0
0, 0
0, 0
0, 0
0, 0
0, 0
0, 0
0, 0
0, 0
0, 0
0, 0
0, 0
0, 0
0, 0
0, 0
0, 0
0, 0
0, 0
0, 0
0, 0
0, 0
0, 0
0, 0
0, 0
0, 0
0, 0
0, 0
0, 0
0, 0
0, 0
0, 0
0, 0
0, 0
0, 0
0, 0
0, 0
0, 0
0, 0
0, 0
0, 0
0, 0
0, 0
0, 0
0, 0
0, 0
0, 0
0, 0
0, 0
0, 0
0, 0
0, 0
0, 0
0, 0
0, 0
0, 0
0, 0
0, 0
0, 0
0, 0
0, 0
0, 0
0, 0
0, 0
0, 0
0, 0
0, 0
0, 0
0, 0
0, 0
0, 0
0, 0
0, 0
0, 0
0, 0
0, 0
0, 0
0, 0
0, 0
0, 0
0, 0
0, 0
0, 0
0, 0
0, 0
0, 0
0, 0
0, 0
0, 0
0, 0
0, 0
0, 0
0, 0
0, 0
0, 0
0, 0
0, 0
0, 0
0, 0
0, 0
0, 0
0, 0
0, 0
0, 0
0, 0
0, 0
0, 0
0, 0
0, 0
0, 0
0, 0
0, 0
0, 0
0, 0
0, 0
0, 0
0, 0
0, 0
0, 0
0, 0
0, 0
0, 0
0, 0
0, 0
0, 0
0, 0
0, 0
0, 0
0, 0
0, 0
0, 0
0, 0
0, 0
0, 0
0, 0
0, 0
0, 0
0, 0
0, 0
0, 0
0, 0
0, 0
0, 0
0, 0
0, 0
0, 0
0, 0
0, 0
0, 0
0, 0
0, 0
0, 0
0, 0
0, 0
0, 0
0, 0
0, 0
0, 0
0, 0
0, 0
0, 0
0, 0
0, 0
0, 0
0, 0
0, 0
0, 0
0, 0
0, 0
0, 0
0, 0
0, 0
0, 0
0, 0
0, 0
0, 0
0, 0
0, 0
0, 0
0, 0
0, 0
0, 0
0, 0
0, 0
0, 0
0, 0
0, 0
0, 0
0, 0
0, 0
0, 0
0, 0
0, 0
0, 0
0, 0
0, 0
0, 0
0, 0
0, 0
0, 0
0, 0
0, 0
0, 0
0, 0
0, 0
0, 0
0, 0
0, 0
0, 0
0, 0
0, 0
0, 0
0, 0
0, 0
0, 0
0, 0
0, 0
0, 0
0, 0
0, 0
0, 0
0, 0
0, 0
0, 0
0, 0
0, 0
0, 0
0, 0
0, 0
0, 0
0, 0
0, 0
0, 0
0, 0
0, 0
0, 0
0, 0
0, 0
0, 0
0, 0
0, 0
0, 0
0, 0
0, 0
0, 0
0, 0
0, 0
0, 0
0, 0
0, 0
0, 0
0, 0
0, 0
0, 0
0, 0
0, 0
0, 0
0, 0
0, 0
0, 0
0, 0
0, 0
0, 0
0, 0
0, 0
0, 0
0, 0
0, 0
0, 0
0, 0
0, 0
-1, 0
1.092396, 0.751361
-1, 0
-0.907396, -0.650311
1, 0
-0.646270, -0.308205
-1, 0
-1.056687, -0.406667
1, 0
0.983183, 0.518124
-1, 0
-1.054659, -0.454715
1, 0
0.886111, 0.572894
1, 0
-0.960764, -0.741128
-1, 0
0.738108, 0.266181
1, 0
1.006173, 0.383566
-1, 0
-0.940739, -0.469977
1, 0
1.023683, 0.321759
1, 0
-0.921871, -0.129425
-1, 0
0.608295, 0.790264
-1, 0
1.044260, 1.112631
-1, 0
-0.809108, -0.462526
-1, 0
-0.879253, -0.428899
-1, 0
-1.032190, -0.645162
1, 0
-0.313989, -0.730412
1, 0
-0.286301, -1.130016
1, 0
0.787512, 0.327998
1, 0
0.762869, 0.491120
-1, 0
0.347793, 0.211132
1, 0
1.114211, 0.572019
-1, 0
-0.995620, -0.460789
1, 0
0.990481, 0.381824
-1, 0
-0.944566, -0.511167
1, 0
0.921417, 0.342106
-1, 0
-1.168057, -0.428881
1, 0
0.835464, 0.330883
1, 0
-1.239508, -1.337255
1, 0
0.915800, 0.435790
1, 0
0.980854, 0.463037
1, 0
1.098007, 0.458593
-1, 0
0.571043, 0.512694
-1, 0
0.576515, 0.452436
1, 0
-1.069323, -0.363853
1, 0
-1.274360, -0.295304
1, 0
0.989620, 0.472411
-1, 0
0.535300, 0.324994
1, 0
0.990995, 0.408801
1, 0
-1.202783, -0.292219
-1, 0
0.482667, 0.426150
1, 0
0.989236, 0.412012
1, 0
-1.178441, -0.134384
-1, 0
0.482577, 0.484115
1, 0
0.862360, 0.453280
1, 0
-1.246822, -0.021182
-1, 0
0.506158, 0.444948
1, 0
0.862328, 0.394303
1, 0
-1.533820, 0.002841
1, 0
1.003750, 0.421491
1, 0
1.009210, 0.431495
-1, 0
0.181424, 0.773015
-1, 0
0.080691, 0.805534
1, 0
-0.760017, 0.604776
1, 0
-0.659544, 0.462906
-1, 0
0.110136, 1.263487
-1, 0
0.050195, 1.404326
-1, 0
-0.931402, -0.431315
-1, 0
-0.922057, -0.503925
-1, 0
-0.900999, -0.532581
1, 0
-0.440648, 0.239662
-1, 0
-0.987581, -0.439150
-1, 0
0.752863, 1.651189
-1, 0
-1.080991, -0.359443
-1, 0
-0.862086, -0.332276
-1, 0
-1.008947, -0.302967
-1, 0
-0.824727, -0.326530
-1, 0
-1.028042, -0.685082
-1, 0
-0.829324, -0.386126
-1, 0
-0.710464, -0.459182
-1, 0
-0.793205, -0.429080
-1, 0
-1.070787, -0.386948
-1, 0
-1.147106, -0.470686
1, 0
-0.491235, -0.429858
-1, 0
-1.112945, -0.395631
1, 0
0.976169, 0.479947
-1, 0
-0.956424, -0.457879
-1, 0
1.134787, 0.867090
-1, 0
-0.954936, -0.382660
-1, 0
-0.792738, -0.360623
-1, 0
-0.716490, -0.400333
-1, 0
-0.814887, -0.482583
-1, 0
-0.793043, -0.545314
-1, 0
-0.909370, -0.550010
-1, 0
-0.985858, -0.550191
-1, 0
-1.054298, -0.371856
1, 0
-0.277406, -0.884732
1, 0
-0.600132, -1.045131
1, 0
1.002469, 0.588922
-1, 0
0.822781, 0.249393
-1, 0
0.902668, 0.441426
-1, 0
-1.022526, -0.437913
1, 0
-0.546818, -0.217894
-1, 0
-0.852148, -0.582197
-1, 0
1.804958, 0.375759
-1, 0
-0.856564, -0.458595
-1, 0
-0.897793, -0.507546
-1, 0
-1.033371, -0.434632
1, 0
-0.151469, -0.679150
-1, 0
-1.047017, -0.463650
1, 0
0.943929, 0.432568
1, 0
-0.173019, -1.171461
-1, 0
0.466049, -0.282623
1, 0
0.959961, 0.503943
1, 0
-1.059192, -1.425543
1, 0
1.029349, 0.457518
1, 0
0.983952, 0.574514
-1, 0
0.478233, 0.192441
1, 0
0.974593, 0.470358
-1, 0
-1.030231, -0.440541
-1, 0
0.697185, 0.461160
1, 0
-0.718307, -0.263681
1, 0
-0.684974, -0.438069
-1, 0
1.142148, 0.024514
-1, 0
0.866373, -0.143300
1, 0
-0.758852, -1.064357
1, 0
-1.054909, -1.481769
1, 0
0.767260, 0.578252
1, 0
1.098444, 0.604133
-1, 0
0.546339, 0.423425
1, 0
0.945596, 0.401711
-1, 0
-1.072144, -0.559029
1, 0
0.951564, 0.474405
-1, 0
-1.006179, -0.474005
1, 0
0.957552, 0.451973
1, 0
-1.010114, 0.153230
-1, 0
0.476502, 0.940323
-1, 0
0.757853, 1.311913
-1, 0
-0.975258, -0.524016
-1, 0
-0.881731, -0.585996
-1, 0
-0.948682, -0.571350
1, 0
-0.488819, -0.418372
-1, 0
-1.007270, -0.505577
1, 0
0.959170, 0.423269
-1, 0
-0.940923, -0.427972
-1, 0
1.482644, 0.593416
-1, 0
-0.918817, -0.590310
-1, 0
-1.119442, -0.521047
1, 0
-0.280570, -0.874103
1, 0
-0.532735, -1.184326
1, 0
0.879440, 0.543832
1, 0
1.045698, 0.656112
-1, 0
0.550448, 0.517312
-1, 0
0.802297, 0.972397
-1, 0
-0.679699, -0.430256
-1, 0
-0.935662, -0.560407
-1, 0
-1.019492, -0.579430
1, 0
-0.330680, -0.758471
1, 0
-0.440653, -0.994718
1, 0
0.925670, 0.529017
-1, 0
0.735390, -0.063749
-1, 0
0.717079, 0.005236
1, 0
-0.799763, -0.888162
1, 0
-0.823207, -1.151810
1, 0
0.830472, 0.381665
1, 0
0.886841, 0.495592
1, 0
0.775973, 0.532999
1, 0
0.936287, 0.564783
-1, 0
0.221818, 0.519124
1, 0
1.125879, 0.473242
-1, 0
-0.880748, -0.386946
-1, 0
0.799991, 1.455505
-1, 0
-0.727256, -0.535146
-1, 0
-0.959989, -0.532607
1, 0
-0.475554, -0.396139
-1, 0
-1.072453, -0.439420
1, 0
0.927226, 0.483681
-1, 0
-0.942428, -0.452162
-1, 0
0.966125, 0.198385
1, 0
-0.641937, -0.453364
-1, 0
-1.090524, -0.462162
1, 0
0.949381, 0.419246
1, 0
-0.575235, -0.746217
-1, 0
0.755478, -0.005665
-1, 0
0.738311, 0.063317
1, 0
-1.005808, -0.717560
1, 0
-1.129827, -0.758947
1, 0
1.022666, 0.515362
-1, 0
0.945664, 0.148836
-1, 0
0.935767, 0.053597
1, 0
-0.812377, -0.924486
1, 0
-1.163045, -1.223667
1, 0
0.811761, 0.454127
1, 0
0.858140, 0.503910
1, 0
0.992831, 0.499155
-1, 0
0.358217, 0.545702
1, 0
1.015621, 0.487919
-1, 0
-0.912182, -0.406836
-1, 0
0.795400, 0.910434
1, 0
-0.728886, -0.067901
-1, 0
-1.010080, -0.449991
1, 0
0.931853, 0.413547
1, 0
-0.966025, -0.164985
-1, 0
0.657570, 0.721606
-1, 0
0.691414, 1.001230
-1, 0
-1.022715, -0.505985
1, 0
-0.558446, 0.144931
-1, 0
-0.884851, -0.445088
-1, 0
1.203623, 1.350711
-1, 0
-0.944764, -0.487375
-1, 0
-0.946545, -0.460410
-1, 0
-0.800290, -0.400819
-1, 0
-0.940389, -0.586632
-1, 0
-0.815134, -0.524264
-1, 0
-0.946198, -0.476363
1, 0
-0.184901, -0.664077
-1, 0
-1.020692, -0.385636
1, 0
0.881089, 0.451491
1, 0
-0.545611, -0.900475
-1, 0
0.708906, 0.097014
-1, 0
0.852963, 0.274785
1, 0
-0.623488, -0.345518
-1, 0
-0.871891, -0.483883
-1, 0
1.262730, -0.204602
1, 0
-0.224338, -0.747486
-1, 0
-0.999853, -0.435609
1, 0
0.923919, 0.444486
1, 0
-0.625963, -1.474041
1, 0
0.999798, 0.572138
1, 0
1.035576, 0.496758
-1, 0
0.572577, 0.056971
1, 0
0.955586, 0.501219
-1, 0
-1.040058, -0.442230
1, 0
1.001494, 0.481307
1, 0
-1.169528, -0.630390
1, 0
1.036576, 0.466080
-1, 0
0.883262, 0.409212
-1, 0
0.967096, 0.414448
-1, 0
-0.965965, -0.477993
1, 0
-0.650512, -0.729552
1, 0
-0.705393, -0.946595
1, 0
0.881210, 0.411641
1, 0
0.902167, 0.505404
-1, 0
0.448320, 0.087643
1, 0
0.942331, 0.546307
1, 0
-1.296281, -0.257922
-1, 0
0.526379, 0.482108
1, 0
1.100189, 0.427127
-1, 0
-0.945821, -0.487601
-1, 0
0.996345, 0.391150
1, 0
-0.497442, -0.481287
-1, 0
-1.019030, -0.480417
1, 0
0.924116, 0.394489
1, 0
-0.742830, -1.222539
1, 0
0.758851, 0.413821
1, 0
0.876604, 0.500745
1, 0
0.910700, 0.534433
1, 0
1.052763, 0.545655
-1, 0
0.326937, 0.698209
-1, 0
0.416313, 0.851773
1, 0
-0.584318, 0.154772
-1, 0
-0.845287, -0.533664
-1, 0
1.388009, 0.725935
-1, 0
-1.085009, -0.479481
1, 0
-0.687582, -0.656848
1, 0
-0.764397, -0.749866
1, 0
0.915636, 0.489904
-1, 0
0.694692, 0.202528
-1, 0
0.664915, 0.262030
1, 0
-1.142963, -0.412030
1, 0
-1.136145, -0.474666
1, 0
0.956504, 0.418012
-1, 0
0.837010, 0.353108
-1, 0
0.719022, 0.310549
1, 0
-1.115870, -0.479839
1, 0
-1.349033, -0.460853
1, 0
0.997409, 0.484510
-1, 0
0.562960, 0.468289
1, 0
1.051940, 0.431184
-1, 0
-0.987872, -0.480243
1, 0
0.959180, 0.431764
-1, 0
-0.944181, -0.515083
-1, 0
0.896098, 0.903753
-1, 0
-1.001196, -0.514345
1, 0
-0.720037, -0.209295
1, 0
-0.639216, -0.303742
-1, 0
1.075102, 0.428669
-1, 0
1.033264, 0.430062
-1, 0
-1.002750, -0.446408
1, 0
-0.842297, -0.289162
1, 0
-0.699756, -0.257965
-1, 0
1.074285, 0.517355
-1, 0
1.229611, 0.436106
-1, 0
-1.030565, -0.492551
1, 0
-0.721806, -0.497335
1, 0
-0.797369, -0.458508
-1, 0
0.852426, 0.312241
-1, 0
0.903301, 0.411130
1, 0
-0.631791, -0.324021
-1, 0
-0.983539, -0.530162
-1, 0
1.222963, 0.200210
1, 0
-0.457323, -0.600736
-1, 0
-1.057239, -0.448710
1, 0
0.917113, 0.436929
1, 0
-0.805079, -1.090750
1, 0
0.947140, 0.524557
-1, 0
0.532608, 0.087453
1, 0
0.997103, 0.479427
1, 0
-1.249272, -0.314882
-1, 0
0.562136, 0.483442
1, 0
1.111586, 0.438881
-1, 0
-0.903769, -0.396920
-1, 0
1.044027, 0.689799
-1, 0
-1.062892, -0.411367
1, 0
-0.596168, -0.478471
1, 0
-0.586617, -0.610764
-1, 0
0.792612, 0.007476
1, 0
0.973366, 0.408575
-1, 0
-1.074100, -0.426758
1, 0
0.906757, 0.498995
1, 0
-1.009784, -0.461209
-1, 0
0.613721, 0.320215
1, 0
0.991588, 0.449976
-1, 0
-1.074890, -0.428672
1, 0
1.099190, 0.510455
-1, 0
-0.920435, -0.368708
-1, 0
0.760897, 0.318983
1, 0
-0.823749, -0.367909
1, 0
-0.746089, -0.462751
-1, 0
1.049251, 0.265991
-1, 0
1.095001, 0.094272
1, 0
-0.602964, -0.583032
-1, 0
-1.086367, -0.397005
1, 0
0.775868, 0.384583
1, 0
-0.994385, -0.897417
1, 0
1.138957, 0.552441
-1, 0
0.873606, 0.197229
-1, 0
0.863552, 0.104491
1, 0
-0.882195, -0.758327
1, 0
-0.977001, -1.073045
1, 0
0.881121, 0.436437
1, 0
0.924433, 0.479456
1, 0
0.986565, 0.640576
-1, 0
0.339732, 0.464329
1, 0
1.019534, 0.464321
-1, 0
-0.864106, -0.415085
-1, 0
1.094842, 0.864053
-1, 0
-1.100923, -0.758248
1, 0
-0.550648, -0.712218
1, 0
-0.426515, -1.204552
1, 0
0.741906, 0.364899
1, 0
0.640578, 0.407412
1, 0
0.615663, 0.735035
1, 0
1.037867, 0.623531
1, 0
1.184422, 0.526405
-1, 0
0.303363, 0.829605
-1, 0
0.616178, 0.992470
-1, 0
-0.887255, -0.465453
1, 0
-0.791811, -0.394046
1, 0
-1.008786, -0.664442
1, 0
0.847173, 0.417298
1, 0
0.848671, 0.472969
-1, 0
0.302534, 0.324952
1, 0
1.051511, 0.499061
1, 0
-1.129873, 0.436234
-1, 0
0.183508, 0.867137
1, 0
0.993304, 0.389482
-1, 0
-0.837883, -0.383701
-1, 0
0.522281, 1.278291
-1, 0
-0.975212, -0.489622
-1, 0
-0.978761, -0.447454
1, 0
-0.499904, 0.116434
-1, 0
-0.771560, -0.364463
-1, 0
1.301364, 1.206894
-1, 0
-1.122932, -0.448788
-1, 0
-0.957574, -0.427102
-1, 0
-1.035138, -0.417795
1, 0
-0.401588, -0.249945
-1, 0
-0.953419, -0.445513
-1, 0
1.434625, 0.200223
-1, 0
-1.029970, -0.442357
1, 0
-0.375677, -0.626037
-1, 0
-1.011133, -0.420671
1, 0
0.944538, 0.383934
1, 0
-0.622313, -0.947004
-1, 0
0.584823, -0.044487
1, 0
0.876332, 0.455596
1, 0
-1.033117, -0.714203
-1, 0
0.570539, 0.188672
1, 0
1.034959, 0.443252
1, 0
-0.959900, -0.491007
-1, 0
0.786002, 0.339384
-1, 0
0.769876, 0.235571
1, 0
-0.900150, -0.449066
1, 0
-1.067730, -0.681743
1, 0
1.082848, 0.446031
-1, 0
0.540790, 0.174675
1, 0
0.892399, 0.424111
1, 0
-1.749523, -0.503289
1, 0
1.086286, 0.570279
1, 0
1.136829, 0.555380
-1, 0
0.069372, 0.919181
-1, 0
0.162708, 1.306093
-1, 0
-0.803724, -0.468391
-1, 0
-0.807058, -0.540076
-1, 0
-0.979378, -0.637572
-1, 0
-1.234359, -0.579578
1, 0
-0.653064, -0.380500
1, 0
-0.814604, -0.294993
-1, 0
0.839260, 0.736545
-1, 0
0.740197, 1.006999
-1, 0
-0.887773, -0.358297
-1, 0
-0.877768, -0.449047
-1, 0
-0.829672, -0.644255
-1, 0
-0.942946, -0.562080
1, 0
-0.377884, -0.455121
-1, 0
-1.132508, -0.377348
1, 0
0.926997, 0.507511
-1, 0
-0.921726, -0.319476
-1, 0
1.122851, 0.950323
-1, 0
-0.823345, -0.482746
-1, 0
-0.840895, -0.444693
-1, 0
-1.085495, -0.466245
1, 0
-0.165178, -0.626356
-1, 0
-1.150058, -0.410532
1, 0
0.853577, 0.469979
1, 0
-0.888175, -1.235878
1, 0
0.976914, 0.645041
-1, 0
0.788363, 0.314156
-1, 0
0.934067, 0.453616
-1, 0
-0.978105, -0.443682
1, 0
-0.621131, -0.480457
1, 0
-0.560105, -0.581520
-1, 0
0.947640, -0.062977
-1, 0
0.808443, -0.066195
1, 0
-0.671302, -0.775541
1, 0
-0.806147, -0.890991
-1, 0
0.650549, -0.001432
1, 0
0.938860, 0.506010
1, 0
-1.045984, -0.693430
-1, 0
0.571118, 0.233720
1, 0
1.055990, 0.518354
-1, 0
-0.934416, -0.467637
-1, 0
0.886234, 0.313604
1, 0
-0.654760, -0.538836
1, 0
-0.688831, -0.702466
-1, 0
0.605343, -0.066551
1, 0
0.835419, 0.476216
1, 0
-1.500412, -0.765212
1, 0
1.112391, 0.560802
-1, 0
0.575225, 0.718670
-1, 0
0.647543, 0.949780
-1, 0
-0.906801, -0.507703
1, 0
-0.470531, -0.189402
-1, 0
-1.029304, -0.611931
-1, 0
1.068828, 0.047513
1, 0
-0.746556, -0.619569
1, 0
-0.820204, -0.534254
-1, 0
0.833127, 0.389789
-1, 0
1.046858, 0.683305
-1, 0
-0.928966, -0.491079
1, 0
-0.463287, -0.296580
-1, 0
-0.990402, -0.523074
-1, 0
1.143018, -0.115734
1, 0
-0.397923, -0.687283
-1, 0
-1.078988, -0.438425
1, 0
0.946896, 0.484339
1, 0
-0.613150, -0.714445
-1, 0
0.908521, -0.023290
-1, 0
0.853743, -0.142580
1, 0
-0.529855, -0.996415
1, 0
-0.796177, -1.360315
1, 0
0.861238, 0.510735
1, 0
0.966233, 0.631734
-1, 0
0.496827, 0.335197
1, 0
1.084131, 0.516511
-1, 0
-0.893591, -0.454305
-1, 0
1.230786, 0.553547
-1, 0
-1.024016, -0.566194
1, 0
-0.492355, -0.830848
1, 0
-0.559546, -1.075768
1, 0
0.808413, 0.510849
1, 0
0.980625, 0.578176
-1, 0
0.497570, 0.097504
1, 0
1.005989, 0.504713
-1, 0
-0.998517, -0.429764
1, 0
0.974332, 0.434121
1, 0
-1.023312, -0.630036
1, 0
1.035530, 0.429697
-1, 0
0.780968, 0.215477
-1, 0
0.702045, 0.145236
1, 0
-0.924523, -0.759354
1, 0
-1.037876, -0.996863
1, 0
0.841524, 0.398282
1, 0
0.802726, 0.343150
1, 0
0.823747, 0.428594
1, 0
0.806589, 0.625800
1, 0
1.070375, 0.600420
-1, 0
0.138269, 0.657101
1, 0
1.083798, 0.391328
-1, 0
-0.884307, -0.457982
-1, 0
0.447250, 1.107199
1, 0
-0.555559, 0.051684
-1, 0
-0.968726, -0.528729
-1, 0
0.709577, 0.844834
1, 0
-0.670432, 0.115943
-1, 0
-0.821082, -0.356965
-1, 0
0.940504, 1.322460
-1, 0
-0.839086, -0.486129
-1, 0
-0.916529, -0.514195
-1, 0
-0.988857, -0.453466
1, 0
-0.434089, -0.313989
-1, 0
-0.929927, -0.399642
-1, 0
1.423302, 0.357190
-1, 0
-0.915473, -0.439690
-1, 0
-0.964696, -0.574896
1, 0
-0.172787, -0.616282
-1, 0
-1.069386, -0.423519
1, 0
0.908955, 0.414979
1, 0
-0.373653, -1.524930
1, 0
0.791858, 0.566089
1, 0
1.053303, 0.631138
-1, 0
0.583947, 0.351886
-1, 0
0.798071, 0.486786
1, 0
-0.576432, -0.412286
-1, 0
-1.117795, -0.531125
1, 0
0.953486, 0.407524
1, 0
-0.843563, -1.192988
1, 0
0.893071, 0.597259
-1, 0
0.439989, 0.325273
1, 0
1.101259, 0.469254
-1, 0
-0.881062, -0.393329
-1, 0
1.276700, 0.511307
-1, 0
-1.045122, -0.580052
1, 0
-0.428121, -0.892566
1, 0
-0.503371, -1.264014
1, 0
0.848886, 0.466839
1, 0
0.993826, 0.624250
-1, 0
0.508627, 0.181417
1, 0
1.106221, 0.501345
-1, 0
-1.041458, -0.510217
1, 0
0.995171, 0.389762
1, 0
-1.003067, -1.093360
1, 0
0.837917, 0.460816
1, 0
0.895695, 0.592208
1, 0
1.033509, 0.569537
-1, 0
0.349248, 0.666407
-1, 0
0.368548, 0.851468
1, 0
-0.568992, 0.189418
-1, 0
-0.897697, -0.453296
-1, 0
1.489244, 0.975417
-1, 0
-0.898310, -0.582034
-1, 0
-1.045647, -0.491070
1, 0
-0.473190, -0.800630
1, 0
-0.483171, -0.984933
1, 0
0.971510, 0.443503
-1, 0
0.548330, -0.208649
1, 0
0.826492, 0.481172
1, 0
-1.446344, -1.279459
1, 0
0.891884, 0.584108
1, 0
1.068455, 0.511834
-1, 0
0.524817, 0.380293
1, 0
1.023328, 0.426207
-1, 0
-1.090332, -0.521379
1, 0
1.003691, 0.432471
1, 0
-1.320367, -0.531596
1, 0
0.938656, 0.490690
-1, 0
0.444888, 0.512122
1, 0
1.030415, 0.476488
-1, 0
-0.909383, -0.497486
-1, 0
0.756149, 0.665371
1, 0
-0.739265, -0.333121
1, 0
-0.882007, -0.434620
-1, 0
0.543493, 0.278960
1, 0
0.948446, 0.541085
1, 0
-1.052202, 0.181189
-1, 0
0.409208, 0.946373
-1, 0
0.603373, 1.359536
-1, 0
-0.794627, -0.541469
-1, 0
-0.829831, -0.490245
-1, 0
-1.119350, -0.550269
1, 0
-0.446954, -0.398111
-1, 0
-1.054737, -0.457407
1, 0
0.949325, 0.458918
-1, 0
-1.049881, -0.470800
1, 0
1.059330, 0.503204
-1, 0
-1.079873, -0.433959
1, 0
0.989640, 0.458710
1, 0
-0.947457, -0.237945
-1, 0
0.646369, 0.686005
-1, 0
0.911329, 1.046309
-1, 0
-0.876128, -0.445180
-1, 0
-0.781283, -0.513571
-1, 0
-0.967246, -0.627773
-1, 0
-1.105955, -0.518187
1, 0
-0.203468, -0.861355
1, 0
-0.224058, -1.155908
1, 0
0.885086, 0.554945
-1, 0
0.517476, -0.083759
1, 0
1.008718, 0.507901
-1, 0
-0.932756, -0.388751
1, 0
1.062909, 0.496258
1, 0
-0.573374, -0.765563
-1, 0
0.566109, -0.163183
1, 0
1.000606, 0.415428
1, 0
-1.123960, -1.527677
1, 0
0.803361, 0.489010
1, 0
0.965535, 0.558319
1, 0
1.064569, 0.462784
-1, 0
0.576091, 0.593737
-1, 0
0.748973, 0.722258
-1, 0
-1.009152, -0.535898
1, 0
-0.722971, -0.280397
1, 0
-0.599518, -0.385525
-1, 0
1.062224, 0.192549
-1, 0
0.934652, 0.002017
1, 0
-0.730182, -0.843887
1, 0
-0.912736, -1.078265
1, 0
0.915406, 0.561577
-1, 0
0.446840, 0.230607
1, 0
1.083894, 0.556666
1, 0
-1.012485, -0.162082
-1, 0
0.800574, 0.607214
-1, 0
1.048155, 0.621587
-1, 0
-0.999240, -0.535183
1, 0
-0.670068, -0.581504
1, 0
-0.687952, -0.694494
-1, 0
0.689031, 0.011056
1, 0
1.013664, 0.500390
1, 0
-0.789715, -0.624223
-1, 0
0.763850, 0.167365
-1, 0
0.851018, 0.132076
1, 0
-0.862397, -0.825039
1, 0
-1.244895, -1.040351
1, 0
0.877593, 0.538008
1, 0
0.964569, 0.479259
-1, 0
0.615464, 0.255586
-1, 0
0.653326, 0.220648
1, 0
-0.975060, -0.520223
1, 0
-1.014688, -0.673293
1, 0
1.064493, 0.517611
-1, 0
0.540155, 0.078779
1, 0
0.933335, 0.516760
1, 0
-1.441367, -0.979327
1, 0
0.949321, 0.383842
-1, 0
0.532455, 0.285598
1, 0
1.046222, 0.411389
1, 0
-1.174099, -0.233394
-1, 0
0.400004, 0.292116
1, 0
0.904840, 0.326592
1, 0
-1.043069, -0.144197
-1, 0
0.505930, 0.498001
1, 0
1.005871, 0.466721
-1, 0
-0.993346, -0.404517
1, 0
1.104945, 0.488470
-1, 0
-0.912197, -0.505921
-1, 0
0.707451, 0.854349
1, 0
-0.534644, 0.009745
-1, 0
-0.842151, -0.471325
-1, 0
1.448075, 0.714459
-1, 0
-0.944325, -0.494778
-1, 0
-0.965550, -0.298184
1, 0
-0.469166, -0.524234
1, 0
-0.512492, -0.586047
-1, 0
0.988260, 0.034886
-1, 0
0.921838, -0.031719
1, 0
-0.572078, -0.748382
-1, 0
-0.949503, -0.435792
1, 0
0.986335, 0.487584
1, 0
-0.841913, -1.305205
1, 0
0.879264, 0.518110
1, 0
1.046019, 0.642417
-1, 0
0.407914, -0.001268
1, 0
0.834988, 0.488433
1, 0
-1.352437, -1.162957
1, 0
1.105040, 0.344121
1, 0
0.841192, 0.382107
1, 0
1.075882, 0.457669
-1, 0
0.373281, 0.261429
1, 0
0.939875, 0.615297
1, 0
-1.200210, 0.198880
-1, 0
0.644100, 0.702822
-1, 0
0.857645, 0.855641
1, 0
-0.630677, -0.257404
-1, 0
-0.986945, -0.463780
1, 0
0.925322, 0.498529
1, 0
-1.122063, -1.058255
1, 0
0.799762, 0.595022
1, 0
1.123180, 0.523359
-1, 0
0.621690, 0.429851
-1, 0
0.623466, 0.383560
1, 0
-0.984572, -0.526474
1, 0
-0.995596, -0.761365
1, 0
0.928508, 0.451365
1, 0
0.782179, 0.483721
1, 0
0.981656, 0.679855
1, 0
1.012350, 0.532593
-1, 0
0.211248, 0.475542
1, 0
1.010912, 0.408496
1, 0
-1.075587, 0.195614
-1, 0
0.412442, 0.578733
1, 0
0.919640, 0.489435
1, 0
-1.126093, 0.225822
-1, 0
0.256969, 0.702849
1, 0
0.998018, 0.438528
-1, 0
-0.942393, -0.391688
-1, 0
0.236879, 1.360811
-1, 0
-0.909220, -0.381162
-1, 0
-0.884663, -0.610264
-1, 0
-0.898920, -0.463828
1, 0
-0.428143, -0.141882
-1, 0
-0.934679, -0.476300
-1, 0
1.408323, 0.486173
-1, 0
-0.942583, -0.493011
1, 0
-0.535872, -0.520257
-1, 0
-1.051106, -0.457164
1, 0
0.869544, 0.444134
1, 0
-0.850552, -1.091098
1, 0
0.903772, 0.600994
-1, 0
0.385361, 0.194694
1, 0
0.957351, 0.608602
1, 0
-1.127800, 0.088552
-1, 0
0.421551, 0.781729
-1, 0
0.608986, 0.987633
-1, 0
0, 0
0, 0
1, 0
-0.564183, -0.180073
-1, 0
-1.000854, -0.534277
1, 0
-0.814928, -0.497970
1, 0
0.934650, 0.489780
1, 0
-0.827261, -0.451175
-1, 0
0.610033, 0.391356
-1, 0
0.564313, 0.547804
1, 0
1.011602, 0.508807
-1, 0
-0.981412, -0.444553
-1, 0
-0.838210, -0.413422
-1, 0
1.430689, 0.773449
-1, 0
-1.037304, -0.561305
1, 0
-0.574093, -0.579917
1, 0
-0.662987, -0.776380
1, 0
-0.810152, -0.850543
1, 0
1.044512, 0.514798
-1, 0
0.691037, 0.336026
-1, 0
0.665698, 0.532591
-1, 0
0.683425, 0.608876
1, 0
-0.748442, -0.149080
1, 0
-0.560839, -0.181102
-1, 0
-0.973999, -0.485773
-1, 0
0.958065, 0.431440
-1, 0
0.899362, 0.375671
1, 0
-0.740676, -0.343159
1, 0
-0.673029, -0.295982
-1, 0
-0.985978, -0.488740
-1, 0
1.058221, 0.301976
-1, 0
1.072186, 0.295850
1, 0
-0.487576, -0.439407
-1, 0
-1.001525, -0.417197
1, 0
-0.513823, -0.722139
-1, 0
0.802478, -0.186256
1, 0
-0.560138, -1.040029
1, 0
0.840437, 0.364877
1, 0
-0.889712, -1.415333
1, 0
0.865866, 0.497061
1, 0
1.029110, 0.501219
-1, 0
0.376447, 0.306180
1, 0
1.098600, 0.497017
-1, 0
0.692418, 0.762920
-1, 0
-0.899111, -0.461758
-1, 0
1.128627, 0.536058
1, 0
-0.461311, -0.393632
-1, 0
-1.024375, -0.466478
1, 0
-0.643571, -1.010928
1, 0
0.867091, 0.409735
1, 0
-0.764341, -1.133911
1, 0
0.912916, 0.535405
-1, 0
0.468664, 0.049844
1, 0
0.955407, 0.466875
1, 0
0.889949, 0.427956
1, 0
-1.208546, -0.616069
-1, 0
0.400559, 0.206175
1, 0
1.072787, 0.514959
1, 0
0.935066, 0.432038
1, 0
-1.025327, -0.098777
-1, 0
0.600533, 0.562966
-1, 0
0.747624, 0.585777
-1, 0
0.762044, 0.530567
1, 0
-0.885739, -0.329002
1, 0
-0.856466, -0.480111
1, 0
-0.815064, -0.604303
-1, 0
0.560530, 0.140319
1, 0
1.111543, 0.508683
1, 0
0.876892, 0.472214
1, 0
-1.210508, -0.382665
-1, 0
0.522556, 0.399308
-1, 0
0.461604, 0.433546
1, 0
1.018199, 0.452950
1, 0
-0.956507, -0.171538
1, 0
-0.975034, -0.250967
-1, 0
0.588687, 0.464738
-1, 0
0.507579, 0.476213
1, 0
1.025644, 0.488444
1, 0
-0.749538, -0.023456
-1, 0
-0.909092, -0.444022
-1, 0
0.908808, 0.628367
-1, 0
0.985232, 0.482639
1, 0
-0.735080, -0.485673
1, 0
-0.852294, -0.640693
1, 0
-0.990018, -0.863361
1, 0
0.971263, 0.545160
-1, 0
0.428420, 0.276764
1, 0
0.996150, 0.483103
1, 0
1.007490, 0.465759
-1, 0
-0.998998, -0.448930
-1, 0
0.687830, 0.905705
-1, 0
0.959364, 0.973411
-1, 0
-1.074835, -0.592539
1, 0
-0.752726, -0.429056
1, 0
-0.856115, -0.619740
1, 0
-1.084295, -0.751277
1, 0
1.036196, 0.514205
-1, 0
0.492140, 0.388021
1, 0
1.031643, 0.544844
-1, 0
0.608144, 0.913532
-1, 0
-0.928489, -0.437146
-1, 0
0.914961, 1.093532
-1, 0
-0.943705, -0.602294
1, 0
-0.490950, -0.303781
-1, 0
-1.056537, -0.550901
1, 0
-0.660181, -0.825110
1, 0
0.875524, 0.439583
1, 0
-0.895846, -0.849420
-1, 0
0.457254, 0.098877
1, 0
1.025315, 0.557581
1, 0
0.927013, 0.483747
1, 0
-1.232050, -0.140851
-1, 0
0.361385, 0.470842
1, 0
1.020866, 0.435252
-1, 0
0.532675, 0.848632
-1, 0
-1.008345, -0.465863
1, 0
1.095193, 0.412788
-1, 0
-1.013283, -0.562805
-1, 0
-0.955277, -0.481576
-1, 0
1.045995, 0.842837
1, 0
-0.446697, -0.149087
-1, 0
-0.975610, -0.490075
-1, 0
-1.030833, -0.463525
1, 0
0.978639, 0.438207
-1, 0
-1.043160, -0.501490
1, 0
-0.848304, -0.859045
1, 0
0.878775, 0.449524
1, 0
-0.924059, -0.657600
-1, 0
0.578065, 0.193558
1, 0
1.078189, 0.505690
-1, 0
0.621781, 0.451167
1, 0
-0.923493, -0.198788
-1, 0
0.638415, 0.459943
1, 0
-0.874867, -0.210076
-1, 0
0.632800, 0.456409
1, 0
-1.019636, -0.274396
1, 0
1.068213, 0.408497
-1, 0
-0.986030, -0.473656
-1, 0
0.770131, 0.583511
-1, 0
0.868290, 0.585585
1, 0
-0.773836, -0.265659
1, 0
-0.692607, -0.329279
-1, 0
-1.085591, -0.449581
1, 0
0.988988, 0.517636
1, 0
0.973279, 0.456487
-1, 0
-1.021757, -0.471502
-1, 0
0.575066, 0.688171
-1, 0
0.686140, 0.850838
1, 0
-0.525972, 0.058350
-1, 0
-0.868752, -0.419902
-1, 0
-0.968620, -0.554270
-1, 0
1.489026, 0.394444
-1, 0
-1.090980, -0.538956
1, 0
-0.520451, -0.745521
1, 0
-0.576876, -0.966589
1, 0
-0.761597, -1.186424
1, 0
0.849184, 0.492741
1, 0
0.933936, 0.516672
-1, 0
0.445781, 0.291903
1, 0
1.089844, 0.532216
-1, 0
0.704895, 0.795189
-1, 0
-0.954422, -0.476857
-1, 0
0.775728, 0.694793
1, 0
-0.627999, -0.210946
1, 0
-0.539270, -0.322020
-1, 0
-0.969037, -0.430386
-1, 0
0.817208, 0.223755
1, 0
1.081897, 0.517990
-1, 0
-1.077208, -0.516049
1, 0
-0.913228, -0.529608
1, 0
1.114393, 0.493973
-1, 0
-1.076837, -0.443874
-1, 0
0.668285, 0.134352
1, 0
0.945818, 0.439824
1, 0
-0.905414, -0.594308
1, 0
-1.053657, -0.630896
-1, 0
0.550181, 0.234062
1, 0
1.017891, 0.445955
-1, 0
0.593888, 0.332454
1, 0
-1.158874, -0.314807
1, 0
1.023908, 0.462243
-1, 0
-1.001964, -0.435944
-1, 0
0.594267, 0.540956
1, 0
1.086537, 0.427734
-1, 0
-1.020632, -0.524956
-1, 0
-0.942106, -0.523619
1, 0
1.017646, 0.444556
-1, 0
-1.161111, -0.490952
1, 0
-0.811785, -1.017035
1, 0
0.836749, 0.415096
1, 0
-1.123392, -1.132279
1, 0
0.902053, 0.509784
1, 0
1.006009, 0.567335
-1, 0
0.405353, 0.278511
1, 0
1.043703, 0.442634
-1, 0
0.482751, 0.448279
1, 0
-1.355408, -0.185973
1, 0
1.056694, 0.455411
1, 0
-0.922941, -0.099028
-1, 0
0.602292, 0.505500
-1, 0
0.491715, 0.452973
1, 0
0.932497, 0.445394
1, 0
-1.201335, -0.076348
1, 0
-1.313420, 0.077176
1, 0
1.030335, 0.460872
-1, 0
0.326668, 0.944962
-1, 0
0.210111, 1.049376
-1, 0
0.242943, 1.392578
-1, 0
-0.917904, -0.470452
-1, 0
-0.877270, -0.433776
-1, 0
-0.922844, -0.479670
1, 0
-0.413217, 0.041815
-1, 0
-0.990954, -0.532679
-1, 0
-0.936326, -0.418950
-1, 0
1.255078, 1.044183
-1, 0
-1.050195, -0.448024
-1, 0
-0.914852, -0.469671
1, 0
-0.390057, -0.175490
-1, 0
-1.013722, -0.443613
-1, 0
-0.891929, -0.479202
-1, 0
1.421247, 0.084454
-1, 0
-1.046622, -0.461422
1, 0
-0.468068, -0.616236
1, 0
-0.454472, -0.674693
-1, 0
-1.070709, -0.430918
1, 0
0.949353, 0.489222
-1, 0
0.667114, -0.122870
1, 0
-0.825470, -1.038223
1, 0
0.983823, 0.504015
1, 0
-1.040468, -0.693284
-1, 0
0.569827, 0.250247
1, 0
1.035578, 0.526628
-1, 0
0.812103, 0.451914
-1, 0
-0.978711, -0.470618
1, 0
1.043334, 0.438084
1, 0
-0.692750, -0.407770
-1, 0
-1.007659, -0.419001
1, 0
1.084037, 0.452483
1, 0
1.024124, 0.547450
-1, 0
-1.060129, -0.411262
1, 0
1.107333, 0.393487
-1, 0
0.792519, 0.787520
-1, 0
-0.956947, -0.419240
-1, 0
0.895187, 0.706392
1, 0
-0.463817, -0.164168
-1, 0
-0.957017, -0.599586
-1, 0
-0.998819, -0.471208
1, 0
1.002720, 0.453313
-1, 0
-1.154046, -0.461069
1, 0
-0.764169, -1.170063
1, 0
0.923696, 0.397012
1, 0
-1.009995, -1.106961
1, 0
1.074950, 0.703415
-1, 0
0.639883, 0.229687
-1, 0
0.596670, 0.229722
1, 0
1.054232, 0.447915
1, 0
-0.847832, -0.377618
-1, 0
-0.991987, -0.468018
1, 0
0.917721, 0.486171
1, 0
0.900436, 0.325601
1, 0
-1.427292, -1.110977
1, 0
0.881958, 0.498736
1, 0
0.887478, 0.525975
1, 0
1.151838, 0.573520
-1, 0
0.391251, 0.632772
-1, 0
0.367752, 0.648351
1, 0
1.024911, 0.449963
-1, 0
-1.049240, -0.493584
1, 0
-0.780310, 0.033859
-1, 0
0.680147, 0.790127
1, 0
-0.665831, -0.032504
-1, 0
0.891717, 0.848176
-1, 0
-1.038503, -0.481061
1, 0
1.030135, 0.452885
-1, 0
-1.024740, -0.503568
1, 0
-0.976049, -0.204772
1, 0
1.026788, 0.406411
-1, 0
-1.076877, -0.395946
-1, 0
0.499707, 0.658693
1, 0
1.080671, 0.388236
-1, 0
-0.900312, -0.471351
-1, 0
-0.782991, -0.367400
-1, 0
0.902257, 1.301258
-1, 0
-1.023818, -0.471159
-1, 0
-1.023196, -0.525465
1, 0
-0.376482, -0.119169
-1, 0
-1.170806, -0.436971
-1, 0
-0.831210, -0.462166
-1, 0
1.134812, 0.304570
1, 0
-0.521933, -0.318642
-1, 0
-1.090667, -0.421710
1, 0
-0.557227, -0.419532
-1, 0
1.069363, 0.299867
-1, 0
-0.880710, -0.417536
-1, 0
0.913044, 0.111341
1, 0
-0.547045, -0.559812
1, 0
-0.469597, -0.728024
-1, 0
-1.058058, -0.429300
1, 0
0.947513, 0.465086
1, 0
0.871548, 0.465419
1, 0
-1.300945, -1.191389
1, 0
0.856384, 0.656157
1, 0
0.920924, 0.530988
-1, 0
0.451804, 0.650085
-1, 0
0.466895, 0.910756
-1, 0
0.618048, 1.154641
-1, 0
-0.955914, -0.586943
1, 0
-0.446201, 0.009152
-1, 0
-0.986324, -0.505398
-1, 0
-0.892368, -0.489595
-1, 0
1.256333, 0.506599
1, 0
-0.402683, -0.298890
-1, 0
-1.066091, -0.416535
-1, 0
-1.021965, -0.399711
1, 0
0.975194, 0.434313
1, 0
-0.528105, -0.427325
-1, 0
-0.967703, -0.422493
-1, 0
0.940361, 0.261823
-1, 0
1.123463, 0.213449
1, 0
-0.491891, -0.425489
-1, 0
-1.076998, -0.418670
1, 0
-0.549037, -0.711078
-1, 0
0.847607, -0.037343
1, 0
-0.678256, -0.893460
1, 0
1.012056, 0.499822
-1, 0
-1.054094, -0.480996
1, 0
1.163988, 0.596290
-1, 0
0.712212, 0.124735
1, 0
-0.903107, -0.592075
1, 0
1.052704, 0.520791
-1, 0
-0.975849, -0.399242
-1, 0
0.583252, 0.196632
1, 0
1.013352, 0.450927
1, 0
-0.695336, -0.331256
-1, 0
-0.977924, -0.428285
-1, 0
0.795882, 0.222869
1, 0
1.036684, 0.445016
-1, 0
-1.073644, -0.442061
1, 0
-0.756419, -0.881216
1, 0
0.961408, 0.431292
-1, 0
-1.112636, -0.413682
1, 0
1.095485, 0.501280
1, 0
0.932705, 0.467351
1, 0
-0.906388, -0.687242
-1, 0
0.594060, 0.145731
-1, 0
0.584600, 0.102997
1, 0
0.954278, 0.399132
1, 0
-0.948648, -0.793350
1, 0
-1.101412, -0.970789
1, 0
1.059486, 0.502747
-1, 0
0.500544, 0.033972
1, 0
0.945831, 0.463468
1, 0
0.907750, 0.471571
1, 0
-1.594356, -0.568258
1, 0
1.142187, 0.493547
-1, 0
0.432444, 0.353794
1, 0
1.043560, 0.414177
-1, 0
0.595538, 0.381290
1, 0
-1.155811, -0.438940
1, 0
0.994996, 0.434627
1, 0
-1.496849, -0.492754
1, 0
0.959277, 0.556698
1, 0
0.942805, 0.530471
1, 0
1.090218, 0.478004
-1, 0
0.096747, 0.810818
-1, 0
0.060882, 1.081225
-1, 0
-0.019665, 1.439627
-1, 0
-0.855212, -0.439211
-1, 0
-0.787742, -0.484566
-1, 0
-0.902078, -0.524314
-1, 0
-1.023859, -0.561465
1, 0
-0.540636, -0.305292
1, 0
-0.540435, -0.327106
-1, 0
-0.952028, -0.409249
-1, 0
0.831143, 0.288118
1, 0
1.058307, 0.435991
-1, 0
-1.012623, -0.447068
-1, 0
-1.004071, -0.483827
1, 0
1.098042, 0.490792
1, 0
-0.643213, -0.435882
-1, 0
-1.044196, -0.438440
1, 0
1.009412, 0.539846
1, 0
0.950311, 0.494607
-1, 0
-1.015184, -0.419694
-1, 0
0.537486, 0.589020
1, 0
1.037765, 0.465512
-1, 0
-1.123519, -0.456368
-1, 0
-0.906819, -0.471278
-1, 0
0.902654, 0.597417
1, 0
-0.621056, -0.207761
1, 0
-0.582926, -0.260393
-1, 0
-1.037173, -0.467335
-1, 0
0.711497, 0.376705
1, 0
1.056383, 0.514782
-1, 0
-1.107756, -0.491702
1, 0
-0.806336, -0.111460
-1, 0
0.917843, 0.902308
-1, 0
-0.866381, -0.481129
-1, 0
1.160201, 1.049423
-1, 0
-0.904562, -0.500724
-1, 0
-0.952501, -0.501463
-1, 0
-0.918034, -0.599976
1, 0
-0.249663, -0.541245
-1, 0
-0.998282, -0.481895
1, 0
-0.391970, -1.159695
1, 0
0.881023, 0.413196
1, 0
-0.712173, -1.174126
1, 0
1.068933, 0.608372
-1, 0
0.627249, 0.088698
-1, 0
0.512632, 0.144612
1, 0
0.909383, 0.482341
1, 0
-0.977223, -0.478362
1, 0
-0.936405, -0.411885
-1, 0
0.759228, 0.331552
-1, 0
0.752392, 0.265817
1, 0
1.069125, 0.399764
-1, 0
-1.113321, -0.541318
1, 0
-1.126714, -0.746521
1, 0
0.915574, 0.465003
1, 0
-1.227197, -0.612680
1, 0
1.010552, 0.500966
-1, 0
0.611263, 0.551922
-1, 0
0.651024, 0.733625
-1, 0
0.827236, 0.902766
-1, 0
-1.021505, -0.509244
1, 0
-0.659397, -0.165971
1, 0
-0.506923, -0.233441
-1, 0
-1.050698, -0.495843
-1, 0
0.834674, 0.279498
1, 0
1.100335, 0.560349
-1, 0
-0.972589, -0.440212
-1, 0
-0.927580, -0.441192
1, 0
1.048537, 0.494362
-1, 0
-1.156201, -0.444055
1, 0
-0.559057, -0.526810
-1, 0
1.083837, -0.063230
-1, 0
-1.200633, -0.492073
1, 0
1.011863, 0.523286
1, 0
-0.706354, -0.858892
1, 0
-0.949439, -1.029125
1, 0
1.055478, 0.536283
-1, 0
0.686666, 0.179054
-1, 0
0.613433, 0.234562
1, 0
1.027173, 0.511335
-1, 0
-1.080688, -0.464103
1, 0
-0.934505, -0.592051
1, 0
1.063706, 0.483201
-1, 0
-1.074886, -0.498426
1, 0
1.139733, 0.501544
-1, 0
0.684862, 0.089084
1, 0
-0.983392, -0.771992
1, 0
1.063387, 0.470868
-1, 0
-1.151582, -0.499957
1, 0
1.081046, 0.487323
1, 0
0.948364, 0.437419
-1, 0
-1.080763, -0.475006
1, 0
1.001398, 0.472539
1, 0
0.779127, 0.478561
1, 0
-1.430222, -0.563001
1, 0
1.102926, 0.488741
-1, 0
0.535071, 0.506160
-1, 0
0.561306, 0.510014
1, 0
1.023190, 0.412110
-1, 0
-1.063399, -0.524016
1, 0
-1.170098, -0.414438
1, 0
0.923332, 0.461106
1, 0
-0.935312, -0.305907
-1, 0
0.639614, 0.463317
-1, 0
0.579847, 0.488384
1, 0
1.083208, 0.463906
-1, 0
-0.959039, -0.487805
1, 0
-0.773277, -0.234656
-1, 0
0.810127, 0.366556
1, 0
-0.752163, -0.420528
-1, 0
0.703882, 0.242404
1, 0
-1.045151, -0.557862
1, 0
0.966932, 0.498738
1, 0
-0.947325, -0.366531
-1, 0
0.637018, 0.393280
-1, 0
0.554212, 0.385102
1, 0
1.043430, 0.495107
1, 0
-0.807758, -0.189375
-1, 0
-1.016116, -0.453188
1, 0
0.991921, 0.427130
1, 0
0.999821, 0.442735
-1, 0
-1.138382, -0.510711
1, 0
1.135915, 0.466787
-1, 0
0.597106, 0.792746
-1, 0
-1.026540, -0.436699
1, 0
1.026417, 0.415659
1, 0
-0.673955, 0.031303
-1, 0
-1.009186, -0.501352
1, 0
1.095179, 0.411366
-1, 0
0.642878, 1.159257
-1, 0
-1.030917, -0.472008
-1, 0
0.484173, 1.384156
-1, 0
-0.896411, -0.527771
-1, 0
-0.835807, -0.428700
-1, 0
-0.841011, -0.478258
-1, 0
-0.910609, -0.658612
-1, 0
-0.953600, -0.515308
-1, 0
-1.011704, -0.546144
1, 0
-0.414459, -0.459726
-1, 0
-1.016163, -0.381815
1, 0
-0.483384, -0.480571
-1, 0
1.163223, 0.238892
-1, 0
-0.993783, -0.440805
-1, 0
1.296044, 0.126427
-1, 0
-1.061336, -0.482894
1, 0
-0.274005, -0.611399
-1, 0
-1.081249, -0.433517
1, 0
-0.238796, -1.146964
1, 0
0.979846, 0.445517
1, 0
-0.299206, -1.539878
1, 0
0.882089, 0.482736
1, 0
0.817269, 0.468487
1, 0
0.866198, 0.673042
1, 0
1.030970, 0.487653
1, 0
1.247394, 0.604476
-1, 0
0.451737, 0.500096
-1, 0
0.433296, 0.479188
1, 0
0.942304, 0.461929
1, 0
-0.790315, -0.054217
-1, 0
-1.025946, -0.514259
1, 0
1.029959, 0.463296
-1, 0
0.677008, 1.065345
-1, 0
-0.907266, -0.432283
-1, 0
0.848028, 1.202038
-1, 0
-0.821497, -0.488402
-1, 0
-0.861812, -0.623615
-1, 0
-0.945883, -0.586772
-1, 0
-1.113757, -0.496746
1, 0
-0.354004, -0.753880
1, 0
-0.410767, -0.853769
1, 0
-0.367118, -0.935701
-1, 0
0.688789, -0.194693
-1, 0
0.566525, -0.178137
1, 0
0.994870, 0.519670
1, 0
-0.651713, -1.231769
1, 0
-0.693708, -1.590120
1, 0
0.897114, 0.417361
1, 0
0.790681, 0.480284
1, 0
0.865613, 0.530344
1, 0
0.805516, 0.461497
1, 0
0.906705, 0.576127
1, 0
0.889529, 0.538255
1, 0
1.079132, 0.448942
-1, 0
0.293641, 0.653276
-1, 0
0.274875, 0.770927
1, 0
1.036593, 0.383732
-1, 0
-0.927805, -0.517789
-1, 0
-0.828294, -0.417165
-1, 0
0.914595, 0.773373
1, 0
-0.536711, -0.174730
-1, 0
-1.199249, -0.494579
1, 0
-0.834746, -0.424609
1, 0
0.994377, 0.503334
-1, 0
-1.014641, -0.458153
-1, 0
0.822821, 0.451808
-1, 0
0.862597, 0.412210
1, 0
-0.649490, -0.287705
1, 0
-0.592487, -0.319555
-1, 0
-0.982759, -0.457938
-1, 0
0.690279, 0.058969
1, 0
0.994316, 0.460403
1, 0
-0.837427, -0.806600
1, 0
-1.176811, -0.997810
1, 0
1.099129, 0.491193
-1, 0
0.411712, 0.189833
1, 0
0.992773, 0.553328
1, 0
1.085403, 0.501113
-1, 0
-1.029733, -0.493732
1, 0
1.113577, 0.368839
1, 0
1.105695, 0.499905
-1, 0
-1.092409, -0.503221
-1, 0
0.562381, 0.805547
-1, 0
0.627044, 0.915770
1, 0
-0.519229, 0.102598
-1, 0
-0.963537, -0.466672
-1, 0
-1.040615, -0.538147
1, 0
1.085155, 0.462505
-1, 0
-1.056256, -0.529089
-1, 0
-1.031108, -0.475462
1, 0
0.994185, 0.544875
1, 0
-0.651110, -0.390808
-1, 0
-1.039033, -0.413960
1, 0
1.259960, 0.522359
-1, 0
0.873571, 0.575659
-1, 0
-1.005184, -0.466338
1, 0
1.045109, 0.435249
-1, 0
-1.041729, -0.514790
-1, 0
-1.044058, -0.549649
1, 0
1.007726, 0.504297
1, 0
-0.760678, -0.435199
1, 0
-0.828654, -0.431116
-1, 0
0.799184, 0.439916
-1, 0
0.774968, 0.502769
-1, 0
0.790785, 0.667289
1, 0
-0.543233, -0.100942
-1, 0
-1.005860, -0.506577
-1, 0
-0.961966, -0.558895
1, 0
1.058352, 0.510811
-1, 0
-1.180944, -0.462287
1, 0
-0.655877, -1.117572
1, 0
0.881708, 0.405973
1, 0
-1.073568, -1.420946
1, 0
1.002151, 0.689242
1, 0
0.868450, 0.425427
1, 0
1.026499, 0.581479
-1, 0
0.501957, 0.610431
-1, 0
0.430278, 0.726151
-1, 0
0.499583, 0.826715
1, 0
-0.721178, 0.061853
1, 0
-0.625332, 0.046090
-1, 0
-0.957561, -0.467839
-1, 0
0.553276, 0.675385
1, 0
1.029729, 0.450751
-1, 0
-1.096014, -0.543469
-1, 0
-0.915591, -0.383388
-1, 0
0.806609, 1.361806
-1, 0
-0.872659, -0.481833
-1, 0
-0.851446, -0.368810
-1, 0
-0.919416, -0.417544
-1, 0
-0.968287, -0.570442
1, 0
-0.282143, -0.389003
-1, 0
-0.989295, -0.432228
-1, 0
-1.039578, -0.441645
1, 0
0.984163, 0.501217
1, 0
-0.493256, -0.493291
-1, 0
-0.919922, -0.415089
-1, 0
1.004588, 0.232574
-1, 0
1.299157, 0.197233
-1, 0
-1.079414, -0.526233
1, 0
-0.301583, -0.583432
-1, 0
-1.107011, -0.484389
1, 0
-0.211607, -1.171845
1, 0
1.012725, 0.528830
1, 0
-0.315005, -1.588193
1, 0
0.794734, 0.458299
1, 0
0.727596, 0.419340
1, 0
0.905517, 0.572991
1, 0
1.105559, 0.627565
-1, 0
0.585240, 0.511716
-1, 0
0.626011, 0.554230
-1, 0
0.855645, 0.668147
1, 0
-0.598597, -0.266194
-1, 0
-1.071039, -0.470217
1, 0
-0.715535, -0.926702
1, 0
0.883497, 0.499204
1, 0
-1.030930, -1.242175
1, 0
0.983635, 0.535413
1, 0
0.919939, 0.532790
-1, 0
0.456383, 0.428882
-1, 0
0.465353, 0.566080
1, 0
1.132402, 0.423669
-1, 0
-0.931205, -0.569058
-1, 0
-0.786429, -0.529835
-1, 0
1.056976, 0.253205
1, 0
-0.632731, -0.602564
1, 0
-0.601509, -0.757288
1, 0
-0.711722, -0.887066
-1, 0
0.494968, -0.020743
1, 0
1.006517, 0.437965
1, 0
0.972809, 0.526305
-1, 0
-1.090251, -0.430044
1, 0
1.117653, 0.509055
-1, 0
0.655563, 0.295691
1, 0
-1.028744, -0.424220
1, 0
1.098602, 0.491754
-1, 0
-1.062631, -0.401476
-1, 0
0.633051, 0.402050
1, 0
0.985433, 0.441586
-1, 0
-1.058850, -0.493860
1, 0
-0.670577, -0.412446
-1, 0
1.073928, 0.156146
-1, 0
-0.993582, -0.460569
1, 0
1.055088, 0.484872
1, 0
-0.648916, -0.936491
1, 0
-0.862816, -1.246464
1, 0
1.036589, 0.538142
-1, 0
0.444861, -0.065974
1, 0
0.896777, 0.375873
1, 0
0.820901, 0.458046
1, 0
-1.294552, -0.892503
1, 0
0.973259, 0.425411
-1, 0
0.374515, 0.205097
1, 0
1.049149, 0.518130
1, 0
1.012162, 0.412938
1, 0
-1.012335, -0.001568
-1, 0
0.438927, 0.609587
-1, 0
0.485257, 0.692021
1, 0
1.020637, 0.424664
-1, 0
-0.979457, -0.518682
-1, 0
-1.029467, -0.504864
1, 0
1.029682, 0.370996
1, 0
-0.543879, -0.179527
-1, 0
-1.046704, -0.499193
-1, 0
0.944789, 0.389709
-1, 0
0.942715, 0.269619
1, 0
-0.798864, -0.500594
1, 0
-0.880056, -0.683008
1, 0
-1.199286, -0.650854
1, 0
1.135252, 0.555255
-1, 0
0.671068, 0.479745
-1, 0
0.773499, 0.613917
-1, 0
1.008362, 0.718851
-1, 0
-1.151703, -0.670299
1, 0
-0.604272, -0.529355
1, 0
-0.617537, -0.817708
1, 0
-0.857432, -1.292983
1, 0
0.964005, 0.603322
1, 0
0.858345, 0.412538
1, 0
0.997806, 0.601822
-1, 0
0.347302, 0.381951
1, 0
1.173676, 0.449919
-1, 0
0.549463, 0.782517
-1, 0
-1.062785, -0.516212
1, 0
1.155811, 0.462271
1, 0
-0.707214, -0.076560
-1, 0
0, 0
0, 0
0, 0
0, 0
0, 0
0, 0
0, 0
0, 0
0, 0
0, 0
0, 0
0, 0
0, 0
0, 0
0, 0
0, 0
0, 0
0, 0
0, 0
0, 0
0, 0
0, 0
0, 0
0, 0
0, 0
0, 0
0, 0
0, 0
0, 0
0, 0
0, 0
0, 0
0, 0
0, 0
0, 0
0, 0
0, 0
0, 0
0, 0
0, 0
0, 0
0, 0
0, 0
0, 0
0, 0
0, 0
0, 0
0, 0
0, 0
0, 0
0, 0
0, 0
0, 0
0, 0
0, 0
0, 0
0, 0
0, 0
0, 0
0, 0
0, 0
0, 0
0, 0
0, 0
0, 0
0, 0
0, 0
0, 0
0, 0
0, 0
0, 0
0, 0
0, 0
0, 0
0, 0
0, 0
0, 0
0, 0
0, 0
0, 0
0, 0
0, 0
0, 0
0, 0
0, 0
0, 0
0, 0
0, 0
0, 0
0, 0
0, 0
0, 0
0, 0
0, 0
0, 0
0, 0
0, 0
0, 0
0, 0
0, 0
0, 0
0, 0
0, 0
0, 0
0, 0
0, 0
0, 0
0, 0
0, 0
0, 0
0, 0
0, 0
0, 0
0, 0
0, 0
0, 0
0, 0
0, 0
0, 0
0, 0
0, 0
0, 0
0, 0
0, 0
0, 0
0, 0
0, 0
0, 0
0, 0
0, 0
0, 0
0, 0
0, 0
0, 0
0, 0
0, 0
0, 0
0, 0
0, 0
0, 0
0, 0
0, 0
0, 0
0, 0
0, 0
0, 0
0, 0
0, 0
0, 0
0, 0
0, 0
0, 0
0, 0
0, 0
0, 0
0, 0
0, 0
0, 0
0, 0
0, 0
0, 0
0, 0
0, 0
0, 0
0, 0
0, 0
0, 0
0, 0
0, 0
0, 0
0, 0
0, 0
0, 0
0, 0
0, 0
0, 0
0, 0
0, 0
0, 0
0, 0
0, 0
0, 0
0, 0
0, 0
0, 0
0, 0
0, 0
0, 0
0, 0
0, 0
0, 0
0, 0
0, 0
0, 0
0, 0
0, 0
0, 0
0, 0
0, 0
0, 0
0, 0
0, 0
0, 0
0, 0
0, 0
0, 0
0, 0
0, 0
0, 0
0, 0
0, 0
0, 0
0, 0
0, 0
0, 0
0, 0
0, 0
0, 0
0, 0
0, 0
0, 0
0, 0
0, 0
0, 0
0, 0
0, 0
0, 0
0, 0
0, 0
0, 0
0, 0
0, 0
0, 0
0, 0
0, 0
0, 0
0, 0
0, 0
0, 0
0, 0
0, 0
0, 0
0, 0
0, 0
0, 0
0, 0
0, 0
0, 0
0, 0
0, 0
0, 0
0, 0
0, 0
0, 0
0, 0
0, 0
0, 0
0, 0
0, 0
0, 0
0, 0
0, 0
0, 0
0, 0
0, 0
0, 0
0, 0
0, 0
0, 0
0, 0
0, 0
0, 0
0, 0
0, 0
0, 0
0, 0
0, 0
0, 0
0, 0
0, 0
0, 0
0, 0
0, 0
0, 0
0, 0
0, 0
0, 0
0, 0
0, 0
0, 0
0, 0
0, 0
0, 0
0, 0
0, 0
0, 0
0, 0
0, 0
0, 0
0, 0
0, 0
0, 0
0, 0
0, 0
0, 0
0, 0
0, 0
0, 0
0, 0
0, 0
0, 0
0, 0
0, 0
0, 0
0, 0
0, 0
0, 0
0, 0
0, 0
0, 0
0, 0
0, 0
0, 0
0, 0
0, 0
0, 0
0, 0
0, 0
0, 0
0, 0
0, 0
0, 0
0, 0
0, 0
0, 0
0, 0
0, 0
0, 0
0, 0
0, 0
0, 0
0, 0
0, 0
0, 0
0, 0
0, 0
0, 0
0, 0
0, 0
0, 0
0, 0
0, 0
0, 0
0, 0
0, 0
0, 0
0, 0
0, 0
0, 0
0, 0
0, 0
0, 0
0, 0
0, 0
0, 0
0, 0
0, 0
0, 0
0, 0
0, 0
0, 0
0, 0
0, 0
0, 0
0, 0
0, 0
0, 0
0, 0
0, 0
0, 0
0, 0
0, 0
0, 0
0, 0
0, 0
0, 0
0, 0
0, 0
0, 0
0, 0
0, 0
0, 0
0, 0
0, 0
0, 0
0, 0
0, 0
0, 0
0, 0
0, 0
0, 0
0, 0
0, 0
0, 0
0, 0
0, 0
0, 0
0, 0
0, 0
0, 0
0, 0
0, 0
0, 0
0, 0
0, 0
0, 0
0, 0
0, 0
0, 0
0, 0
0, 0
0, 0
0, 0
0, 0
0, 0
0, 0
0, 0
0, 0
0, 0
0, 0
0, 0
0, 0
0, 0
0, 0
0, 0
0, 0
0, 0
0, 0
0, 0
0, 0
0, 0
0, 0
0, 0
0, 0
0, 0
0, 0
0, 0
0, 0
0, 0
0, 0
0, 0
0, 0
0, 0
0, 0
0, 0
0, 0
0, 0
0, 0
0, 0
0, 0
0, 0
0, 0
0, 0
0, 0
0, 0
0, 0
0, 0
0, 0
0, 0
0, 0
0, 0
0, 0
0, 0
0, 0
0, 0
0, 0
0, 0
0, 0
0, 0
0, 0
0, 0
0, 0
0, 0
0, 0
0, 0
0, 0
0, 0
0, 0
0, 0
0, 0
0, 0
0, 0
0, 0
0, 0
0, 0
0, 0
0, 0
0, 0
0, 0
0, 0
0, 0
0, 0
0, 0
0, 0
0, 0
0, 0
0, 0
0, 0
0, 0
0, 0
0, 0
0, 0
0, 0
0, 0
0, 0
0, 0
0, 0
0, 0
0, 0
0, 0
0, 0
0, 0
0, 0
0, 0
0, 0
0, 0
0, 0
0, 0
0, 0
0, 0
0, 0
0, 0
0, 0
0, 0
0, 0
0, 0
0, 0
0, 0
0, 0
0, 0
0, 0
0, 0
0, 0
0, 0
0, 0
0, 0
0, 0
0, 0
0, 0
0, 0
0, 0
0, 0
0, 0
0, 0
0, 0
0, 0
0, 0
0, 0
0, 0
0, 0
0, 0
0, 0
0, 0
0, 0
0, 0
0, 0
0, 0
0, 0
0, 0
0, 0
0, 0
0, 0
0, 0
0, 0
0, 0
0, 0
0, 0
0, 0
0, 0
0, 0
0, 0
0, 0
0, 0
0, 0
0, 0
0, 0
0, 0
0, 0
0, 0
0, 0
0, 0
0, 0
0, 0
0, 0
0, 0
0, 0
0, 0
0, 0
0, 0
0, 0
0, 0
0, 0
0, 0
0, 0
0, 0
0, 0
0, 0
0, 0
0, 0
0, 0
0, 0
0, 0
0, 0
0, 0
