-15597
-4500
19096
24881
12018
3269
7767
15274
17935
15538
6569
-7297
-14642
-7368
6800
15861
17717
14541
7086
2685
11223
24250
19410
-3337
-14642
-105
14538
3303
-19508
-24130
-10584
-1749
-6077
-13414
-17045
-16610
-8354
7101
15915
7534
-8686
-17382
-16654
-11920
-5020
-1192
-9313
-22653
-19800
1195
12947
385
-12783
-1617
19862
22839
8354
-602
3557
10687
15520
17739
10739
-6575
-17429
-7775
11147
19311
14888
7966
2105
-714
6541
19888
19911
1848
-10402
-900
10166
-497
-19860
-20748
-5227
3819
-183
-7025
-13132
-18554
-13518
5548
18874
8025
-13961
-21357
-12188
-2529
1649
2922
-2833
-15570
-19374
-5777
6857
1693
-6541
2918
19114
17560
1161
-7828
-3978
2435
9662
18584
16345
-3858
-19813
-8177
16754
23073
8354
-4372
-6106
-5236
-1771
9395
17759
10409
-2257
-2771
1862
-5432
-17186
-13020
3738
12371
8686
2917
-4990
-17286
-18700
1397
19698
8079
-18979
-23849
-3317
12412
10918
7349
7029
-1298
-14642
-15322
-3256
4075
3708
7698
13674
7038
-9123
-16931
-13451
-8607
-795
14142
19896
1813
-17935
-7559
19927
22971
-2742
-20808
-15462
-8836
-12404
-8340
9742
19781
9232
-5456
-9689
-9247
-8354
157
14327
20694
17488
13877
7257
-8819
-19156
-5544
14026
6455
-18824
-19758
9259
28229
18824
9190
17014
18501
-3105
-22757
-14827
6662
15209
9530
1375
-7857
-18340
-22597
-19759
-17640
-13518
1407
15804
9288
-7795
-4688
15029
13807
-15209
-32768
-19899
-7937
-19684
-27427
-4694
23058
18824
-7352
-19025
-8050
6541
14794
19928
21527
19156
18635
18255
7338
-9555
-12254
-336
2335
-8354
-5321
19165
32697
17660
4817
19181
32767
12404
-19661
-19823
7159
19738
4575
-13983
-19238
-17935
-16693
-14868
-15773
-19912
-15843
886
13475
9123
292
-581
-4581
-19580
-26254
-11599
-26
-14642
-32105
-18156
12211
16671
-5823
-16240
600
18979
19390
11797
8153
6886
8687
17171
21831
8686
-12097
-16484
-2631
10087
13746
15346
13425
2257
-5579
6164
23919
19849
-1587
-9096
3359
8354
-6459
-19477
-14096
-2136
2702
3497
1671
-9662
-22875
-16620
7804
19894
3959
-17502
-19302
-6541
3609
8382
10470
4664
-8787
-15951
-9764
-1649
-217
2530
11287
14220
3752
-8823
-12995
-13518
-12697
-1314
17417
19927
-1281
-17294
-3637
19860
18583
-4931
-20090
-16998
-12769
-14662
-9699
6541
18095
12524
-2692
-13246
-13102
-3798
9027
17429
18924
19464
20484
12500
-6006
-16380
-5574
8354
1469
-15189
-10558
15287
29666
19867
11008
19800
25116
5872
-19558
-19285
4212
19515
10525
-8686
-19572
-19734
-17243
-18092
-21160
-19353
-7892
6077
10021
4456
1963
4067
-2782
-19917
-26946
-14642
-5115
-16917
-30232
-16467
12235
18181
-3446
-17717
-3826
18054
22700
13518
7324
8658
13053
17935
18398
7485
-9597
-15896
-5252
9475
16095
15597
11033
2348
-2875
5960
20781
19796
1843
-8354
403
7314
-4452
-19122
-15524
-397
7260
5492
1299
-7541
-19624
-17935
3726
19846
6636
-18824
-22406
-3075
11903
11723
9129
8603
585
-12877
-16199
-6338
3606
7456
10096
9955
269
-13518
-19157
-17263
-14943
-7456
9436
18893
5101
-12877
-4987
17975
16956
-11723
-29668
-19689
-9773
-18824
-23146
-1801
22360
17935
-6307
-18446
-9363
5492
15123
19924
20699
19122
19462
18537
7552
-8354
-11807
-2288
851
-5960
-1410
19789
30214
15597
3619
17531
32545
15896
-15126
-18469
5718
17935
1863
-17949
-20551
-13518
-9364
-8437
-10594
-17717
-20811
-8159
11515
16467
3331
-10532
-14977
-14642
-10776
-642
5934
-4067
-20381
-19423
-2241
6077
-1777
-4753
7910
18092
10830
-2773
-8381
-8686
-6924
4038
20100
19285
-3493
-19043
-4499
19800
20111
-1557
-16634
-15287
-12059
-12900
-6859
8354
17759
11349
-2936
-12500
-12626
-4277
8304
17429
19441
19563
20286
13246
-4236
-15501
-6826
6541
1385
-13496
-8520
16998
30708
19308
9294
19860
28577
9902
-18393
-19927
4623
19884
7703
-13518
-21780
-17868
-13699
-14220
-17580
-19767
-14954
-1649
10841
11945
3759
-4664
-11540
-18079
-17624
-6541
955
-9528
-24912
-19894
1957
10995
-1472
-9662
3514
19619
16707
2136
-5400
-4217
-493
8354
20150
17731
-4182
-19849
-6312
18951
22109
2257
-13116
-12713
-9792
-10087
-3271
11198
17534
8686
-3947
-10114
-10841
-6886
3922
16061
20479
18979
17740
11549
-4822
-16671
-7566
8215
3422
-14642
-11567
16204
32157
19580
8133
19919
29568
9123
-20329
-19908
6225
19912
6333
-13269
-20143
-17935
-15306
-14199
-15949
-19738
-16731
-2045
12350
12404
2374
-5403
-10786
-17660
-17793
-5462
3168
-8354
-25076
-19925
1778
9555
-2525
-7992
6069
19156
13541
-92
-6214
-6541
-4557
5931
20700
18824
-4081
-19367
-4766
19684
20436
-1069
-16440
-15209
-11856
-13086
-7724
7795
18365
12139
-3369
-13518
-12398
-2591
9997
18340
19926
19880
20835
15209
-792
-13315
-8409
3105
606
-10376
-4611
18824
30380
17646
7007
18824
30737
14156
-15302
-19156
4336
18559
4208
-17488
-22238
-13851
-7932
-8354
-11876
-17414
-19594
-9232
9520
17384
5245
-12404
-18246
-12571
-4407
2742
6163
-153
-13158
-17935
-8706
1130
1242
795
8807
14704
6004
-9123
-15665
-14496
-12247
-3708
13070
19660
3066
-14642
-4928
18647
17439
-10918
-28808
-19650
-10184
-18979
-23662
-3015
21844
18700
-6034
-19293
-8826
8686
17985
19574
18380
17186
18491
19841
12956
-2257
-12310
-9042
-1571
1771
7558
18969
21736
8354
-1374
10790
27376
19813
-4118
-11400
2913
9662
-5023
-19527
-14785
-1161
5259
5638
3617
-6541
-20770
-18711
4057
19374
4887
-19725
-20493
1649
17531
15766
11838
13961
9883
-6396
-19219
-13518
3842
14989
12116
183
-12309
-19230
-20022
-19860
-21152
-17140
-3099
10402
9777
825
399
6541
73
-19816
-28266
-14888
-4327
-16518
-30667
-17429
10844
16787
-3534
-15520
-471
19608
20431
8354
1223
1618
4964
12783
21133
15149
-6631
-19800
-5959
17618
21510
5020
-9108
-10944
-9596
-8686
-978
11993
16820
8354
-3675
-10324
-11144
-6077
5402
16885
20687
19508
18954
13630
-1877
-14642
-8926
4515
2095
-11223
-6589
18625
31637
17717
5827
18732
31961
14642
-15778
-18814
5304
17935
2062
-18352
-20789
-12018
-6518
-5697
-7973
-15597
-21753
-12332
9293
19016
4679
-15616
-19484
-8354
2693
7936
9556
5609
-5131
-14369
-13490
-5492
1976
7711
11790
8686
-3457
-15307
-18969
-18824
-18911
-11748
5400
16115
6977
-6627
-1689
12877
7663
-17841
-31039
-18480
-7602
-19246
-30674
-13518
15923
19246
-4536
-18480
-3739
17841
21930
12877
6600
6627
9766
16115
20639
11748
-8620
-18824
-5550
15307
20243
8686
-3133
-7711
-8572
-5492
4309
14369
14454
5609
-2933
-7936
-10928
-8354
3011
15616
20056
19016
18312
12332
-3657
-15597
-8283
5697
2313
-12018
-7390
18352
31713
17935
6071
18814
31873
14642
-15616
-18732
5183
17717
1779
-18625
-20666
-11223
-5350
-4515
-6753
-14642
-21942
-13630
8473
19508
4925
-16885
-20291
-6077
6773
10324
10372
8354
-235
-11993
-16026
-8686
2881
10944
12114
5020
-7643
-17618
-20066
-19800
-20455
-15149
194
12783
9072
-1618
-352
8354
2043
-19608
-29149
-15520
-4579
-16787
-30866
-17429
10763
16518
-3534
-14888
389
19816
19486
6541
-915
-825
2072
10402
20964
17140
-4943
-19860
-5907
19230
21682
183
-16434
-14989
-10809
-13518
-10358
6396
20271
13961
-4920
-15766
-10998
1649
13268
19725
20517
19374
20130
18711
8171
-6541
-11697
-5638
-919
-1161
5173
19527
23586
9662
-528
11400
27465
19813
-3516
-10790
2420
8354
-5790
-18969
-12908
1771
8656
9042
7449
-2257
-18136
-19841
657
17186
4547
-19574
-18252
8686
26165
19293
11357
18700
22242
3015
-20849
-18979
5141
19650
8963
-10918
-20382
-18647
-15101
-14642
-17056
-19660
-16445
-3708
11022
14496
4171
-9123
-15636
-14704
-8478
795
5761
-1130
-14142
-17935
-8898
153
1356
2742
9882
12571
2051
-12404
-18107
-17384
-16371
-9232
7398
17414
6753
-8354
-2878
13851
9468
-17488
-31872
-18559
-6791
-19156
-31604
-14156
15878
18824
-5091
-17646
-1667
18824
20552
10376
4012
3105
5228
13315
21973
15209
-7237
-19880
-5177
18340
20959
2591
-12557
-13518
-11222
-12139
-7156
7795
19020
13086
-4066
-15209
-11780
1069
13583
19684
19866
19367
20783
18824
7990
-5931
-11141
-6541
-1884
92
7279
19156
20998
7992
-1018
9555
24733
19925
-54
-8354
987
5462
-6750
-17660
-10321
5403
12705
12404
10660
2045
-14298
-19738
-2780
14199
4389
-17935
-15435
13269
30561
19912
9327
19908
28618
9123
-19551
-19919
5666
19580
4947
-16204
-21374
-14642
-9313
-8215
-10257
-16671
-21206
-11549
9299
18979
4913
-16061
-20092
-6886
6056
10114
10253
8686
965
-11198
-17002
-10087
3423
12713
12007
2257
-10602
-18951
-20331
-19849
-20901
-17731
-5259
8354
10753
4217
1221
2136
-5043
-19619
-23217
-9662
41
-10995
-26224
-19894
1593
9528
-1350
-6541
6286
18079
11101
-4664
-12106
-11945
-10262
-1649
14577
19767
2675
-14220
-4342
17868
15215
-13518
-30713
-19884
-9169
-19927
-29117
-9902
19043
19860
-5549
-19308
-4260
16998
21365
13496
7653
6541
8559
15501
21639
13246
-8354
-19563
-5141
17429
20783
4277
-10380
-12500
-10937
-11349
-5997
8354
18893
12900
-4126
-15287
-11670
1557
14083
19800
19682
19043
20483
19285
9805
-4038
-11429
-8686
-2466
2773
10034
18092
17011
4753
-3107
6077
20490
19423
4494
-4067
-238
642
-8960
-14642
-4705
10532
16850
16467
15540
8159
-8426
-17717
-6465
8437
2727
-13518
-8647
17949
31603
17935
6046
18469
31796
15896
-13463
-17531
4428
15597
-598
-19789
-18788
-5960
1389
2288
488
-8354
-20857
-18537
3566
19122
5140
-19924
-20032
5492
23374
18446
11492
17935
20554
1801
-21074
-18824
5279
19689
8572
-11723
-20750
-17975
-13733
-12877
-15046
-18893
-18743
-7456
10266
17263
4902
-13518
-19093
-9955
1534
7456
8923
6338
-2243
-12877
-16204
-8603
3577
11723
11553
3075
-9549
-18824
-20804
-19846
-20444
-17935
-6421
7541
11418
5492
1180
397
-6604
-19122
-20980
-7314
2094
-8354
-23538
-19796
-1881
5960
-683
-2348
8758
15597
5714
-9475
-15743
-15896
-15359
-7485
9436
17935
5878
-8658
-2356
13518
8127
-18054
-31134
-17717
-6146
-18181
-31398
-16467
12126
16917
-3785
-14642
1142
19917
18141
4067
-3909
-4456
-2501
6077
19460
19353
-1567
-18092
-5246
19734
19024
-8686
-27098
-19515
-10585
-19285
-25291
-5872
20643
19800
-5663
-19867
-6010
15287
21440
15189
9648
8354
10210
16380
21309
12500
-8579
-19464
-5208
17429
20908
3798
-11550
-13246
-11079
-12524
-8713
6541
19898
14662
-4625
-16998
-11014
4931
16815
19860
18213
17294
18933
19927
14446
1314
-11444
-13518
-3807
8823
15583
14220
6791
-2530
-7004
-1649
9503
15951
12730
4664
-2580
-8382
-11381
-6541
6148
17502
20664
19894
20264
16620
3720
-9662
-10920
-3497
-714
-2136
5020
19477
22419
8354
-1490
9096
24194
19849
1539
-6164
651
2257
-8807
-15346
-5185
10087
16340
16484
16100
8686
-7922
-17171
-6796
6886
1879
-11797
-5770
18979
30341
16240
4574
16671
30890
18156
-8836
-14642
3005
11599
-3614
-19580
-14910
581
8623
9123
7675
-886
-16315
-19912
-1762
14868
4312
-17935
-14895
13983
30975
19738
8667
19823
30421
12404
-16910
-19181
4971
17660
1549
-19165
-20182
-8354
-854
336
-1318
-9555
-21072
-18255
3709
19156
5224
-19928
-19845
6541
24894
19025
11162
18824
23601
4694
-20651
-19684
5405
19899
6435
-15209
-21716
-15029
-8983
-7795
-9760
-15804
-21278
-13518
7660
19759
5573
-18340
-21415
-1375
15568
15209
11194
14827
13936
-3105
-21158
-17014
5346
18824
9493
-9259
-19396
-18824
-15417
-14026
-15598
-19156
-18744
-7257
10530
17488
4719
-14327
-19477
-8354
4616
9689
10089
9232
2983
-9742
-18490
-12404
4241
15462
11416
-2742
-15266
-19927
-18969
-17935
-19334
-19896
-13912
-795
11536
13451
3768
-9123
-15919
-13674
-5335
3708
7678
3256
-6762
-14642
-14536
-7029
3161
10918
11658
3317
-9781
-18979
-20627
-19698
-20505
-18700
-8678
4990
11702
8686
2280
-3738
-11094
-17186
-13947
-1862
5229
-2257
-15066
-17759
-9613
-1771
1671
6106
11278
8354
-4563
-16754
-20277
-19813
-20351
-16345
-3246
9662
10766
3978
1123
1161
-6487
-19114
-20210
-6541
2527
-6857
-21017
-19374
-5098
2833
566
1649
10061
12188
389
-13961
-19160
-18874
-18915
-13518
1261
13132
9698
-183
-150
5227
-2074
-19860
-24790
-10166
396
-10402
-25322
-19911
-902
6541
-603
-2105
8894
14888
4230
-11147
-17325
-17429
-17293
-10739
5114
15520
8297
-3557
-968
8354
1347
-19862
-27537
-12783
-1527
-12947
-27862
-19800
2263
9313
-1319
-5020
7562
16654
7335
-8686
-15685
-15915
-15472
-8354
7808
17045
7230
-6077
-1749
10584
4097
-19508
-29302
-14538
-2779
-14642
-29479
-19410
4735
11223
-1985
-7086
6642
17717
9338
-6800
-14164
-14642
-14142
-6569
9766
17935
6270
-7767
-2135
12018
5806
-19096
-30113
-15597
-3722
-15653
-30200
-19016
6186
12380
-2279
-8354
5907
18280
10639
-5609
-13281
-13807
-13180
-5492
10760
18376
5803
-8686
-2439
12760
6799
-18824
-30544
-16097
-4097
-16115
-30568
-18794
6921
12877
-2480
-8878
5672
18480
11053
-5168
-12894
-13518
-12929
-5168
11088
18480
5637
-8878
-2445
12877
6886
-18794
-30533
-16115
-4132
-16097
-30509
-18824
6764
12760
-2404
-8686
5768
18376
10795
-5492
-13215
-13807
-13246
-5609
10604
18280
5942
-8354
-2314
12380
6221
-19016
-30235
-15653
-3687
-15597
-30148
-19096
5841
12018
-2170
-7767
6305
17935
9731
-6569
-14107
-14642
-14199
-6800
9373
17717
6607
-7086
-1950
11223
4700
-19410
-29444
-14642
-2815
-14538
-29266
-19508
4062
10584
-1714
-6077
7195
17045
7843
-8354
-15507
-15915
-15649
-8686
7300
16654
7598
-5020
-1354
9313
2298
-19800
-27897
-12947
-1491
-12783
-27572
-19862
1383
8354
-1003
-3557
8332
15520
5079
-10739
-17258
-17429
-17361
-11147
4266
14888
8858
-2105
-568
6541
-937
-19911
-25286
-10402
361
-10166
-24755
-19860
-2109
5227
-115
-183
9663
13132
1296
-13518
-18950
-18874
-19125
-13961
353
12188
10096
1649
531
2833
-5063
-19374
-21052
-6857
2562
-6541
-20245
-19114
-6452
1161
1088
3978
10801
9662
-3281
-16345
-20315
-19813
-20312
-16754
-4528
8354
11243
6106
1706
-1771
-9648
-17759
-15031
-2257
5194
-1862
-13912
-17186
-11129
-3738
2315
8686
11666
4990
-8643
-18700
-20540
-19698
-20592
-18979
-9816
3317
11693
10918
3126
-7029
-14500
-14642
-6797
3256
7713
3708
-5370
-13674
-15884
-9123
3733
13451
11571
-795
-13947
-19896
-19299
-17935
-19004
-19927
-15231
-2742
11381
15462
4277
-12404
-18525
-9742
3018
9232
10054
9689
4652
-8354
-19512
-14327
4754
17488
10495
-7257
-18709
-19156
-15633
-14026
-15382
-18824
-19432
-9259
9528
18824
5311
-17014
-21123
-3105
13901
14827
11229
15209
15533
-1375
-21379
-18340
5538
19759
7696
-13518
-21313
-15804
-9724
-7795
-9018
-15029
-21681
-15209
6400
19899
5440
-19684
-20686
4694
23636
18824
11127
19025
24929
6541
-19880
-19928
5259
19156
3674
-18255
-21037
-9555
-1354
336
-819
-8354
-20217
-19165
1584
17660
4936
-19181
-16875
12404
30386
19823
8702
19738
30940
13983
-14860
-17935
4277
14868
-1727
-19912
-16350
-886
7711
9123
8588
581
-14875
-19580
-3649
11599
3040
-14642
-8871
18156
30925
16671
4538
16240
30376
18979
-5805
-11797
1914
6886
-6832
-17171
-7887
8686
16065
16484
16375
10087
-5220
-15346
-8772
2257
616
-6164
1574
19849
24158
9096
-1455
8354
22384
19477
5055
-2136
-749
-3497
-10885
-9662
3685
16620
20299
19894
20629
17502
6183
-6541
-11416
-8382
-2545
4664
12695
15951
9538
-1649
-7039
-2530
6826
14220
15548
8823
-3772
-13518
-11479
1314
14481
19927
18898
17294
18248
19860
16780
4931
-10979
-16998
-4660
14662
19933
6541
-8748
-12524
-11044
-13246
-11585
3798
20943
17429
-5243
-19464
-8544
12500
21274
16380
10246
8354
9613
15189
21475
15287
-6045
-19867
-5628
19800
20607
-5872
-25256
-19285
-10620
-19515
-27063
-8686
18989
19734
-5211
-18092
-1602
19353
19495
6077
-2536
-4456
-3874
4067
18106
19917
1177
-14642
-3820
16917
12162
-16467
-31433
-18181
-6111
-17717
-31169
-18054
8162
13518
-2391
-8658
5913
17935
9401
-7485
-15324
-15896
-15778
-9475
5750
15597
8723
-2348
-648
5960
-1916
-19796
-23503
-8354
2059
-7314
-20945
-19122
-6639
397
1215
5492
11383
7541
-6386
-17935
-20479
-19846
-20769
-18824
-9584
3075
11588
11723
3542
-8603
-16169
-12877
-2279
6338
8958
7456
1499
-9955
-19058
-13518
4867
17263
10301
-7456
-18778
-18893
-15011
-12877
-13768
-17975
-20715
-11723
8537
19689
5314
-18824
-21109
1801
20589
17935
11457
18446
23409
5492
-20068
-19924
5175
19122
3531
-18537
-20821
-8354
452
2288
1424
-5960
-18823
-19789
-563
15597
4392
-17531
-13428
15896
31761
18469
6081
17935
31568
17949
-8612
-13518
2692
8437
-6430
-17717
-8461
8159
15575
16467
16815
10532
-4670
-14642
-8995
642
-202
-4067
4459
19423
20525
6077
-3142
4753
17046
18092
9999
2773
-2431
-8686
-11464
-4038
9840
19285
20448
19043
19717
19800
14048
1557
-11635
-15287
-4161
12900
18928
8354
-6032
-11349
-10902
-12500
-10415
4277
20818
17429
-5176
-19563
-8319
13246
21603
15501
8594
6541
7618
13496
21400
16998
-4296
-19308
-5514
19860
19008
-9902
-29082
-19927
-9204
-19884
-30678
-13518
15180
17868
-4307
-14220
2639
19767
14612
-1649
-10297
-11945
-12071
-4664
11066
18079
6321
-6541
-1385
9528
1628
-19894
-26259
-10995
76
-9662
-23252
-19619
-5008
2136
1186
4217
10788
8354
-5294
-17731
-20866
-19849
-20367
-18951
-10567
2257
11972
12713
3458
-10087
-17037
-11198
1000
8686
10218
10114
6091
-6886
-20127
-16061
4948
18979
9264
-11549
-21171
-16671
-10292
-8215
-9278
-14642
-21409
-16204
4982
19580
5631
-19919
-19515
9123
28583
19908
9362
19912
30526
13269
-15400
-17935
4354
14199
-2745
-19738
-14333
2045
10695
12404
12670
5403
-10286
-17660
-6785
5462
1023
-8354
-89
19925
24768
9555
-1053
7992
21033
19156
7244
92
-1848
-6541
-11176
-5931
8026
18824
20748
19367
19902
19684
13548
1069
-11745
-15209
-4101
13086
19055
7795
-7191
-12139
-11187
-13518
-12592
2591
20994
18340
-5212
-19880
-7202
15209
21938
13315
5263
3105
3977
10376
20587
18824
-1702
-17646
-5056
18824
15843
-14156
-31569
-19156
-6826
-18559
-31837
-17488
9433
13851
-2843
-8354
6718
17414
7433
-9232
-16406
-17384
-18072
-12404
2016
12571
9917
2742
1321
153
-8863
-17935
-14177
-1130
5796
795
-8513
-14704
-15601
-9123
4136
14496
11057
-3708
-16480
-19660
-17021
-14642
-15136
-18647
-20347
-10918
8928
19650
5176
-18979
-20884
3015
22277
18700
11321
19293
26200
8686
-18287
-19574
4582
17186
622
-19841
-18100
-2257
7414
9042
8691
1771
-12943
-18969
-5755
8354
2385
-10790
-3481
19813
27430
11400
-493
9662
23551
19527
5208
-1161
-954
-5638
-11662
-6541
8135
18711
20165
19374
20482
19725
13303
1649
-11033
-15766
-4885
13961
20236
6396
-10323
-13518
-10844
-14989
-16399
183
21647
19230
-5872
-19860
-4978
17140
20999
10402
2037
-825
-880
6541
19451
19816
424
-14888
-3569
16518
10798
-17429
-30902
-16787
-4544
-15520
-29184
-19608
2079
8354
-388
-1618
9107
12783
159
-15149
-20420
-19800
-20101
-17618
-7608
5020
12079
10944
2916
-8686
-16061
-11993
-200
8354
10336
10324
6808
-6077
-20326
-16885
4960
19508
8438
-13630
-21907
-14642
-6788
-4515
-5315
-11223
-20701
-18625
1814
17717
5148
-18732
-15581
14642
31838
18814
6106
17935
31678
18352
-7355
-12018
2278
5697
-8248
-15597
-3692
12332
18347
19016
20021
15616
3046
-8354
-10963
-7936
-2898
5609
14419
14369
4345
-5492
-8607
-7711
-3098
8686
20208
15307
-5515
-18824
-8655
11748
20674
16115
9731
6627
6635
12877
21895
17841
-3704
-18480
-4571
19246
15958
-13518
-30709
-19246
-7567
-18480
-31074
-17841
7698
12877
-1724
-6627
7012
16115
5365
-11748
-18875
-18824
-19004
-15307
-3422
8686
11755
7711
2011
-5492
-13525
-14369
-5096
5609
9521
7936
2728
-8354
-19519
-15616
4714
19016
9258
-12332
-21718
-15597
-8008
-5697
-6483
-12018
-20824
-18352
2097
17935
5269
-18814
-15743
14642
31926
18732
5862
17717
31602
18625
-6554
-11223
2060
4515
-8891
-14642
-1912
13630
18989
19508
20652
16885
5437
-6077
-11179
-10324
-3639
8354
16785
11993
-943
-8686
-9631
-10944
-9073
5020
21475
17618
-5924
-19800
-6666
15149
21168
12783
4929
1618
1258
8354
20396
19608
-436
-15520
-3569
16787
10879
-17429
-30702
-16518
-4292
-14888
-28301
-19816
108
6541
364
825
9812
10402
-3134
-17140
-21117
-19860
-20057
-19230
-12274
183
12080
14989
3877
-13518
-19254
-6396
9918
13961
11803
15766
17566
1649
-20529
-19725
4922
19374
4022
-18711
-20735
-6541
3582
5638
5295
-1161
-14821
-19527
-4987
9662
2878
-11400
-4083
19813
27341
10790
-1338
8354
21701
18969
7593
1771
-1606
-9042
-12275
-2257
12921
19841
18526
17186
18344
19574
18020
8686
-8861
-19293
-5999
18700
21809
-3015
-23627
-18979
-10219
-19650
-28773
-10918
17404
18647
-4893
-14642
3031
19660
13105
-3708
-12282
-14496
-15630
-9123
5969
14704
8842
795
1207
1130
-8670
-17935
-13193
-153
6198
2742
-4442
-12571
-18211
-12404
5210
17384
9555
-9232
-19629
-17414
-11841
-8354
-7967
-13851
-22203
-17488
4173
18559
4371
-19156
-15337
14156
30772
18824
6972
17646
30415
18824
-4646
-10376
641
3105
-8444
-13315
-757
15209
20800
19880
19961
18340
9962
-2591
-12363
-13518
-3404
12139
18400
7795
-7759
-13086
-11821
-15209
-16475
-1069
20471
19684
-4801
-19367
-4045
18824
20665
5931
-4522
-6541
-6249
-92
13576
19156
6034
-7992
-2490
9555
1743
-19925
-25041
-8354
3133
-5462
-17758
-17660
-10821
-5403
2409
12404
12314
-2045
-16696
-19738
-15984
-14199
-15271
-17935
-20178
-13269
6368
19912
6189
-19908
-20294
9123
29533
19919
8168
19580
32122
16204
-11532
-14642
3387
8215
-7531
-16671
-4857
11549
17776
18979
20444
16061
3958
-6886
-10876
-10114
-3911
8686
17499
11198
-3236
-10087
-9827
-12713
-13081
2257
22074
18951
-6277
-19849
-4217
17731
20185
8354
-528
-4217
-5365
2136
16672
19619
3549
-9662
-1507
10995
1992
-19894
-24948
-9528
990
-6541
-17659
-18079
-11505
-4664
3724
11945
10876
-1649
-14989
-19767
-17545
-14220
-13734
-17868
-21745
-13518
7668
19884
4658
-19927
-18428
9902
28612
19860
9259
19308
30743
16998
-8555
-13496
1420
6541
-6861
-15501
-4200
13246
20251
19563
19477
17429
8268
-4277
-12591
-12500
-2971
11349
17794
8354
-6894
-12900
-12024
-15287
-16669
-1557
20147
19800
-4534
-19043
-3458
19285
20065
4038
-6889
-8686
-8416
-2773
10865
18092
7875
-4753
-1742
6077
-2276
-19423
-20346
-4067
5899
-642
-10740
-14642
-15012
-10532
3366
16467
11480
-8159
-20776
-17717
-10629
-8437
-9329
-13518
-20586
-17949
1898
17935
5683
-18469
-15091
15896
32510
17531
3654
15597
30179
19789
-1375
-5960
816
-2288
-11772
-8354
7517
18537
19497
19122
20664
19924
15158
5492
-9398
-18446
-6272
17935
22325
-1801
-23111
-18824
-9808
-19689
-29632
-11723
16920
17975
-4952
-12877
5066
18893
9472
-7456
-14978
-17263
-19122
-13518
234
9955
10131
7456
3571
-6338
-16164
-12877
550
8603
9164
11723
11868
-3075
-22371
-18824
6601
19846
3761
-17935
-19659
-7541
1334
5492
7225
-397
-15489
-19122
-4487
7314
438
-8354
1808
19796
20816
5960
-2911
2348
11068
15597
16060
9475
-5217
-15896
-9632
7485
18433
17935
13018
8658
7359
13518
22665
18054
-3791
-17717
-3481
18181
12270
-16467
-30268
-16917
-5080
-14642
-26981
-19917
-2747
4067
1928
4456
10056
6077
-7927
-19353
-21125
-18092
-17278
-19734
-19537
-8686
10489
19515
4247
-19285
-19593
5872
25151
19800
10973
19867
29701
15287
-10593
-15189
1504
8354
-5609
-16380
-5971
12500
20449
19464
18959
17429
8992
-3798
-13067
-13246
-2727
12524
18130
6541
-9734
-14662
-12734
-16998
-20125
-4931
18618
19860
-3672
-17294
-1246
19927
17382
-1314
-12662
-13518
-13030
-8823
3787
14220
11252
2530
-182
-1649
-9799
-15951
-8752
4664
10435
8382
3644
-6541
-19337
-17502
3994
19894
7769
-16620
-22840
-9662
1636
3497
2737
-2136
-14132
-19477
-6424
8354
3324
-9096
-1552
19849
23884
6164
-5544
2257
13390
15346
13781
10087
-2666
-16484
-12062
8686
21796
17171
8722
6886
8118
11797
19425
18979
565
-16240
-5788
16671
12176
-18156
-32070
-14642
-62
-11599
-26219
-19580
-4616
-581
327
9123
13440
886
-15808
-19912
-15808
-14868
-16658
-17935
-19273
-13983
4611
19738
7124
-19823
-19625
12404
32732
19181
4852
17660
32662
19165
-5286
-8354
2300
-336
-12218
-9555
7303
18255
18670
19156
21491
19928
14829
6541
-8085
-19025
-7317
18824
23023
-4694
-27392
-19684
-7972
-19899
-32768
-15209
13772
15029
-4653
-7795
9253
15804
1442
-13518
-17676
-19759
-22562
-18340
-7892
1375
9565
15209
6627
-14827
-22722
-3105
18466
17014
9225
18824
28193
9259
-19723
-18824
6420
14026
-5509
-19156
-8855
7257
13912
17488
20659
14327
192
-8354
-9282
-9689
-5421
9232
19746
9742
-8305
-12404
-8871
-15462
-20773
-2742
22936
19927
-7523
-17935
1778
19896
14177
-795
-8642
-13451
-16896
-9123
7003
13674
7733
3708
4040
-3256
-15287
-14642
-1333
7029
7385
10918
12377
-3317
-23814
-18979
8044
19698
1432
-18700
-17322
-4990
2952
8686
12336
3738
-12985
-17186
-5467
1862
-2736
-2257
10374
17759
9430
-1771
-5271
-6106
-4337
8354
23038
16754
-8142
-19813
-3893
16345
18619
9662
2400
-3978
-7793
1161
17525
19114
2953
-6541
1658
6857
-5741
-19374
-15606
-2833
2957
1649
-2564
-12188
-21322
-13961
7990
18874
5583
-13518
-18589
-13132
-6990
-183
3784
-5227
-20713
-19860
-532
10166
-864
-10402
1813
19911
19923
6541
-749
2105
8001
14888
19276
11147
-7740
-17429
-6610
10739
17774
15520
10652
3557
-567
8354
22804
19862
-1582
-12783
349
12947
1231
-19800
-22688
-9313
-1157
-5020
-11955
-16654
-17347
-8686
7499
15915
7136
-8354
-16645
-17045
-13379
-6077
-1784
-10584
-24095
-19508
3268
14538
-70
-14642
-3372
19410
24285
11223
2650
7086
14576
17717
15826
6800
-7333
-14642
-7332
6569
15573
17935
15238
7767
3304
12018
24846
19096
-4465
-15597
-35
15653
4678
-19016
-25078
-12380
-3663
-8354
-16068
-18280
-14869
-5609
7263
13807
7349
-5492
-14822
-18376
-16297
-8686
-4073
-12760
-25230
-18824
5128
16097
35
-16115
-5245
18794
25348
12877
4144
8878
16612
18480
14532
5168
-7274
-13518
-7309
5168
14567
18480
16577
8878
4179
12877
25313
18794
-5210
-16115
0
16097
5163
-18824
-25265
-12760
-4038
-8686
-16332
-18376
-14787
-5492
7314
13807
7299
-5609
-14904
-18280
-16033
-8354
-3698
-12380
-25043
-19016
4643
15653
0
