-10150
24005
-23216
-12773
4467
16411
16437
4688
-12477
-23581
23838
-9833
-44
9857
-23847
24087
11719
-5384
-17344
-17239
-5852
11400
24458
-23409
9219
161
-9445
23590
-25319
-10110
6608
18641
18226
7492
-9930
-25471
22648
-8283
-379
8908
-23175
26839
7883
-8081
-20250
-19288
-9600
8057
26472
-21425
6961
726
-8236
22518
-28532
-4980
9722
22084
20285
12138
-5779
-27275
19597
-5194
-1222
7413
-21516
30238
1365
-11425
-24012
-21045
-15031
3108
27656
-17017
2935
1883
-6424
20052
-31739
2955
13052
25852
21365
18147
-88
-27357
13558
-165
-2713
5261
-18010
32767
-7909
-14430
-27371
-21018
-21294
-3196
26103
-9134
-3087
3695
-3927
15291
-32768
13333
15356
28288
19773
24204
6596
-23628
3738
6731
-4794
2446
-11833
32124
-18950
-15602
-28286
-17415
-26539
-9901
19709
2524
-10594
5943
-870
7648
-29787
24352
14939
27045
13790
27904
12825
-14227
-9392
14408
-7046
-717
-2843
25734
-29003
-13168
-24287
-8851
-27883
-15024
7220
16427
-17809
7976
2195
-2342
-19838
32264
10165
19834
2712
26091
16120
1044
-22998
20355
-8585
-3413
7527
12184
-32768
-5932
-13689
4298
-22260
-15754
-10019
28314
-21568
8717
4199
-12188
-3152
31959
655
6108
-11605
16330
13655
18861
-31492
21002
-8238
-4388
15697
-6536
-27358
5258
2340
18392
-8552
-9732
-26459
31692
-18349
7066
3853
-17403
15806
19605
-11162
-10756
-23664
-435
4164
31554
-28303
13551
-5213
-2546
16749
-23320
-9175
16212
17964
26382
9584
2530
-32768
21161
-6915
2815
541
-13435
27652
-2827
-19474
-22663
-25668
-17507
-9472
29764
-10757
-818
-155
1935
7583
-27580
14680
20092
23669
21074
22672
15493
-21822
-1630
8479
-2357
-4500
144
22448
-24230
-17533
-20247
-12841
-23714
-19310
9878
13965
-14614
4231
6656
-8500
-12534
29274
11824
12452
2080
19845
19815
4208
-23716
17749
-5002
-7877
15797
-708
-28122
-3741
-1386
9229
-11257
-16431
-17622
28376
-16794
4363
7745
-20209
14661
20240
-5163
-10778
-18513
-617
9443
27081
-26181
11471
-2307
-6106
20268
-25939
-6760
12775
21093
23179
13138
-183
-29670
16876
-2650
-785
3192
-15416
31193
-9356
-16901
-26522
-21421
-22933
-9078
23879
-2238
-7588
4145
334
6451
-28209
23752
15961
24912
13038
26793
15615
-10503
-13939
16308
-6774
-3483
4359
16976
-31782
-9707
-15979
49
-22844
-17079
-7005
26630
-20528
7727
5209
-13697
-293
30111
-331
1917
-13937
11583
12464
23109
-31128
18323
-6489
-4783
18177
-16574
-18328
10974
12816
23735
3698
-2841
-31826
24969
-9848
3283
2167
-15679
27377
-157
-18265
-22735
-25317
-17578
-8569
29081
-9504
-2218
842
1806
6545
-27290
18645
18966
23432
17268
24327
17279
-14925
-9796
13248
-4279
-5593
6000
15380
-29363
-12173
-13798
-2146
-20431
-19285
-5548
24903
-18355
5476
7495
-16694
4083
26876
261
-2713
-13847
6758
13082
23533
-28540
14698
-3706
-6455
20375
-22594
-11263
11582
18822
23175
10944
-959
-30162
18016
-3352
-395
2727
-14643
30906
-10769
-17461
-26417
-20633
-24049
-11430
21174
2403
-10460
4884
1989
1718
-23876
28189
13841
20820
6658
25228
17517
-194
-22490
19462
-7345
-5221
11910
4178
-31054
-2019
-4126
11817
-12915
-13436
-21854
30865
-18180
6214
5029
-18497
17800
16632
-11735
-14778
-24320
-6665
869
32018
-21711
6627
-1894
-1299
13599
-28977
7581
19186
24534
22763
22009
13015
-23169
-521
8727
-3150
-3856
474
21565
-26917
-15147
-18304
-7176
-22980
-19330
-261
22280
-18140
5681
7133
-15046
756
28242
1532
-788
-12935
7997
13306
23376
-28770
14826
-3820
-6146
20103
-23512
-9498
12819
20230
23795
13417
1611
-29831
14441
-359
-1364
1320
-11401
30308
-16991
-17555
-25874
-16916
-25951
-15016
13860
11366
-15191
6199
3988
-5388
-15057
31702
8528
12594
-3511
19490
16566
13583
-29422
19849
-6899
-5692
17651
-11608
-22379
7937
10232
22067
1946
-4356
-31191
24780
-9225
2647
2221
-15185
28630
-4739
-18753
-24396
-23334
-21486
-12245
23753
-31
-8655
3278
3774
-726
-21078
27615
14382
17338
5266
22252
19153
3678
-24476
18655
-5816
-7172
16837
-5707
-25863
2134
5794
17105
-2583
-9662
-27559
26694
-11354
2508
4740
-18483
28267
-176
-16283
-24529
-23373
-20356
-8277
25503
-3431
-7282
3824
1545
3366
-25034
27008
14503
20762
6753
24715
17849
1779
-24067
19732
-7159
-5762
14579
-2103
-28294
2214
2894
17389
-5250
-9134
-28252
28465
-13189
3983
3572
-17348
26771
1499
-17516
-23213
-24650
-19172
-9732
26519
-4116
-6453
2716
3021
1358
-22997
26506
15190
18579
6549
22847
19103
2865
-24234
18723
-5904
-7090
16929
-6388
-25357
3031
7042
18237
-837
-8232
-28723
25427
-9710
1900
3976
-17177
29589
-4908
-17354
-25650
-21993
-23007
-11415
21475
3045
-11165
4995
3060
-1679
-19526
30454
11003
15285
-528
20871
17196
11727
-28874
19742
-6728
-5852
18028
-13191
-20568
9249
12814
23296
5739
-1581
-31711
20589
-5077
965
832
-11758
29311
-14008
-18959
-24626
-18097
-24756
-16821
13014
12800
-15373
5364
5968
-10082
-7822
30421
5373
4504
-9524
11587
14517
21837
-29281
15461
-4111
-5790
19700
-24703
-6598
14634
22366
24149
17619
6235
-27395
6418
5665
-3320
-1400
-3786
25107
-26946
-14409
-20007
-5576
-23902
-17972
-4928
26044
-19914
6971
6011
-16722
8316
24274
-6433
-9354
-21564
-2291
4035
31290
-22991
7050
-1566
-1476
13056
-29477
12082
18987
24875
18852
24654
16475
-13658
-12398
15323
-5412
-5937
10262
7255
-30354
-4660
-3439
10741
-10274
-13616
-23456
28973
-14450
3692
5302
-19170
26616
2691
-15989
-23986
-23636
-20362
-9059
24606
-1060
-9064
4372
2681
-391
-20705
29954
11482
15402
-535
20452
17107
13080
-29356
19321
-6390
-5787
18699
-16942
-16453
11833
16758
24697
11074
2650
-30891
13938
437
-1053
-1084
-6384
26808
-22834
-16906
-21256
-9741
-24044
-18916
-738
23515
-18821
6067
6940
-17191
8110
23909
-5169
-10112
-20666
-3577
4528
30509
-21124
5071
-201
-1912
12692
-30227
16073
17842
25202
15389
25947
16868
-7626
-18084
18134
-6767
-5672
12904
1078
-29172
1034
2567
17339
-4030
-8217
-29357
26547
-10410
2633
2573
-15124
29298
-8440
-18869
-25112
-20126
-24354
-15824
14821
11642
-15211
5484
5895
-10592
-6219
30154
3383
1496
-12831
7810
11864
26005
-27901
12318
-2826
-4309
17633
-29089
4436
17628
25669
21319
23998
13407
-17724
-8596
14334
-5870
-4607
7667
10499
-31461
-4668
-5120
11271
-11107
-12507
-25011
29507
-14419
4107
3967
-17546
27511
-1229
-18039
-24570
-22860
-22533
-13377
19980
6177
-12819
4916
5169
-7638
-10894
30771
6055
5164
-9859
10948
13567
23869
-28867
13849
-3412
-4756
18331
-28244
2025
17317
25357
22003
23430
12855
-18751
-7589
13926
-5763
-4572
7533
10556
-31424
-4533
-4705
11716
-10434
-12081
-25725
29121
-13671
3761
3675
-17003
28298
-3828
-18433
-24997
-21672
-23635
-14758
16918
9823
-14608
5418
5726
-10227
-6457
30174
2988
772
-13775
6522
10800
27299
-26932
10778
-2203
-3548
16142
-30019
9421
18145
25831
18547
25469
15886
-11252
-15457
17324
-6568
-5647
12597
1265
-28971
1456
3818
18379
-1839
-6605
-30446
24190
-7605
1446
1491
-12413
29503
-15606
-18491
-24084
-14667
-25124
-18275
4106
20992
-18544
6194
6778
-16699
7636
23787
-5932
-11425
-21814
-6233
1945
30834
-17065
1209
1199
-129
7893
-27739
23878
15782
21035
6728
23718
18122
7034
-27459
19633
-6497
-6060
18678
-16714
-15893
12344
18299
24939
14246
5558
-28810
7331
5557
-2958
-2959
176
20308
-29354
-11517
-12840
2688
-17060
-16492
-18221
29671
-16476
4481
5505
-19254
26162
2298
-16609
-24621
-22899
-22550
-12233
19679
6982
-13834
5748
4777
-8465
-8606
31031
2802
1680
-14470
6738
9696
28543
-26791
10229
-2305
-2342
14135
-29686
12902
18692
24635
15952
25237
18006
-5153
-20511
18520
-6235
-6743
16847
-8438
-23021
6847
12771
22595
8225
-174
-30583
14188
1191
-2028
-866
-4943
25278
-27101
-13805
-17602
-1628
-20855
-17280
-14145
29742
-18387
5663
5449
-19092
23439
6597
-16208
-23108
-24192
-20770
-11620
21977
4440
-12421
5000
5143
-8374
-8890
30584
3604
1287
-13953
5963
9978
28311
-25781
9011
-1465
-2551
13830
-30179
15609
17921
24547
13399
25565
17970
-765
-23704
19552
-6727
-6264
17740
-12677
-19516
10405
16287
24545
12551
4321
-29355
8298
5243
-2988
-2967
627
19445
-29907
-10371
-10935
5247
-14789
-15099
-21790
29401
-14512
3588
4517
-17769
28972
-5603
-18066
-25759
-19338
-25284
-16052
10367
16879
-17972
6644
6045
-14891
4513
25564
-5760
-10446
-22417
-6364
459
31213
-15177
-565
1561
1490
3858
-24041
27434
13465
15553
-147
18672
16976
17119
-29719
16607
-4490
-5299
18928
-27136
546
17424
25363
21380
24302
14686
-14231
-13482
16821
-6438
-5814
13448
-1329
-27280
3987
8248
21341
4278
-1946
-31371
16956
-701
-1188
-1110
-4857
24865
-26806
-13936
-16235
-559
-19102
-17116
-16734
29719
-16680
4511
5272
-18873
27281
-1057
-17554
-25455
-21014
-24571
-15126
13003
14770
-17325
6527
5972
-14363
3496
26000
-5431
-10298
-22405
-6658
119
31069
-14140
-1516
1943
1879
2449
-22502
28685
12039
13241
-3164
16310
15689
20796
-29572
14786
-3656
-4428
17527
-29223
7106
18248
25679
17908
25621
17028
-6416
-20313
18971
-6711
-6303
17077
-10797
-20709
9819
16045
24500
13081
4979
-28597
6004
7046
-3667
-3664
3473
15429
-30911
-6938
-5618
10935
-9020
-11424
-27345
26614
-9604
1587
2383
-13214
29943
-17767
-17515
-23249
-10159
-24521
-18322
-6061
27464
-19381
6164
5966
-19225
21457
8875
-15624
-22954
-24074
-21313
-12386
19853
7895
-14472
5663
5810
-12028
-1538
28214
-2165
-7111
-20313
-3858
2646
30983
-16222
-254
1858
1107
3821
-23665
28682
11950
13810
-3570
16438
15084
21928
-29754
14446
-3665
-3671
16331
-29454
10007
18661
24911
15716
25309
18256
-1421
-23683
19225
-6232
-6621
18991
-17410
-13953
13197
21062
24474
19137
9733
-22917
-3998
12911
-5564
-5022
9774
5248
-29761
628
4418
19327
1428
-3717
-31308
18130
-1204
-1202
-1136
-4256
23957
-28001
-12569
-13818
3025
-16179
-15370
-21815
29360
-13843
3196
3807
-16223
29947
-11843
-18278
-24864
-14009
-25421
-18207
-1661
25609
-19561
6366
6174
-19122
20043
10479
-15137
-22646
-24154
-21262
-12437
19370
8811
-15041
5849
5984
-13182
1185
26752
-4319
-10176
-22095
-7640
-447
30333
-11216
-4125
3127
2547
-840
-18258
30948
7711
7077
-10642
9559
10969
28058
-26286
8821
-1379
-1436
11085
-28854
21249
16617
20407
5518
21814
17956
13616
-29544
17307
-4730
-5195
18633
-27884
3644
18116
25651
18586
25522
17179
-5359
-21569
19261
-6610
-6385
18340
-15784
-15335
13142
20597
24753
19114
10466
-22276
-5398
13633
-5573
-5663
11855
1226
-27838
3174
8808
21556
6603
-158
-30514
11745
3900
-3089
-2595
1098
17758
-31047
-7135
-5995
11741
-8141
-9988
-28981
24991
-7223
735
788
-9262
27757
-23977
-15315
-18063
-1821
-19510
-16870
-18256
29840
-15411
3809
4239
-16957
29661
-10506
-18361
-24909
-14018
-25317
-18315
-3099
26512
-19406
6117
6003
-19324
22970
5777
-16719
-24417
-22438
-23788
-15244
12748
15962
-17823
6376
6545
-17045
11047
19651
-10549
-18216
-24607
-16814
-8162
24545
2290
-12371
5470
5137
-10442
-3412
28791
-2519
-7668
-21412
-5896
144
30735
-11745
-4011
3029
3011
-2168
-16225
31022
6096
3753
-13462
5484
8447
29963
-22463
4493
415
17
6556
-25637
27368
12826
14319
-3564
15684
14459
23868
-28838
12138
-2500
-2523
13381
-29653
18589
17294
21555
6868
22364
18011
13578
-29652
17056
-4544
-4846
17987
-28890
7455
18422
25284
15413
25479
18236
1928
-26106
19411
-6101
-6016
19350
-23516
-4570
17072
24824
21605
24466
16131
-9731
-18752
18640
-6443
-6592
18292
-15511
-15096
13226
21392
24368
20607
11771
-19269
-9679
15847
-6243
-6045
14772
-5766
-23527
8279
15339
24399
14290
6559
-26361
263
11163
-5094
-5128
10099
3798
-28704
2471
8274
21628
7115
720
-30120
9350
5895
-3764
-3514
4478
12680
-31104
-2974
622
17283
-513
-4585
-31206
17291
202
-1954
-1938
-932
19702
-30542
-8058
-6355
11603
-7373
-9410
-29569
23150
-4903
-341
-101
-6127
25034
-28042
-12001
-12619
5730
-13461
-13042
-26279
27269
-9530
1386
1400
-10349
28205
-23793
-15123
-17452
-243
-18097
-15842
-21540
29333
-13070
2706
2901
-13874
29823
-18835
-17024
-21194
-5526
-21643
-17451
-16345
30015
-15881
3970
3961
-16294
29806
-13316
-18203
-23533
-10280
-23808
-18379
-10807
29289
-17650
4798
4939
-18048
28874
-8017
-18468
-24990
-14055
-25121
-18455
-5635
27863
-18841
5546
5515
-18934
27054
-2910
-18333
-25456
-17180
-25480
-18185
-765
25763
-19293
5936
6029
-19413
24973
1512
-17685
-25453
-19429
-25402
-17458
3372
23566
-19450
6288
6246
-19368
22629
5419
-16955
-24931
-21173
-24838
-16692
6964
21256
-19208
6395
6455
-19191
20483
8534
-16046
-24315
-22295
-24204
-15787
9769
19240
-18923
6518
6478
-18793
18482
11075
-15276
-23553
-23119
-23447
-15046
12006
17454
-18509
6499
6536
-18463
16926
12890
-14549
-22946
-23571
-22859
-14374
13541
16157
-18213
6528
6498
-18120
15738
14170
-14076
-22432
-23880
-22376
-13964
14551
15268
-17958
6491
6513
-17946
15092
14824
-13772
-22188
-23983
-22168
-13736
14952
14931
-17885
6505
6490
-17871
14916
14966
-13750
-22154
-23998
-22174
-13787
14839
15077
-17931
6498
6506
-17973
15283
14536
-13949
-22391
-23865
-22447
-14062
14156
15753
-18135
6513
6514
-18198
16142
13556
-14388
-22844
-23586
-22931
-14564
12905
16911
-18449
6522
6514
-18524
17469
11992
-15032
-23462
-23104
-23568
-15261
11060
18496
-18808
6492
6504
-18909
19226
9784
-15802
-24189
-22310
-24300
-16060
8548
20468
-19177
6441
6410
-19223
21271
6949
-16677
-24852
-21158
-24946
-16941
5404
22644
-19382
6261
6273
-19435
23552
3387
-17473
-25387
-19444
-25439
-17699
1527
24958
-19398
6015
5950
-19308
25777
-779
-18170
-25495
-17166
-25471
-18319
-2925
27069
-18949
5529
5531
-18826
27848
-5621
-18470
-25107
-14070
-24975
-18483
-8002
28859
-18034
4924
4813
-17665
29304
-10821
-18365
-23823
-10265
-23547
-18188
-13330
29820
-16309
3976
3956
-15866
30000
-16331
-17465
-21628
-5541
-21179
-17039
-18820
29809
-13859
2886
2721
-13085
29348
-21555
-15827
-18112
-228
-17467
-15108
-23808
28220
-10364
1415
1371
-9516
27255
-26264
-13057
-13447
5715
-12605
-12015
-28027
25019
-6113
-116
-327
-4917
23165
-29584
-9396
-7388
11618
-6370
-8043
-30556
19717
-946
-1923
-1968
217
17276
-31191
-4600
-498
17268
637
-2989
-31090
12665
4493
-3529
-3749
5881
9365
-30135
734
7100
21642
8259
2486
-28719
3813
10085
-5113
-5109
11178
249
-26346
6544
14304
24384
15353
8264
-23512
-5780
14787
-6060
-6228
15832
-9664
-19284
11785
20593
24383
21377
13240
-15111
-15497
18278
-6577
-6457
18655
-18767
-9716
16117
24480
21591
24838
17057
-4556
-23531
19364
-6031
-6087
19396
-26091
1914
18250
25465
15428
25269
18437
7441
-28875
17973
-4831
-4559
17070
-29667
13592
17997
22378
6854
21570
17280
18604
-29668
13396
-2538
-2485
12123
-28823
23854
14473
15669
-3549
14304
12840
27354
-25622
6542
32
401
4508
-22478
29978
8433
5499
-13477
3767
6082
31037
-16239
-2153
2997
3044
-4026
-11730
30720
159
-5911
-21397
-7682
-2504
28776
-3398
-10457
5151
5455
-12356
2276
24560
-8177
-16799
-24622
-18201
-10563
19665
11032
-17030
6530
6391
-17837
15977
12733
-15229
-23803
-22424
-24431
-16704
5762
22984
-19338
6018
6102
-19391
26497
-3085
-18329
-25302
-14033
-24895
-18376
-10491
29646
-16942
4224
3824
-15425
29855
-18271
-16856
-19524
-1806
-18078
-15300
-23991
27771
-9277
803
721
-7208
24976
-28967
-10003
-8127
11727
-5981
-7150
-31032
17744
1113
-2609
-3074
3886
11760
-30529
-143
6588
21570
8794
3188
-27853
1240
11840
-5648
-5588
13648
-5413
-22261
10451
19129
24738
20612
13127
-15320
-15799
18355
-6399
-6595
19246
-21555
-5374
17193
25507
18600
25637
18131
3630
-27870
18619
-5180
-4745
17322
-29558
13631
17941
21829
5503
20421
16602
21264
-28869
11099
-1450
-1364
8807
-26272
28043
10983
9545
-10627
7062
7726
30934
-18244
-854
2562
3112
-4110
-11231
30347
-461
-7625
-22109
-10161
-4334
26767
1170
-13168
5969
5863
-15056
8825
19355
-12422
-21277
-24139
-22661
-15123
10465
20058
-19136
6189
6352
-19546
25594
-1647
-18221
-25406
-14024
-24850
-18292
-11829
29933
-16209
3792
3211
-13858
29375
-21829
-15356
-16194
3039
-13833
-12554
-28016
23971
-4270
-1121
-1217
-1189
18115
-31294
-3732
1442
19313
4433
613
-29747
5233
9788
-5036
-5550
12896
-3983
-22931
9748
19122
24489
21047
13212
-13968
-17395
18977
-6607
-6246
19240
-23698
-1406
18242
25324
15701
24926
18646
10022
-29468
16346
-3686
-3651
14432
-29740
21913
15099
16423
-3556
13795
11964
28668
-23650
3806
1122
1843
-239
-16237
30997
2631
-3843
-20327
-7097
-2180
28228
-1553
-12013
5795
5678
-14487
7909
19838
-12371
-21328
-24059
-22969
-15609
8860
21472
-19240
5980
6150
-19367
27449
-6046
-18336
-24506
-10174
-23234
-17530
-17753
29929
-13199
2369
1601
-9619
26628
-27360
-11409
-9035
10950
-5632
-6923
-30925
15443
3459
-3649
-3682
7061
5989
-28582
4964
13096
24486
16060
9804
-20694
-10812
17091
-6318
-6697
18956
-20299
-6431
17043
25606
17923
25664
18262
7091
-29209
17513
-4413
-3670
14801
-29587
20811
15674
16325
-3178
13256
12024
28699
-22517
2464
1865
1957
-1531
-14126
31055
134
-6673
-22390
-10312
-5417
25986
3511
-14377
5986
6512
-17310
14756
13018
-15141
-24556
-21029
-25441
-17569
-1042
27267
-18858
5257
4526
-16695
29733
-16749
-17101
-19117
-545
-16250
-13922
-26821
24879
-4872
-1095
-1203
-687
16942
-31356
-1960
4293
21327
8263
3972
-27265
-1344
13463
-5829
-6423
16807
-13467
-14246
14701
24287
21394
25348
17439
531
-27121
18914
-5284
-4504
16621
-29734
17134
16962
18687
-162
15567
13450
27449
-24056
3873
1475
1575
-580
-15162
31198
474
-6379
-22403
-10461
-5745
25550
4528
-14905
6059
6630
-17957
16865
10382
-16067
-25270
-19353
-25744
-18081
-5588
28958
-17754
4502
3602
-14527
29415
-21804
-15085
-14804
5262
-10950
-10357
-29922
19460
612
-2952
-3003
5257
8284
-29341
4306
12566
24530
16301
10391
-19502
-12692
17755
-6279
-6712
19537
-23689
-779
17985
25551
13414
24532
17935
15594
-30165
13816
-2536
-1480
9026
-25796
28326
9964
5978
-13967
1302
3589
30598
-8904
-8359
5129
5014
-12436
4454
21962
-11606
-20785
-24177
-23122
-16194
6582
23453
-19107
5464
5648
-18373
29728
-14130
-17295
-20840
-1643
-17588
-13820
-27087
25263
-4928
-881
-2014
1177
14203
-30598
-159
8211
22610
12757
6862
-23036
-8423
16832
-6729
-6250
18534
-20525
-5138
17991
25252
15937
24650
18678
12916
-29701
14150
-2356
-2291
10214
-26776
28528
9710
6724
-14455
1665
2817
31016
-8591
-8480
4792
5733
-13819
6967
19693
-12247
-22535
-22913
-24606
-16624
2313
26148
-19239
5490
4496
-16491
29686
-18236
-16477
-17074
2702
-12855
-11502
-29368
20323
161
-2944
-2973
5572
7317
-28795
5544
14260
24925
18314
12330
-15878
-16729
18693
-6075
-6482
19619
-27444
7019
18137
23704
6743
21020
15797
23863
-27725
7879
-114
1184
1224
-17080
30849
1930
-6218
-21829
-11410
-5947
23801
7621
-16684
6764
6209
-18558
21007
4091
-18260
-25139
-14653
-24099
-18477
-15620
29518
-12428
1506
1432
-7590
24176
-30431
-6620
-1825
18364
3832
1441
-28957
1250
12612
-5662
-6554
17309
-15443
-11267
15901
25454
18562
25817
18160
9406
-30005
16128
-3534
-2217
10792
-26947
27314
10785
6537
-13790
787
2973
30189
-6471
-10212
5711
5432
-14623
9838
16904
-14743
-23649
-21657
-25012
-18418
-3843
28313
-17018
3689
3746
-13656
29106
-25710
-12095
-10419
11701
-4690
-4548
-31409
10542
7548
-4586
-5748
13911
-7575
-18766
12870
23415
22017
25342
17331
2011
-28229
18317
-4742
-3426
13864
-28882
23883
13552
10963
-9873
5179
6040
30786
-10909
-7623
5155
4931
-12834
6192
19965
-13363
-22547
-22845
-24585
-18024
-1244
27526
-17561
3982
4093
-14404
29492
-24996
-12522
-11092
11256
-5105
-4683
-31446
10484
7681
-4622
-5855
14319
-8582
-17739
13422
23983
21334
25654
17643
4421
-29075
17618
-4294
-2840
12333
-27916
26020
11850
7825
-12846
1510
3369
30169
-6233
-10577
5881
5498
-15225
11657
14806
-15809
-24369
-20112
-25126
-18855
-8454
29312
-15139
2588
2619
-10395
26532
-29342
-8231
-4015
17325
2582
1019
-29157
1063
12919
-5686
-6752
18119
-18070
-7641
16883
25932
15403
25188
17856
16058
-30212
12677
-1897
-215
5086
-21139
30524
4514
-3563
-20681
-10098
-5183
23924
8095
-17176
6925
6082
-18836
23530
-753
-18901
-24059
-9726
-21270
-16891
-22848
26823
-6398
-1069
-1068
451
13923
-30877
2636
11089
24682
16773
11818
-16439
-16957
18714
-5801
-6376
19307
-29341
13066
17122
20438
-521
15387
11497
29939
-20691
-405
2696
4357
-9049
-1074
24620
-9074
-20347
-23650
-23971
-16004
2705
26601
-19155
5287
3706
-14464
28988
-23471
-13601
-10289
10756
-3453
-4646
-30369
7270
10248
-5923
-5427
15338
-12413
-13643
16460
24669
18837
24889
18973
12097
-29492
13071
-1490
-1551
7035
-22977
31275
4050
-2306
-21550
-9369
-6418
24259
8330
-16737
6026
6956
-19900
26030
-4913
-17986
-23888
-5591
-19993
-14424
-26931
25093
-3771
-1415
-3305
5650
6433
-27410
6250
17604
24164
22351
14648
-6613
-24688
19686
-5775
-4126
15475
-29295
21852
14502
11602
-9539
4519
5359
30436
-7837
-10068
5953
5378
-15388
12815
12999
-16806
-24770
-18082
-24641
-18944
-14022
29325
-11772
847
950
-5063
20574
-31697
-1595
5754
23282
12828
9234
-20553
-13206
18043
-5866
-6714
19728
-28859
11713
17211
20856
-513
15270
11018
30439
-19511
-1694
3075
4980
-11151
3031
21489
-11429
-22992
-22008
-25636
-17368
-4893
29574
-17162
3961
1915
-9724
25441
-28737
-8218
-852
18252
7027
3046
-25372
-6374
16915
-7075
-5919
18737
-24249
2880
19088
22861
6534
18594
15175
26521
-23011
1373
3007
2731
-6468
-4101
26504
-9717
-19186
-24635
-23227
-17501
1485
26786
-17363
3587
3968
-13174
28451
-28237
-9149
-5236
17374
2909
2200
-28279
-2117
14594
-5777
-7144
19717
-24053
1765
17863
24700
6768
20748
14517
26993
-25019
3351
1560
3809
-7267
-3446
25518
-8292
-20341
-23388
-24514
-16298
-161
28253
-18468
4726
2523
-11369
26708
-27573
-9647
-2598
17120
5779
2149
-25878
-5692
16822
-7158
-5830
18670
-24490
3692
19138
22267
5252
17353
14368
27630
-21092
-711
3759
3293
-8669
-16
23738
-12230
-21501
-23320
-24411
-18739
-4754
28645
-15200
2236
2633
-9211
24765
-31177
-4370
1960
22053
10247
7923
-22364
-11623
17665
-5707
-6885
19834
-29408
13568
16581
19475
-3496
12580
8543
31688
-15042
-5402
4003
6184
-15177
11351
13874
-15030
-25937
-16931
-25860
-17569
-16977
30293
-11386
1306
-1349
-373
14455
-29845
1625
13402
23809
20216
12834
-9512
-23497
20088
-6131
-3835
14841
-28785
23390
13291
8011
-12949
-774
1518
28257
742
-15031
7118
5695
-18154
22295
-275
-19315
-22995
-7161
-18319
-15133
-26932
21579
459
-3842
-3164
8741
-536
-23154
13000
22024
22748
24549
19172
7596
-28992
13614
-1314
-1879
6612
-21696
32004
883
-6680
-24305
-14793
-11721
16617
17815
-18511
5043
6200
-18165
30850
-21839
-13451
-12900
11803
-4111
-2034
-31039
4164
11924
-5235
-7331
19447
-22475
-209
17532
25213
6673
20806
13855
28174
-23862
1703
2004
4869
-10446
2388
21189
-11445
-24034
-20647
-26403
-17476
-10755
30891
-14628
2712
-380
-3366
18031
-30177
-945
10929
23190
18807
11597
-11278
-22579
20360
-6440
-3720
14713
-28555
23548
13068
6772
-13861
-2699
246
26891
4069
-16680
7481
5491
-18370
24918
-5562
-19270
-20446
-2132
-13812
-12158
-29378
15395
5985
-5578
-4293
13262
-9811
-14911
17265
24341
17253
23446
18952
18659
-27305
6559
1792
857
-2232
-9489
29067
-8555
-17593
-25302
-22750
-18251
-172
27392
-15694
2181
3268
-9833
24955
-31812
-2856
3713
23720
12831
10959
-18314
-16589
18192
-4797
-6474
18309
-31113
23094
12478
11569
-13922
1902
-316
30096
-278
-13711
5223
7712
-20514
26615
-6990
-17093
-22829
35
-15965
-9722
-31768
16962
4373
-3498
-6759
16293
-13924
-10518
15629
26779
13053
24897
15975
23738
-28194
6436
348
4131
-7573
-2253
23894
-9092
-22918
-21436
-26507
-16915
-9341
31179
-15401
3177
-770
-2665
16891
-29685
-168
13124
23194
21078
12790
-6775
-25924
20253
-6091
-2322
11485
-26196
27095
9428
-602
-18528
-10764
-5178
20254
14646
-20194
7731
4378
-16808
28390
-17637
-16416
-11272
9244
-1400
-3727
-28137
-693
15782
-7862
-5016
17764
-23731
4223
19800
19860
2066
12467
11809
29288
-12549
-8486
6642
4245
-14628
13980
9864
-19295
-23729
-12827
-20261
-17518
-24245
22463
129
-4486
-2372
8494
-1645
-21807
15478
22686
21060
23683
20078
14695
-27594
7597
1921
-140
-832
-10742
29750
-9458
-17522
-25653
-22678
-19459
-2842
27667
-13450
555
2801
-6900
21146
-32768
2516
9598
26367
17979
16198
-9161
-23335
16763
-2560
-5198
13536
-28289
31540
4179
-450
-23650
-10770
-11147
19591
15821
-17417
3868
7052
-18334
31677
-26444
-9747
-8537
18377
2354
5244
-27344
-6550
15712
-4403
-8223
20987
-31477
18846
13670
16315
-11590
6093
669
31944
-3137
-12203
4214
8703
-21553
28299
-10005
-15769
-22245
4283
-13674
-5946
-32768
12169
7542
-3427
-8570
20341
-22983
1029
16135
26077
2726
19819
10179
32249
-19823
-2357
2210
7962
-17794
16412
7235
-15039
-27868
-8865
-24272
-13183
-28988
25720
-2829
-732
-7031
14393
-9378
-14241
12840
27890
13804
27031
14954
24337
-29772
7633
-856
5928
-10579
2510
19724
-9916
-26524
-17429
-28271
-15617
-18935
32109
-11818
2432
-4779
6716
3752
-23642
6611
24189
19787
28273
15371
13319
-32768
15276
-3913
3681
-3072
-9148
26118
-3210
-21279
-21033
-27357
-14445
-7894
32752
-17996
5247
-2698
-180
13573
-27371
-73
18133
21379
25837
13066
2941
-31724
20038
-6410
1869
2949
-17032
27670
3094
-15016
-21060
-23997
-11439
1380
30223
-21501
7399
-1207
-5209
19612
-27290
-5765
12124
20300
22070
9736
-4995
-28518
22503
-8222
711
6976
-21440
26486
8043
-9585
-19303
-20236
-8096
7898
26824
-23160
8894
-365
-8297
22663
-25485
-9915
7477
18241
18626
6623
-10125
-25304
23576
-9430
146
9233
-23424
24472
11385
-5837
-17254
-17329
-5398
11733
24073
-23833
9843
-29
-9848
23853
-23595
-12462
4674
16452
16397
4481
-12788
-23201
23990
-10135
-15
10201
-24058
22966
13151
-3978
-15916
-15852
-3917
13348
22725
-24080
10303
15
-10344
24121
-22664
-13448
3729
15708
15693
3744
-13462
-22649
24106
-10330
0
10318
-24095
22739
13333
-3903
-15866
-15902
-3992
13166
22951
-24043
10187
0
