-7240
3550
19715
-22205
-19828
-18974
-16721
-21989
-20196
17010
6414
-9780
1468
6919
-3843
-19398
23503
18859
18880
15134
22449
20102
-14948
-8490
11070
-2197
-6777
4601
18540
-24958
-17719
-18373
-13147
-22702
-20153
12336
10992
-12490
2910
6789
-5804
-17074
26467
16342
17376
10713
22650
20260
-9129
-13858
13974
-3590
-6922
7419
14918
-27883
-14650
-15804
-7791
-22167
-20311
5299
16987
-15428
4208
7136
-9389
-11998
29018
12567
13565
4357
21107
20170
-850
-20226
16725
-4727
-7379
11624
8257
-29637
-10026
-10584
-428
-19319
-19680
-4155
23358
-17706
5095
7587
-13990
-3686
29471
6988
6818
-3925
16658
18674
9577
-26100
18181
-5254
-7685
16302
-1649
-28229
-3456
-2287
8552
-13018
-16989
-15172
28104
-17942
5140
7592
-18322
7580
25635
-496
-2899
-13209
8363
14488
20580
-28971
16784
-4694
-7224
19761
-13806
-21468
4714
8514
17551
-2765
-11091
-25317
28293
-14534
3868
6506
-20303
19875
15624
-8939
-14189
-21133
-3553
6811
28798
-25704
11095
-2646
-5388
19632
-25186
-8183
12808
19411
23439
10190
-1796
-30388
20963
-6499
1056
3860
-17494
29024
-520
-15869
-23542
-23944
-16550
-3644
29483
-14048
951
815
-1970
13756
-30634
9846
17624
25882
22197
21870
9020
-25641
5256
5128
-2807
-155
-8488
29345
-18841
-17601
-25769
-17942
-25294
-13685
18729
4721
-11095
4689
2309
2034
-24732
26290
15463
22729
11248
25997
16899
-9078
-14774
16120
-6180
-4212
4953
16803
-30866
-11125
-16645
-2628
-23379
-17945
-2398
23443
-19291
6982
5543
-11526
-6171
31366
4878
7924
-6905
17275
16294
14184
-29106
19781
-6845
-5998
16545
-5862
-27034
2539
2400
15876
-8160
-11807
-24285
30293
-17075
5640
5362
-18875
17350
17903
-9948
-12681
-22536
-2732
4897
30538
-26104
11208
-3433
-3604
17671
-25972
-5065
15874
20867
25209
13462
3372
-31111
16631
-2942
540
937
-12698
29499
-9257
-18833
-24902
-22762
-21662
-11360
25100
-3269
-6196
2482
2149
4593
-26450
21951
17742
23302
15098
25065
17124
-13091
-11268
14106
-4918
-4949
5040
16753
-29651
-12364
-15771
-3508
-22212
-18907
-2558
23355
-18577
6060
6684
-13824
-2198
29692
3634
3646
-9316
13146
15744
17939
-29336
17957
-5438
-6736
19155
-13600
-21186
6307
10061
19761
164
-8009
-28448
26740
-11866
3047
4901
-19020
25928
5820
-14511
-21249
-24299
-13986
-2347
30218
-15477
1677
528
-1569
12879
-30370
12061
18078
25924
20795
23719
12097
-21746
-1498
9533
-4173
-2259
-2258
24569
-26423
-15283
-21769
-9695
-25465
-17671
5082
18578
-17766
6555
5223
-9350
-9683
31548
6562
9496
-5520
17787
16538
14145
-29169
19541
-6622
-6082
17469
-9255
-24533
5157
6730
19103
-2919
-8539
-28319
28330
-13535
4134
4288
-18395
24674
7237
-15184
-20373
-25109
-13411
-3489
30862
-15415
1678
45
-401
11093
-29426
13528
18882
25079
20173
23926
14414
-19616
-4679
11060
-4126
-3947
1720
20389
-28278
-13974
-17870
-5737
-23113
-18894
-1130
22805
-18556
6108
6661
-14181
-915
29205
2210
1398
-11709
10478
14143
21582
-29554
16554
-4807
-6207
19795
-19670
-14745
10771
16376
23169
8182
-1981
-30772
20428
-5408
678
2590
-14979
30174
-8311
-17896
-25700
-21823
-22899
-11331
22696
597
-9241
4137
2359
1726
-23816
27280
14612
20538
7530
24764
18048
-880
-21918
18932
-6814
-5772
12598
3236
-30387
-2181
-3017
11869
-11732
-13571
-22137
30318
-17284
5529
5403
-19049
19538
14575
-12108
-16517
-24290
-8828
34
31530
-19470
4609
-858
-1242
12854
-29598
10921
18868
25151
20948
23585
14023
-20050
-4512
11170
-4226
-4099
2537
19179
-29053
-12916
-16167
-3179
-21808
-18725
-5507
25447
-19022
6119
6868
-16637
5484
26250
-2220
-4984
-16932
3781
10042
27159
-27663
12637
-3220
-4840
18802
-26712
-3364
15642
22982
24216
17699
6173
-28036
8342
3891
-2507
-691
-6641
27683
-22805
-16679
-23420
-12157
-25754
-17426
6241
18252
-17840
6598
5446
-10787
-6455
31062
3780
4947
-10393
12969
14105
21364
-30335
17393
-5529
-5381
19059
-20223
-13407
12832
17692
24685
10807
1719
-31234
16647
-2161
-47
294
-10431
29181
-15973
-18661
-24639
-17568
-24947
-16550
13580
11851
-14889
5321
5461
-8126
-11326
30802
7801
8692
-5493
15872
16574
16580
-29325
17897
-5330
-6503
19606
-17803
-16282
10257
16085
23241
8872
-1031
-30786
18335
-3254
-193
1584
-12443
30214
-14753
-18074
-25646
-17840
-25471
-15354
14087
11485
-15190
5956
4619
-7007
-12524
31528
7196
9500
-6264
16485
15743
17713
-30134
18463
-5969
-5691
18962
-18101
-15744
11767
16467
24384
9707
1008
-31346
17143
-2366
-40
247
-10160
29042
-16901
-18515
-24331
-16414
-25119
-17224
10971
14517
-16108
5659
5934
-10475
-7197
30507
4929
4443
-9762
11824
14461
21667
-29506
15924
-4426
-5776
19663
-23585
-8514
14078
21222
24377
15835
4833
-28742
9484
3474
-2482
-795
-6012
26997
-24270
-15976
-22107
-9386
-25101
-18020
653
22658
-19259
6870
6005
-14668
2240
27931
-2253
-3862
-17804
3744
8445
28935
-27205
11509
-3128
-3243
16558
-28419
3295
18230
24658
22970
22099
12488
-22077
-2744
10670
-4214
-4212
3503
17352
-29984
-10984
-12843
1490
-18589
-17595
-13510
28795
-18370
5521
6594
-19516
17500
16164
-10583
-16841
-23617
-10581
-618
30495
-15331
566
1208
-458
9344
-29010
20533
17168
23909
12618
25736
17580
-4508
-20175
18654
-6794
-5849
13557
101
-28888
1091
2467
16949
-4749
-8965
-28620
27425
-11654
3136
3210
-16425
28592
-4196
-18395
-24858
-22414
-22784
-13403
20335
5200
-12071
4647
4746
-5654
-14300
30648
8822
9568
-5202
15633
16230
18156
-29570
17059
-4856
-6071
19773
-22471
-9746
13773
21061
24378
16235
5458
-28141
7598
5020
-3066
-1506
-3604
24770
-27119
-14234
-19212
-4578
-23138
-18014
-7087
27131
-19772
6707
6124
-17824
12107
21096
-8827
-13075
-23293
-6838
782
31515
-18376
2897
12
-130
9477
-28611
19104
18002
23256
13281
24967
18413
-4146
-20461
18269
-6124
-6712
15434
-3609
-26601
2594
6507
18663
-128
-6956
-29752
23854
-7625
1136
2676
-14501
30329
-12412
-18135
-25713
-17688
-25632
-16007
11225
15046
-17024
6493
5430
-11300
-4318
30254
1009
72
-15312
6548
9881
28006
-27807
11919
-3154
-3152
16180
-28868
5798
18630
25091
21269
23804
14895
-16932
-9506
14324
-5301
-5579
9331
8305
-30547
-4568
-3209
11497
-9352
-12696
-25005
28465
-13167
3169
4548
-18042
28580
-2881
-17441
-25446
-21856
-23528
-12915
18751
7456
-13798
5714
4491
-7120
-11334
31495
5183
5748
-10698
11614
12812
24603
-29611
14623
-4169
-4054
17656
-27410
961
17978
24553
22891
22514
13342
-19965
-6236
12876
-4946
-5184
7764
10649
-30766
-5828
-4829
10212
-10569
-13318
-24262
28725
-13547
3286
4624
-18116
28549
-2976
-17486
-25516
-21618
-23815
-13343
17754
8788
-14511
5921
4761
-8365
-9164
31255
3592
3354
-12917
9093
11255
26769
-28557
12763
-3404
-3319
16365
-28827
5985
18682
25137
20681
24220
15635
-14775
-12065
15568
-5638
-6038
11666
3819
-29458
-1311
1634
15622
-4099
-9273
-28576
25515
-9063
1542
2954
-14863
30322
-12676
-18111
-25549
-16562
-25844
-16796
7688
18503
-18378
6785
5896
-14304
2562
27158
-3908
-7100
-20524
-1610
4144
31307
-21436
5004
-547
-527
10087
-28703
19402
17784
22618
11423
24466
18800
817
-24055
19005
-6095
-6879
18253
-12457
-20045
8774
15267
23356
10544
1298
-30076
12338
2380
-2414
-1022
-4482
25034
-27361
-13695
-17837
-1952
-21334
-17383
-12983
29501
-18887
6007
5589
-19064
21399
9974
-15086
-21519
-24925
-18349
-9328
25439
-836
-9439
4070
4284
-4614
-14779
30702
7900
7365
-8254
12134
13989
23572
-28853
13567
-3202
-4463
17707
-29160
5538
17884
25851
19911
25060
15221
-12804
-14360
17055
-6561
-5602
12656
744
-28611
2280
5170
19512
163
-4965
-31154
21953
-5265
568
477
-9783
28477
-20347
-17446
-21894
-9800
-23892
-18872
-4054
25889
-19043
5914
6782
-19223
16891
15510
-11652
-19103
-24305
-15457
-5512
27552
-5089
-7377
4024
2767
-1266
-18705
30888
9039
10620
-6666
14822
14251
22732
-29965
15080
-4210
-3957
17290
-28178
4149
18568
25114
20616
24391
16115
-12835
-14479
16710
-5923
-6466
14264
-2098
-26767
3124
8201
20269
3661
-3595
-30793
18303
-1873
-1119
198
-7695
27405
-24872
-15110
-19808
-4317
-22447
-17691
-11525
29236
-19000
6023
5560
-19060
22233
8277
-15857
-22582
-24489
-20264
-11403
22417
4067
-12275
4911
5284
-8745
-8172
30345
3091
166
-14765
4560
9149
28950
-24564
7570
-833
-2106
12556
-29958
18536
17300
23547
10593
25021
18131
3833
-26346
19776
-6631
-6032
18629
-17221
-14734
13302
19697
25103
16790
8242
-26265
1618
9335
-4135
-4458
5625
12835
-30808
-5938
-4059
11696
-8107
-11330
-27256
26516
-9732
1598
2825
-14170
30297
-15842
-17757
-24444
-12521
-25490
-18017
-1497
25228
-19787
6729
6092
-18390
16047
15908
-12785
-19153
-25104
-16321
-7906
26529
-1939
-9232
4128
4473
-5769
-12503
30798
5557
3402
-12353
7253
10727
27871
-25833
8826
-1233
-2441
13217
-30108
17870
17391
23628
10559
24949
18141
4735
-26900
19717
-6520
-5934
18882
-19204
-12086
14592
21334
24877
19102
10496
-23408
-3110
12001
-4893
-5324
9147
7109
-30034
-1907
1830
16500
-1886
-7142
-30100
21852
-4623
-301
898
-9265
28250
-23835
-15443
-20059
-4242
-22168
-17513
-13203
29768
-18395
5620
5150
-18784
25219
2529
-17598
-24491
-22466
-23442
-15070
14988
13059
-16417
5908
6501
-14775
3930
25376
-5052
-11294
-22113
-8053
-78
30249
-12045
-3326
2948
1809
1325
-21108
30301
9833
11156
-6777
14138
13545
24544
-29231
13128
-3263
-2912
15029
-29559
12517
18725
24199
14240
24893
18707
720
-24727
19063
-5931
-6757
19447
-18976
-12237
13624
21939
24142
20032
10120
-21957
-5159
13539
-5865
-4904
9897
4957
-29832
1035
4401
19608
1257
-3535
-31513
18524
-1623
-903
-1238
-4420
24148
-27430
-13176
-14286
1943
-16705
-16008
-20595
29361
-14292
3276
4323
-17063
29902
-10130
-18137
-25477
-15275
-25841
-17734
749
24350
-19765
6741
6079
-18556
17443
13750
-14090
-20997
-24902
-19252
-10897
22486
4883
-13112
5229
5760
-11277
-2859
28531
-1381
-6736
-19927
-3934
2755
30771
-15447
-1073
2311
1234
2869
-22520
29776
10486
11861
-6337
14270
13470
24902
-28970
12487
-2937
-2524
14035
-29589
15402
18328
23103
11221
24032
18864
6217
-27374
18649
-5427
-6306
19769
-24239
-4365
16397
24928
22035
24086
14443
-13492
-15008
17743
-6763
-5962
15498
-7262
-23051
8778
14791
24514
12671
5346
-28344
4594
8203
-3980
-4467
6283
10946
-30609
-3485
266
15821
-2197
-6931
-30322
20576
-2992
-1021
19
-6410
25768
-27576
-12790
-15272
2712
-17143
-14982
-22297
29826
-14087
3538
3066
-15118
29577
-13424
-18578
-23635
-12299
-24322
-18874
-5420
27160
-18691
5436
6293
-19756
24596
3512
-16663
-25204
-21474
-24595
-15142
11400
17084
-18446
6854
6090
-16651
10667
20153
-10921
-17557
-25048
-15961
-8217
25555
817
-11321
4844
5408
-10039
-4635
29022
-843
-6395
-19948
-4361
2163
30664
-13815
-2589
2884
1911
462
-19496
31019
7788
7458
-11010
9353
10277
28859
-25671
7862
-1098
-614
9139
-27537
23753
15504
17615
1697
18925
16928
18726
-29527
14695
-3325
-4252
16687
-30155
12547
17983
24682
12194
25178
18141
6105
-27982
19356
-6088
-5463
18951
-24776
-2292
17873
24868
21066
24543
16880
-8648
-19376
18514
-6144
-6883
18686
-16040
-14720
12893
21555
24131
20571
11079
-19789
-8835
15604
-6421
-5608
13638
-3382
-25328
7175
13172
24160
11785
4962
-28387
4139
8786
-4226
-4814
7904
7906
-29922
-832
4400
18925
2886
-3037
-30752
14498
2293
-2857
-1948
-135
18852
-31214
-6962
-5980
12558
-7383
-8840
-30006
23689
-5583
220
-332
-6382
25325
-26868
-13239
-13669
3486
-14793
-14590
-24082
28025
-10972
1729
2622
-12903
29766
-20898
-16222
-20716
-4129
-21470
-16966
-17113
30339
-16220
4348
3741
-16271
29357
-11638
-18700
-23802
-12266
-24165
-18858
-7426
28090
-18166
4999
5816
-19257
27554
-3217
-17891
-25882
-17398
-25887
-17549
939
24891
-19793
6566
5875
-19037
22170
6321
-17056
-24340
-22189
-24053
-16337
10068
18603
-18418
6146
6883
-18821
16932
13363
-13678
-22584
-23716
-22086
-12713
16485
12920
-17326
6747
5988
-16044
9633
20448
-11107
-18213
-25108
-17584
-10018
22855
5559
-13964
5541
6227
-14015
3795
24509
-6784
-14660
-23740
-13971
-5671
26206
-60
-11621
5570
4776
-10147
-3088
28533
-3939
-9418
-22891
-8726
-2874
29592
-6542
-7663
4001
4667
-7657
-7817
29769
151
-5747
-19969
-5095
1116
30300
-10774
-5254
3851
3050
-3825
-13193
31401
2416
-942
-18205
-356
3255
31530
-15629
-1620
2253
2922
-1730
-16257
30768
5723
1923
-14912
2429
6425
30620
-18192
206
2188
1397
1476
-19989
31071
7118
5713
-13214
6133
7685
30759
-21472
3107
754
1438
2815
-21539
29609
9549
7474
-10311
7809
9989
29229
-22634
4129
903
129
5210
-23947
29515
10113
10155
-9233
10407
10438
29144
-24720
6213
-291
413
5734
-24381
28009
11785
10848
-7102
11023
12007
27704
-24888
6437
113
-641
7338
-25867
28141
11666
12522
-6890
12625
11795
27943
-26153
7753
-820
-96
7102
-25535
27051
12720
12267
-5678
12301
12763
26982
-25627
7239
-156
-890
7973
-26361
27716
12028
13035
-6412
13001
11986
27785
-26269
7836
-831
-86
7019
-25418
27208
12529
11891
-6155
11787
12400
27406
-25133
6604
94
-621
7171
-25623
28438
11273
11758
-7836
11582
11051
28743
-25116
6468
-321
444
5478
-23985
28409
11172
9673
-8499
9420
10847
28780
-23213
4476
863
168
4863
-23369
29963
9255
8543
-11046
8208
8814
30343
-22273
3549
704
1488
2372
-20738
30024
8419
5399
-12480
4978
7852
30336
-19254
742
2131
1454
941
-18926
31355
5691
3163
-15647
2657
4989
31503
-16992
-995
2188
2987
-2354
-14894
30796
3989
-1090
-17471
-1677
3151
30666
-12459
-4559
3784
3117
-4520
-11509
31034
382
-4360
-20703
-5013
-584
30503
-8551
-6923
3932
4735
-8398
-5807
28857
-2140
-9461
-22157
-10152
-3204
27798
-2354
-10881
5510
4836
-10886
-794
26940
-6405
-13237
-24474
-13925
-7519
25243
3061
-13281
5493
6276
-14698
6293
22120
-9283
-18318
-24373
-18947
-10373
19714
10367
-16778
6722
6013
-16591
12186
17219
-13447
-21352
-24450
-21850
-14412
14097
16197
-18087
6149
6880
-19153
19337
9333
-15603
-24787
-21454
-25074
-16322
5587
22905
-19771
6610
5832
-19059
24157
1673
-18284
-25153
-18132
-25148
-18626
-2483
26820
-18522
5081
5734
-18900
28824
-8160
-18124
-24900
-11532
-24537
-17966
-12373
30091
-17005
4475
3614
-15486
29604
-16378
-17701
-20736
-4863
-19982
-16956
-20163
29031
-12169
1888
2464
-11706
28759
-24817
-13856
-15528
4220
-14404
-12505
-27602
26059
-7116
402
-514
-4849
22954
-29272
-9575
-6649
11824
-5245
-7697
-30480
18118
600
-2683
-2123
1559
15233
-31487
-2302
2151
19659
3665
-97
-30657
8640
7170
-4080
-4961
9520
3404
-27653
4228
12520
23425
13906
6441
-24593
-4116
14372
-6342
-5686
14870
-8100
-20523
11813
19837
24865
20821
13627
-15454
-15305
17952
-6149
-6878
19248
-20110
-7914
16146
25277
20331
25602
17139
-1558
-25511
19685
-6197
-5353
18621
-27247
5370
18875
24443
12928
23947
18717
11812
-29420
15953
-3518
-4059
15429
-30261
19461
16194
19659
963
18349
14770
24487
-28271
9873
-1348
-364
7128
-24936
28125
11012
8618
-10275
6724
8522
30284
-18762
-272
2646
2150
-1855
-14549
31398
1428
-3626
-20682
-5660
-1577
29757
-5369
-9305
4674
5578
-12056
1551
24820
-7483
-16696
-24314
-18291
-10186
19419
11401
-17386
6824
6120
-17712
16349
12135
-15877
-23861
-22209
-24469
-17398
4246
23862
-19022
5559
6170
-19425
27894
-6155
-18139
-25056
-11564
-24369
-17844
-14158
30312
-15853
3800
2804
-13353
29092
-21562
-15717
-16408
1977
-14537
-13524
-26842
25034
-5675
-715
-286
-3727
21310
-31056
-6197
-2931
16556
-469
-2750
-31343
11680
5549
-3732
-4714
8938
3859
-27610
4611
13406
23779
15525
8044
-22317
-7996
16232
-6696
-6029
17008
-14274
-14227
15177
23352
22769
24194
17132
-5099
-23505
19035
-5571
-6161
19384
-28108
6952
18130
24767
10486
23838
17594
16136
-30324
14769
-3258
-2203
11753
-28236
24168
14204
13535
-5603
11126
11220
29041
-21786
2134
1969
1577
-339
-16181
31506
2020
-3200
-20661
-6002
-2116
29266
-3594
-10542
5026
5963
-13847
5617
21751
-10162
-19987
-24168
-21732
-13356
13015
18177
-19291
6813
6006
-19031
23615
1483
-18468
-25106
-16009
-24742
-18871
-9396
29168
-16329
3589
4010
-15027
30095
-21329
-15273
-17439
2678
-15020
-12442
-28165
24882
-5155
-504
-1637
-889
17789
-30779
-4269
1991
18874
5136
301
-29098
4223
10631
-5638
-5130
12805
-4425
-22691
10854
19298
24876
21205
14358
-12972
-18242
18713
-6022
-6666
19797
-25462
1455
17973
25627
13505
24933
17990
13251
-30293
15763
-3646
-2529
12393
-28496
23810
14280
13403
-6043
10421
10567
29566
-20373
591
2543
2214
-2592
-12779
30983
-813
-7319
-22847
-10560
-5786
26110
3196
-14041
5766
6643
-17152
13794
14254
-14336
-24176
-21732
-25226
-16864
1795
25953
-19518
5884
4886
-17661
29034
-12468
-18248
-21434
-4976
-19325
-16177
-23100
27516
-8531
163
433
-5357
22587
-30834
-6408
-2620
17234
1096
-1173
-30768
7843
8412
-4590
-5627
12735
-3844
-22674
9761
19836
24142
22069
13858
-11352
-19938
19616
-6669
-5785
18982
-26166
4001
18875
24215
11293
22894
18125
17136
-29374
12483
-1707
-1967
9561
-26567
28605
9993
7987
-13087
4136
4823
31532
-13238
-5035
3739
4862
-9966
-1205
25794
-7172
-17055
-24370
-19887
-12051
15174
16782
-19124
6827
5995
-19052
24494
-763
-18751
-24756
-13255
-23709
-18491
-15108
29563
-13436
2091
2333
-10466
27251
-27990
-10596
-8842
12430
-4794
-5203
-31542
13569
4891
-3723
-4869
10069
883
-25531
7507
17525
24369
20431
12568
-13999
-17955
19363
-6766
-5897
19042
-25612
3099
18865
24287
11328
22812
18035
17802
-29224
11822
-1372
-1567
8304
-25299
29684
8414
5294
-15500
901
2357
31079
-8907
-8011
4550
5645
-13010
4801
21683
-10669
-20998
-23755
-23316
-15122
7542
22968
-19795
6294
5288
-18266
28501
-10791
-18425
-21713
-5052
-19073
-15844
-24137
26671
-6961
-536
-384
-2607
19037
-31527
-2861
2927
21004
7467
3859
-27501
-1363
13530
-5731
-6657
17445
-15213
-12101
15381
25125
19882
25848
17833
4883
-28912
18024
-4691
-3475
14345
-29231
21998
14986
14088
-5932
9886
9773
30154
-17971
-2001
3501
3289
-6643
-5824
28286
-6246
-14723
-25039
-18369
-12386
16245
16156
-18488
6047
6648
-19777
26623
-4788
-18138
-24626
-9066
-22628
-16711
-21081
29211
-10518
1212
-167
-4530
21219
-30420
-5700
897
18777
5904
1545
-27877
10
13390
-6336
-5827
16321
-13626
-13539
15955
24326
20645
25116
18619
4803
-28426
16973
-3729
-3937
14302
-29587
24306
13255
12868
-8988
8100
7166
31436
-15514
-3879
3549
4804
-10173
-102
24705
-8594
-19083
-24190
-22253
-14352
9240
22133
-19798
6323
5273
-18153
28767
-12249
-18118
-20600
-2686
-17103
-14430
-26627
24300
-3747
-1756
-1680
1645
13072
-30811
2032
9810
24090
14532
9508
-20779
-11722
17518
-6145
-6829
19739
-24789
1552
18066
25201
10689
23353
17050
20136
-29437
10821
-1262
187
4270
-20702
30572
4879
-2344
-19790
-7835
-3173
26424
3296
-15038
6630
6051
-17644
17768
8422
-17530
-25109
-17296
-24815
-18845
-11942
29588
-14129
2219
2276
-9797
26250
-29310
-8539
-4833
16356
899
-577
-30192
4553
10932
-5304
-6372
16302
-12799
-14041
14901
24955
19947
25871
17948
6720
-29561
17099
-4053
-2670
12029
-27823
26035
11989
8359
-12183
2620
4326
30521
-8430
-9100
5495
5187
-13777
8054
18488
-14077
-23081
-22352
-24781
-18221
-2242
27815
-17381
3890
4020
-14281
29460
-24996
-12583
-11303
10946
-5563
-5094
-31500
11384
7030
-4450
-5681
13610
-6971
-19231
12608
23248
22157
25288
17244
1695
-28145
18390
-4788
-3434
13888
-28877
23869
13546
10879
-9964
5013
5917
30761
-10599
-7854
5225
4979
-13064
6721
19486
-13649
-22794
-22591
-24712
-18175
-2147
27846
-17308
3813
3903
-13901
29199
-25739
-11961
-10086
12231
-3944
-3834
-31282
9039
8597
-4845
-6035
15058
-10240
-16198
14161
24538
20534
25825
17896
6532
-29603
16915
-3887
-2420
11184
-27073
27271
10615
5814
-14578
-662
1744
29519
-3584
-12034
6164
5758
-16290
14312
11959
-16742
-24897
-18423
-24979
-18869
-11678
29595
-13766
1941
1871
-8359
24589
-30487
-6221
-862
19398
5772
3328
-27335
-2875
14700
-5977
-6858
19003
-21195
-3412
17679
25701
12547
23990
17268
19838
-29345
10211
-864
747
2162
-17642
30780
1517
-7572
-22559
-13809
-8093
20361
12841
-18558
6858
5972
-19037
26396
-6352
-18748
-22403
-5312
-18478
-14968
-26385
24036
-2870
-2240
-2331
4286
8332
-28875
6192
15501
25112
20327
14507
-10480
-21737
19039
-5337
-5590
17794
-30304
18890
15496
16367
-5936
10303
8088
31383
-15035
-4919
4012
5381
-12805
5935
19601
-12669
-23518
-21680
-25592
-17660
-4930
29327
-17159
3945
2402
-10920
26691
-27885
-9700
-4015
16215
3201
357
-28154
-634
14291
-6583
-6060
17920
-19441
-5242
18314
25002
13352
23175
17903
19799
-28276
8610
276
474
1301
-16065
31229
-1352
-9847
-24351
-16107
-11318
16898
16766
-18781
5860
6255
-19104
29529
-14245
-16861
-19323
2224
-13578
-10250
-30718
18087
2769
-3478
-4948
11404
-3478
-21343
11754
22833
22236
25392
17495
4029
-29153
17292
-3977
-2394
10774
-26470
28201
9179
3009
-17070
-4596
-1518
27197
2974
-15402
6739
6136
-18525
21923
1388
-18754
-24367
-10121
-21373
-16711
-23536
26263
-5277
-1529
-1748
2740
10218
-29476
5568
15101
25111
20487
14812
-9249
-22851
18928
-5042
-5161
16658
-30240
22402
13727
12558
-10496
5177
4194
31241
-7931
-9741
5200
6393
-16842
15251
10237
-16489
-25853
-15680
-25066
-17781
-17636
29777
-10894
981
-774
-1632
16409
-30612
273
10441
23650
17201
11032
-15010
-18835
19696
-6425
-5235
17729
-29400
16979
16477
15751
-5530
8765
7930
30793
-11790
-7741
5353
5221
-14455
10750
14822
-16089
-24736
-18574
-24912
-18808
-14019
29480
-11708
849
541
-3989
19070
-31520
-297
8138
23975
15351
10992
-17016
-17069
18871
-5768
-6065
18631
-30059
17314
15840
16606
-6228
9427
7066
31536
-12060
-7391
4727
6056
-15623
12585
12845
-15816
-25681
-16834
-25374
-17927
-16707
29915
-11165
1028
-782
-1427
15913
-30500
985
11542
23951
18427
12098
-12673
-20957
19793
-6116
-4794
16659
-29600
20630
14840
12235
-9659
4213
4514
30328
-5720
-11521
6181
5863
-17105
17518
6975
-18160
-25020
-12891
-22686
-17413
-22071
26949
-5907
-1425
-1772
3156
9076
-28771
6908
16964
24951
22248
16377
-4098
-25978
18068
-4105
-3954
13371
-28397
27893
9308
4516
-17666
-4250
-2954
26984
4750
-15903
6134
6854
-19757
26181
-6241
-17991
-22542
-2445
-16901
-12181
-29787
19913
1803
-3365
-4960
11904
-5246
-19316
13288
24319
20214
25885
18134
11655
-30333
13588
-1976
-124
3875
-18736
30795
768
-9562
-23555
-17251
-11374
13841
20273
-19783
6137
4795
-16550
29584
-21403
-14305
-10998
11135
-2283
-2916
-29652
2501
13333
-6506
-6080
18198
-21183
-1614
18783
24030
8265
19804
15346
26546
-23082
992
3094
3403
-8507
-137
23430
-12066
-22165
-22558
-24966
-18630
-7577
29440
-14245
1855
1412
-6142
21162
-31507
-1246
7447
23904
15641
11505
-15480
-18936
19061
-5472
-5541
17288
-30289
22316
13409
11212
-12443
2132
1475
29939
-1649
-13446
5927
6842
-19290
23539
-1864
-18160
-23847
-5002
-18604
-13240
-29013
21123
986
-3213
-4860
11794
-5413
-18882
13680
24660
19439
25813
18148
14262
-30160
11827
-1136
780
944
-14681
30128
-2754
-14145
-24375
-21108
-14450
6503
25408
-19129
5023
3400
-12800
27596
-27584
-9273
-2184
18369
7465
4423
-23799
-9989
18203
-6816
-5887
18807
-28435
13410
17272
17053
-4786
8762
7296
30814
-8949
-10084
5958
5820
-17032
17844
5816
-18406
-24730
-10429
-21035
-16018
-25688
23835
-1523
-2994
-3439
8799
-764
-22481
12831
22985
21529
25190
18813
11327
-29636
12145
-835
-206
2411
-16212
30953
-3081
-13251
-25033
-20515
-15245
6554
25194
-18285
4166
3781
-12600
27474
-29182
-7274
-570
20496
9327
7042
-21921
-12866
18420
-6002
-6173
18692
-30070
18673
15010
13880
-10050
4381
2899
30427
-2932
-13089
5950
6795
-19312
24090
-3292
-18173
-22946
-2773
-16505
-11630
-30385
17487
4305
-4214
-5653
14840
-12003
-12357
16389
25799
14364
24037
17008
22686
-27184
5327
1415
3217
-6930
-2534
24365
-10625
-22396
-22028
-25636
-18098
-9991
30233
-13432
1671
-194
-2207
15897
-30376
2638
14196
24475
21601
15140
-4331
-26706
18406
-4338
-2699
10473
-25370
29804
5631
-3466
-21802
-13415
-9214
17169
18085
-19609
6097
4905
-16341
29559
-23551
-12541
-7426
15142
3134
1805
-26300
-6596
17279
-6732
-6111
19047
-28371
13450
17029
16541
-6171
7189
5612
30632
-5436
-12260
6278
6248
-18556
22709
-1664
-18679
-22645
-3362
-15911
-11859
-30131
16069
5687
-4946
-5446
15386
-14040
-9813
17634
25263
11983
21995
16197
25555
-23997
1300
3043
3955
-10360
3987
19463
-14420
-24560
-18676
-25035
-18336
-18106
28611
-7754
-889
-2072
4394
5990
-26375
9754
21136
22931
25148
18358
9112
-29900
13021
-1236
81
1686
-14782
30217
-4378
-15815
-24679
-22808
-16603
214
28290
-16760
3125
1790
-7234
21697
-31122
-1062
9455
24174
18677
13542
-8917
-24452
18898
-4654
-3381
11830
-26438
29532
6077
-2819
-21867
-13455
-9673
16358
19141
-19568
5772
4603
-15268
29028
-26051
-10356
-3499
18286
7780
5449
-22203
-13072
19027
-6490
-5428
17518
-29706
21314
13754
9097
-13944
-2165
-1231
26370
6846
-17587
6858
5875
-18677
28838
-15907
-16255
-13752
9286
-3022
-2722
-28964
-915
15568
-6951
-5988
18915
-26835
10311
17940
17392
-4659
7552
6253
30205
-4421
-13255
6853
5829
-18440
24092
-4890
-18946
-20053
306
-11318
-9292
-30372
8991
10889
-6645
-5461
17460
-20960
-116
19436
21842
3623
14299
11833
29752
-12732
-8655
6402
4943
-16162
17721
4564
-19577
-22901
-7056
-16538
-13916
-28617
15652
6685
-6188
-4324
14708
-14592
-8395
19526
23384
9979
18111
15608
27201
-17808
-5069
6054
3644
-13225
11726
11602
-19419
-23437
-12413
-19107
-16985
-25693
19275
3866
-6043
-2931
11805
-9224
-14214
19368
23183
14399
19615
18125
24238
-20132
-3109
6185
2202
-10515
7148
16275
-19461
-22723
-15987
-19709
-19094
-22939
20450
2816
-6505
-1469
9396
-5532
-17831
19763
22129
17217
19445
19944
21865
-20279
-2997
7020
734
-8473
4391
18915
-20314
-21442
-18121
-18855
-20707
-21048
19649
3657
-7739
0
7754
-3731
-19545
21130
20678
18710
17951
21394
20498
-18565
-4798
8662
-734
