-10.107000, 0.000000
141.528777, -179.641730
188.758472, -53.286322
68.398154, 218.227492
-108.505015, 287.399378
-179.206680, 142.079244
-167.714972, 42.436937
-207.629299, 95.872937
-243.412640, 183.993674
-91.070490, 209.780151
172.169461, 171.045567
219.449507, 64.369712
-12.062697, -83.759518
-164.904460, -158.455246
-2.214941, -83.939155
219.840341, 63.021983
163.632474, 169.701755
-88.489307, 210.881930
-230.458537, 187.426748
-205.829416, 99.678471
-176.867248, 46.338707
-175.665907, 146.434405
-90.427846, 289.944428
75.060053, 216.026698
176.752899, -59.252902
134.820762, -184.729283
0.000000, -0.000000
-134.537233, 184.935878
-176.570282, 59.794894
-76.053397, -215.678990
88.647078, -290.493824
174.537614, -147.777425
176.433267, -47.964587
204.747236, -101.882851
228.141170, -190.240715
85.569567, -212.083463
-166.216313, -167.171797
-220.872414, -59.303648
3.759611, 83.884164
168.031337, 155.135475
13.858574, 83.481168
-220.872414, -59.303648
-176.315276, -166.768801
85.569567, -212.083463
238.240133, -190.643711
204.747236, -101.882851
166.334304, -47.561591
174.537614, -147.777425
98.746041, -290.896820
-76.053397, -215.678990
-186.669245, 60.197889
-134.537233, 184.935878
10.098963, -0.402996
134.820762, -184.729283
166.653937, -58.849907
75.060053, 216.026698
-80.328883, 289.541432
-175.665907, 146.434405
-186.966211, 46.741702
-205.829416, 99.678471
-220.359575, 187.023752
-88.489307, 210.881930
153.533511, 170.104750
219.840341, 63.021983
7.884022, -84.342150
-164.904460, -158.455246
-22.161660, -83.356522
219.449507, 64.369712
182.268424, 170.642571
-91.070490, 209.780151
-253.511603, 184.396669
-207.629299, 95.872937
-157.616009, 42.033942
-179.206680, 142.079244
-118.603978, 287.802373
68.398154, 218.227492
198.857435, -53.689317
141.528777, -179.641730
-20.205963, 0.402996
-142.353977, 178.988523
-158.928186, 51.236806
-65.378921, -219.150959
83.464703, -285.136513
182.428156, -137.918504
199.133472, -37.914398
210.609456, -89.135867
219.710838, -174.878724
99.678471, -205.829416
-133.811526, -178.722755
-215.911304, -75.391345
-22.883221, 84.142585
155.135475, 168.031337
27.107434, 84.155628
-214.969878, -78.035232
-181.002815, -181.620462
104.699757, -203.321192
275.469771, -167.281990
213.747588, -81.323518
150.088397, -30.413693
188.975754, -128.801050
149.553634, -278.700506
-51.817387, -222.747625
-212.485654, 38.697246
-155.135475, 168.031337
30.272789, 0.805350
156.419684, -166.836532
152.523628, -37.508366
46.678764, 223.880859
-97.521919, 276.521061
-193.775057, 121.460996
-211.813631, 20.473715
-217.803701, 69.735885
-224.754851, 153.542146
-118.474350, 195.615374
106.135698, 191.025269
207.629299, 95.872937
41.119411, -81.897463
-137.638501, -182.639506
-28.561991, -86.061444
205.829416, 99.678471
171.207330, 199.076590
-125.594128, 191.122110
-301.910169, 137.198753
-221.320766, 57.607850
-142.427206, 13.282311
-202.185240, 106.876914
-190.258762, 260.369741
25.904536, 227.223460
225.643464, -14.121522
173.855705, -148.579070
-40.059183, -4.010115
-175.441073, 146.703701
-145.869041, 18.152770
-18.572677, -227.939908
121.343411, -261.698748
207.629299, -95.872937
222.787440, 6.510673
225.021874, -40.825263
232.899900, -122.240741
143.449550, -178.111686
-69.362864, -203.974256
-192.648952, -123.239309
-62.097865, 75.862353
110.887324, 200.013868
26.271745, 88.820323
-189.566486, -127.930034
-150.923190, -221.209224
152.016285, -170.858407
328.872648, -91.817357
227.415460, -24.161009
132.711124, 8.601030
216.026698, -75.060053
237.907388, -228.644359
9.469276, -228.499188
-235.186533, -20.809648
-195.068092, 119.373303
49.012412, 9.919924
196.697497, -116.668936
136.784665, 6.103885
-18.922311, 227.911150
-152.740584, 237.701478
-220.689434, 59.980996
-228.628875, -43.429752
-228.685626, 2.104856
-240.270609, 80.221067
-172.019320, 150.701359
22.717783, 213.334358
168.031337, 155.135475
84.644265, -64.075905
-73.400957, -216.596042
-19.951799, -91.695734
163.193515, 160.216799
117.982267, 244.693970
-180.936717, 139.869405
-350.312357, 29.428708
-227.911150, -18.922311
-118.592381, -33.940412
-226.372061, 32.515169
-287.494422, 179.092467
-53.524299, 222.343643
236.706691, 65.889417
214.729458, -78.694383
-56.174932, -19.029617
-216.026698, 75.060053
-122.663640, -33.890207
64.706267, -219.350507
187.943156, -201.118710
228.306884, -13.323392
224.775767, 89.436726
224.093300, 45.647986
241.663567, -27.543626
200.013868, -110.887324
33.366803, -213.678061
-130.822782, -187.581837
-106.590300, 44.672569
24.509831, 227.378130
9.475327, 93.436191
-123.829768, -192.269952
-70.789694, -264.382935
207.629299, -95.872937
358.046017, 49.773131
217.696471, 70.069910
97.626966, 60.496494
227.790754, 20.320391
331.194539, -108.221294
103.762979, -203.800859
-224.810592, -119.055739
-227.223460, 25.904536
60.162660, 31.399137
227.694829, -21.368452
100.845729, 62.742308
-115.762513, 197.232316
-221.079632, 149.021977
-224.636598, -42.894580
-205.972482, -141.571080
-205.829416, -99.678471
-230.813910, -33.883119
-221.408875, 57.268281
-96.214852, 198.785735
79.023681, 214.608489
124.554778, -16.434112
34.597264, -226.063211
4.836827, -92.317152
69.735885, 217.803701
9.489426, 273.292356
-225.505919, 38.060824
-342.338601, -142.043971
-191.314544, -125.300803
-67.856384, -84.746426
-213.996079, -80.667367
-358.207681, 15.302368
-155.135475, 168.031337
193.936908, 175.431248
225.621627, 37.368802
-59.279436, -46.359515
-224.702133, -42.549941
-69.281385, -88.750145
166.355858, -156.930795
243.987216, -80.368083
203.321192, 104.699757
167.301615, 193.901817
168.743480, 154.360565
201.244469, 99.180932
228.513445, 9.118752
159.875289, -162.699386
-12.973158, -228.327053
-133.997764, -20.407097
-99.678471, 205.829416
-21.860697, 86.340486
-1.754054, -228.688586
62.582191, -263.218345
226.519296, 31.473077
293.554294, 238.396674
144.267688, 177.449655
28.684099, 101.804769
178.988523, 142.353977
355.621124, 95.311901
199.501455, -111.806599
-139.915024, -226.611183
-202.674938, -105.945341
51.844325, 62.211547
199.843533, 111.194011
27.520973, 106.521980
-207.629299, 95.872937
-246.777573, -2.201769
-158.960420, -164.417550
-105.951389, -237.083967
-109.657975, -200.690494
-147.934703, -159.656109
-212.990053, -83.287354
-214.517474, 101.616979
-63.021983, 219.840341
129.781458, 63.220512
162.454481, -160.966107
39.344036, -73.677767
-75.060053, 216.026698
-137.500517, 226.345369
-202.512182, -106.256116
-205.186880, -323.553487
-75.060053, -216.026698
18.035916, -105.873339
-119.073932, -195.250979
-310.880882, -211.919824
-225.901603, 35.637224
62.291204, 260.757515
152.800953, 170.157030
-36.784559, -76.056076
-147.777425, -174.537614
22.088003, -109.767520
228.150660, -15.774105
219.628030, 90.566886
89.458833, 210.472476
23.625503, 258.926017
29.734787, 226.754026
69.842892, 202.848172
168.031337, 155.135475
246.917228, -16.554346
139.313640, -181.364979
-107.454452, -106.189540
-210.472476, 89.458833
-53.790036, 53.398142
150.172902, -172.480856
202.104167, -158.053466
147.777425, 174.537614
78.163090, 376.632532
-12.272600, 228.365780
-66.998766, 91.490155
35.637224, 225.901603
216.217241, 314.354355
222.261276, 53.865307
32.951081, -264.212517
-75.060053, -216.026698
14.460450, 83.968847
68.063317, 218.332157
-73.364758, 92.783878
-216.026698, -75.060053
-156.081569, -170.175970
1.052439, -228.692891
70.959599, -246.640232
63.021983, -219.840341
27.138485, -214.260577
-91.713658, -209.499764
-242.801065, -83.810398
-200.690494, 109.657975
65.302482, 140.221501
228.662756, 3.858773
60.798106, -26.398779
-207.629299, 95.872937
-239.095812, 60.662185
-62.684678, -219.936757
74.527777, -374.830062
105.945341, -202.674938
109.111301, -55.682649
62.009627, -220.128036
-74.616940, -375.636878
-178.988523, -142.353977
-131.272099, 225.225572
-23.463194, 227.488515
12.478299, -81.756235
31.473077, -226.519296
116.090139, -52.911152
162.947553, 160.466946
57.560479, 221.182336
-99.678471, 205.829416
-160.678750, 191.173729
-152.278199, 170.625016
-127.911020, 181.412419
-9.118752, 228.513445
191.537479, 181.411759
228.469061, -10.170257
-6.806743, -154.243844
-203.321192, -104.699757
-56.098371, -3.752366
228.598185, 6.664526
230.904068, 52.979104
-42.549941, 224.702133
-224.998901, 300.895792
-185.962316, 133.114849
-132.596886, 0.706597
-155.135475, 168.031337
-94.404656, 368.039327
94.277636, 208.358521
209.719544, -139.735315
125.300803, -191.314544
-38.629180, 66.420338
-132.543698, 186.369831
-137.492268, -6.485842
-69.735885, -217.803701
62.235388, -222.926315
184.314789, -135.386869
221.439744, -93.164534
214.608489, -79.023681
208.423634, -100.097628
116.064927, -197.054507
-92.734783, -250.132737
-205.829416, -99.678471
-57.461172, 138.424679
128.511013, 189.173110
37.330662, 30.594685
-197.232316, -115.762513
-166.643522, -158.154599
145.894780, -176.114335
332.577189, -153.661399
227.223460, -25.904536
126.213139, 63.627711
217.480475, -70.737464
252.606297, -274.098611
20.320391, -227.790754
-241.250568, 17.808500
-203.481560, 104.387743
56.368824, -38.144484
207.629299, -95.872937
126.079692, 73.722981
-48.394519, 223.516256
-175.625072, 162.175962
-227.378130, 24.509831
-228.130884, -31.414778
-225.146065, -40.134713
-240.516580, -18.771672
-200.013868, 110.887324
-37.343804, 262.114261
126.179892, 190.735893
110.077438, -89.155983
-13.323392, -228.306884
-6.191802, -45.836728
109.349990, 200.858471
50.848932, 221.916640
-216.026698, 75.060053
-353.912499, -41.816375
-207.481988, -96.191324
-84.541705, -119.749076
-222.343643, -53.524299
-348.748023, 100.437623
-137.077523, 183.060915
204.290348, 112.457460
227.911150, 18.922311
-57.917669, 2.083710
-226.844184, -29.038975
-77.573934, -129.128062
160.216799, -163.193515
245.240185, -43.458940
205.058845, 101.254216
165.374700, 149.532410
168.031337, 155.135475
202.366967, 145.314594
228.197980, 15.074075
163.528587, -199.476766
-2.104856, -228.685626
-130.789651, 14.301774
-113.638026, 198.463964
-30.032896, 42.140058
18.922311, -227.911150
89.802861, -213.663160
221.583530, 56.588738
261.645218, 230.962676
119.373303, 195.068092
13.863800, 146.133577
154.877536, 168.269114
335.334726, 111.706484
216.026698, -75.060053
-96.012070, -208.060587
-177.891427, -143.722601
38.933171, 31.300375
170.858407, 152.016285
1.013746, 149.960665
-224.503942, 43.583553
-236.590727, -103.196756
-110.887324, -200.013868
-40.340398, -217.577128
-49.080029, -223.366731
-92.599391, -234.676565
-178.111686, -143.449550
-238.459883, 68.525079
-130.246673, 187.982313
104.872032, 64.372862
207.629299, -95.872937
59.022365, -17.263009
-148.044989, 174.310721
-207.672959, 121.568237
-146.703701, -175.441073
-66.655847, -340.859567
17.873280, -227.995815
64.657676, -125.924642
-25.904536, -227.223460
-194.473351, -288.635342
-218.539945, -67.393163
-56.234497, 224.855748
57.607850, 221.320766
-2.526842, -48.736156
-46.335280, -223.952200
78.789222, -120.378291
205.829416, 99.678471
137.280395, 224.206946
-31.820516, 226.470750
-109.133295, 198.290225
-95.872937, 207.629299
-58.306276, 242.431229
54.546941, 222.094973
220.892143, 90.967398
217.803701, -69.735885
-33.678775, -115.405248
-222.905550, -51.133763
-67.319166, -22.124753
223.880859, -46.678764
248.609818, 31.526084
7.365824, 228.576662
-168.208118, 309.643584
-155.135475, 168.031337
-118.709126, 58.300555
-120.865930, 194.146782
-37.558603, 347.355749
128.801050, 188.975754
194.506576, -140.817590
93.637958, -208.646780
-38.700859, 39.944485
-104.699757, 203.321192
-126.906250, 43.508803
-96.827417, -207.185900
25.218159, -260.110655
168.031337, -155.135475
220.254128, -84.449983
205.982078, -99.362616
189.229665, -149.398942
99.678471, -205.829416
-101.650434, -211.543893
-211.951951, -85.894798
-58.292939, 110.539147
137.918504, 182.428156
47.364771, 59.868344
-201.193007, -108.733251
-179.463697, -184.303048
142.353977, -178.988523
338.947707, -127.019043
227.101844, -26.949927
117.970819, 33.402120
218.227492, -68.398154
265.422011, -238.891582
26.253062, -227.183456
-249.295520, -20.749037
-207.629299, 95.872937
65.523689, -5.030970
212.733528, -83.940407
113.949372, 51.493336
-64.369712, 219.449507
-181.094280, 177.750456
-228.649841, 4.560283
-230.785786, -82.909708
-219.840341, -63.021983
-230.537155, -15.308323
-211.687432, 86.544654
-76.154527, 225.614656
99.678471, 205.829416
127.524736, -43.159956
20.669794, -227.759315
-4.755165, -75.748721
75.060053, 216.026698
17.724843, 256.728640
-225.956004, 35.290654
-345.300395, -136.196367
-184.935878, -134.537233
-53.599345, -105.166259
-206.285949, -98.730204
-367.132455, -6.313947
-174.537614, 147.777425
177.487046, 185.500228
216.820214, 72.736104
-61.150557, -40.978150
-212.083463, -85.569567
-36.921795, -116.269606
198.114393, -114.246370
243.634846, -2.681975
168.031337, 155.135475
118.728337, 219.450951
114.246370, 198.114393
144.739451, 171.887077
212.083463, 85.569567
222.169023, -108.697847
72.736104, -216.820214
-131.335203, -58.138563
-174.537614, 147.777425
-39.750832, 56.828798
98.730204, -206.285949
158.306055, -194.182498
184.935878, 134.537233
157.957839, 340.066629
35.290654, 225.956004
-46.906527, 112.554835
75.060053, 216.026698
263.611093, 265.224009
227.759315, 20.669794
-2.070692, -256.204746
-99.678471, -205.829416
23.475735, 71.982509
86.544654, 211.687432
-67.861321, 107.852287
-219.840341, -63.021983
-160.907696, -173.959482
-4.560283, -228.649841
66.241330, -237.141310
64.369712, -219.449507
34.783958, -223.753230
-83.940407, -212.733528
-241.752817, -86.261810
-207.629299, 95.872937
57.722692, 135.099803
227.183456, 26.253062
58.561720, -9.361818
-218.227492, 68.398154
-239.912933, 15.774199
-26.949927, -227.101844
132.610504, -346.338982
142.353977, -178.988523
124.744391, -41.938992
108.733251, -201.193007
8.242896, -373.091528
-137.918504, -182.428156
-178.345640, 173.187877
-85.894798, 211.951951
27.672713, -65.216302
99.678471, -205.829416
135.718645, -21.779857
99.362616, 205.982078
-33.107085, 236.250010
-168.031337, 155.135475
-211.431525, 107.059359
-207.185900, 96.827417
-201.135976, 121.977215
-104.699757, 203.321192
104.154327, 238.425630
208.646780, 93.637958
54.091782, -131.746216
-128.801050, -188.975754
-35.240814, -38.631563
194.146782, 120.865930
158.023491, 172.280514
-155.135475, 168.031337
-339.534918, 123.259390
-228.576662, 7.365824
-122.713149, -67.700508
-223.880859, 46.678764
-280.685498, 233.497904
-51.133763, 222.905550
237.165539, 26.122141
217.803701, -69.735885
-57.745420, 19.995161
-222.094973, 54.546941
-113.313008, -90.375711
95.872937, -207.629299
213.725603, -124.686293
226.470750, 31.820516
206.495705, 96.588992
205.829416, 99.678471
231.504557, 79.055705
223.952200, -46.335280
110.259864, -230.267024
-57.607850, -221.320766
-126.559976, 39.688410
-67.393163, 218.539945
-18.397937, 52.030891
-25.904536, -227.223460
47.279172, -231.205143
227.995815, 17.873280
296.551855, 191.301172
146.703701, 175.441073
32.224515, 137.988968
174.310721, 148.044989
346.425041, 79.119289
207.629299, -95.872937
-113.971285, -204.207884
-187.982313, -130.246673
40.883020, 34.095390
178.111686, 143.449550
6.786914, 144.499169
-223.366731, 49.080029
-238.450849, -94.889822
-110.887324, -200.013868
-36.699261, -223.516949
-43.583553, -224.503942
-85.222534, -232.407256
-170.858407, -152.016285
-240.534969, 48.205357
-143.722601, 177.891427
96.930915, 78.743296
216.026698, -75.060053
62.948720, -16.296419
-168.269114, 154.877536
-224.877895, 98.184121
-119.373303, -195.068092
-8.579067, -352.809398
56.588738, -221.583530
83.185819, -106.261545
18.922311, -227.911150
-126.703560, -328.359152
-198.463964, -113.638026
-110.783531, 211.478649
2.104856, 228.685626
14.434058, -53.460737
15.074075, -228.197980
104.405154, -87.998810
168.031337, 155.135475
68.287845, 249.550879
-101.254216, 205.058845
-173.165151, 157.616482
-160.216799, 163.193515
-133.328476, 201.350772
-29.038975, 226.844184
165.203276, 172.012882
227.911150, 18.922311
20.956519, -124.814500
-183.060915, -137.077523
-58.753947, -42.734078
222.343643, 53.524299
216.671540, 132.027966
-96.191324, 207.481988
-299.304860, 202.660309
-216.026698, 75.060053
-124.405153, -11.359233
-200.858471, 109.349990
-215.366937, 286.302600
13.323392, 228.306884
247.778619, -22.866094
190.735893, -126.179892
-62.834400, 17.295777
-200.013868, 110.887324
-120.353559, -40.731226
40.134713, -225.146065
163.613732, -191.333206
227.378130, -24.509831
235.904753, 61.571757
223.516256, 48.394519
231.327139, 6.064562
207.629299, -95.872937
68.461293, -231.648303
-104.387743, -203.481560
-127.207316, 48.397463
-20.320391, 227.790754
4.538798, 72.035339
-70.737464, -217.480475
-10.581500, -253.324629
227.223460, -25.904536
338.729721, 150.117518
176.114335, 145.894780
44.459958, 112.781812
197.232316, 115.762513
366.389627, 37.134436
189.173110, -128.511013
-156.478885, -200.818327
-205.829416, -99.678471
56.960362, 44.888449
197.054507, 116.064927
15.694816, 124.816391
-214.608489, 79.023681
-237.593527, -45.417206
-135.386869, -184.314789
-74.969011, -234.616176
-69.735885, -217.803701
-99.896362, -203.995855
-186.369831, -132.543698
-245.228932, 55.736374
-125.300803, 191.314544
114.909222, 86.423413
208.358521, -94.277636
50.461646, -38.866629
-155.135475, 168.031337
-205.918486, 132.344122
-133.114849, -185.962316
-43.047811, -368.632865
42.549941, -224.702133
87.465865, -93.734595
6.664526, -228.598185
-153.193353, -338.926226
-203.321192, -104.699757
-91.813790, 232.893881
10.170257, 228.469061
2.419090, -71.030568
9.118752, -228.513445
112.778707, -73.082627
170.625016, 152.278199
61.138573, 231.570944
-99.678471, 205.829416
-162.554951, 175.254991
-160.466946, 162.947553
-144.606719, 183.436478
-31.473077, 226.519296
172.510193, 191.603162
227.488515, 23.463194
14.128660, -141.322647
-178.988523, -142.353977
-47.474044, -27.648939
220.128036, 62.009627
201.078055, 124.183676
-105.945341, 202.674938
-299.818087, 203.789867
-219.936757, 62.684678
-133.039654, -35.956853
-207.629299, 95.872937
-225.530937, 287.377721
-3.858773, 228.662756
239.406410, -20.002901
200.690494, -109.657975
-54.795447, 28.578191
-209.499764, 91.713658
-125.029887, -69.246053
63.021983, -219.840341
192.346428, -155.802122
228.692891, 1.052439
218.050742, 71.720149
216.026698, 75.060053
237.750914, 51.890729
218.332157, -68.063317
90.079934, -237.159053
-75.060053, -216.026698
-123.985840, 46.426217
-53.865307, 222.261276
-15.299129, 55.094923
-35.637224, -225.901603
39.267939, -234.930479
228.365780, 12.272600
299.455995, 189.074465
147.777425, 174.537614
31.975317, 135.662686
172.480856, 150.172902
344.292613, 89.041412
210.472476, -89.458833
-105.205253, -211.164670
-181.364979, -139.313640
38.114492, 39.064563
168.031337, 155.135475
-3.412475, 141.881682
-226.754026, 29.734787
-229.434836, -114.328102
-89.458833, -210.472476
-9.892311, -229.073621
-15.774105, -228.150660
-55.344093, -238.701633
-147.777425, -174.537614
-243.428530, 8.686624
-170.157030, 152.800953
80.537092, 96.906818
225.901603, -35.637224
66.854758, -7.352358
-195.250979, 119.073932
-242.337041, 53.315905
-75.060053, -216.026698
72.324540, -349.044680
106.256116, -202.512182
103.745514, -80.009817
75.060053, -216.026698
-35.067311, -353.143387
-160.966107, -162.454481
-167.641630, 176.013278
-63.021983, 219.840341
32.523814, -50.161218
83.287354, -212.990053
123.356239, -47.885365
109.657975, 200.690494
-13.995874, 254.804170
-164.417550, 158.960420
-220.543064, 91.429705
-207.629299, 95.872937
-193.530009, 135.893299
-111.194011, 199.843533
83.548704, 225.265223
202.674938, 105.945341
72.872877, -109.657700
-111.806599, -199.501455
-40.099523, -59.793202
178.988523, 142.353977
143.226466, 208.993506
-177.449655, 144.267688
-362.951810, 50.978640
-226.519296, -31.473077
-100.184616, -71.129473
-228.688586, 1.754054
-331.249985, 151.406272
-99.678471, 205.829416
231.691141, 99.503443
228.327053, -12.973158
-68.156128, -13.855751
-228.513445, -9.118752
-75.310843, -101.471957
154.360565, -168.743480
235.611274, -68.499318
203.321192, 104.699757
167.200390, 179.368458
156.930795, 166.355858
180.074487, 140.955164
224.702133, 42.549941
197.786938, -150.396432
37.368802, -225.621627
-136.973576, -34.783648
-155.135475, 168.031337
-34.445760, 56.156410
80.667367, -213.996079
145.267294, -199.730541
191.314544, 125.300803
168.310815, 330.205304
38.060824, 225.505919
-48.009507, 117.275362
69.735885, 217.803701
252.813303, 271.148400
226.063211, 34.597264
17.094549, -250.280536
-79.023681, -214.608489
16.624515, 68.840464
57.268281, 221.408875
-85.651104, 101.695419
-205.829416, -99.678471
-122.581194, -206.802621
42.894580, -224.636598
114.956852, -210.523668
115.762513, -197.232316
95.322314, -212.610817
-21.368452, -227.694829
-209.176624, -148.280709
-227.223460, 25.904536
13.974793, 140.864979
203.800859, 103.762979
53.265966, 18.429048
-227.790754, -20.320391
-221.141193, -87.137454
70.069910, -217.696471
264.020939, -249.041092
207.629299, -95.872937
135.836542, 15.360391
192.269952, -123.829768
186.698778, -313.773182
-24.509831, -227.378130
-236.273240, 46.854891
-187.581837, 130.822782
52.333981, -33.026205
200.013868, -110.887324
129.914148, 57.237194
-45.647986, 224.093300
-180.399399, 170.082796
-228.306884, 13.323392
-222.047811, -60.761656
-219.350507, -64.706267
-239.373264, -41.106012
-216.026698, 75.060053
-84.376525, 237.958937
78.694383, 214.729458
123.583014, -46.151984
53.524299, -222.343643
15.721786, -56.485763
32.515169, 226.372061
-44.503711, 235.589467
-227.911150, -18.922311
-291.978447, -201.593851
-139.869405, -180.936717
-25.290622, -135.452521
-163.193515, -160.216799
-336.956133, -113.817298
-216.596042, 73.400957
86.708988, 220.967375
168.031337, 155.135475
-33.321481, -44.496543
-150.701359, -172.019320
18.564045, -138.637337
228.685626, -2.104856
213.856684, 140.858788
59.980996, 220.689434
-24.259526, 230.178294
-18.922311, 227.911150
17.971829, 242.346426
116.668936, 196.697497
239.858992, 35.968071
195.068092, -119.373303
-59.276073, -112.607591
-228.499188, -9.469276
-68.552763, -4.176230
216.026698, -75.060053
249.853565, -1.244545
24.161009, 227.415460
-153.848750, 324.790870
-152.016285, 170.858407
-118.435961, 49.253567
-127.930034, 189.566486
-61.396941, 352.343800
110.887324, 200.013868
212.229426, -124.855015
123.239309, -192.648952
-48.119467, 40.957955
-143.449550, 178.111686
-129.671050, 5.007967
-40.825263, -225.021874
92.844553, -234.071975
207.629299, -95.872937
241.126392, -14.435049
227.939908, -18.572677
226.141375, -56.564363
175.441073, -146.703701
7.506737, -242.929940
-148.579070, -173.855705
-112.094060, 76.502421
25.904536, 227.223460
16.446441, 67.982907
-106.876914, -202.185240
-48.748674, -246.446255
221.320766, -57.607850
353.948762, 104.123856
191.122110, 125.594128
55.662111, 110.532337
205.829416, 99.678471
367.575821, 10.823491
182.639506, -137.638501
-162.973032, -192.624523
-207.629299, -95.872937
57.160260, 41.766560
195.615374, 118.474350
11.922422, 128.288567
-217.803701, 69.735885
-233.962848, -62.400037
-121.460996, -193.775057
-54.670473, -237.007384
-46.678764, -223.880859
-73.722128, -217.919600
-166.836532, -156.419684
-252.188097, 21.947314
-155.135475, 168.031337
99.120709, 102.031508
222.747625, -51.817387
55.583511, -23.638087
-188.975754, 128.801050
-229.472501, 75.212502
-81.323518, -213.747588
55.491639, -362.666386
104.699757, -203.321192
114.234880, -67.271367
78.035232, -214.969878
-36.481733, -366.384520
-155.135475, -168.031337
-165.623870, 180.665782
-75.391345, 215.911304
26.050706, -60.465242
99.678471, -205.829416
136.748761, -24.065824
89.135867, 210.609456
-51.463759, 238.984915
-182.428156, 137.918504
-221.343903, 74.400482
-219.150959, 65.378921
-221.171560, 91.903067
-142.353977, 178.988523
52.071453, 249.234404
179.641730, 141.528777
84.037568, -106.244354
-68.398154, -218.227492
-17.564052, -54.096976
142.079244, 179.206680
81.105230, 224.001619
-207.629299, 95.872937
-355.484230, -31.308642
-209.780151, -91.070490
-84.585503, -109.263772
-219.449507, -64.369712
-353.358976, 58.477051
-158.455246, 164.904460
179.908925, 155.220286
219.840341, 63.021983
-51.711980, -23.076596
-210.881930, -88.489307
-41.261008, -134.905224
205.829416, -99.678471
251.321218, 39.272339
146.434405, 175.665907
74.405275, 218.089901
75.060053, 216.026698
111.413992, 216.618426
184.729283, 134.820762
236.860998, -61.564753
134.537233, -184.935878
-99.166588, -80.473059
-215.678990, 76.053397
-63.572504, 19.782342
174.537614, -147.777425
231.507284, -88.341265
101.882851, 204.747236
-31.581410, 356.616097
-85.569567, 212.083463
-97.056068, 86.838499
-59.303648, 220.872414
55.952663, 352.424748
168.031337, 155.135475
161.981417, -183.138539
59.303648, -220.872414
-32.379623, 52.462868
-85.569567, 212.083463
-124.289767, 42.510400
-101.882851, -204.747236
26.858614, -251.269030
174.537614, -147.777425
227.728217, -76.145045
215.678990, -76.053397
206.176631, -111.675047
134.537233, -184.935878
-51.465790, -237.263994
-184.729283, -134.820762
-90.875882, 99.322229
75.060053, 216.026698
29.490859, 63.289694
-146.434405, -175.665907
-96.305749, -231.907554
205.829416, -99.678471
366.300655, 35.552264
210.881930, 88.489307
75.240556, 98.779679
219.840341, 63.021983
363.493909, -49.859192
158.455246, -164.904460
-189.716869, -165.473801
-219.449507, -64.369712
61.751394, 33.254378
209.780151, 91.070490
28.963823, 125.819020
-207.629299, 95.872937
-240.227942, -34.956599
-142.079244, -179.206680
-78.516834, -229.764777
-68.398154, -218.227492
-93.911623, -210.550366
-179.641730, -141.528777
-249.226366, 42.367448
-142.353977, 178.988523
105.427538, 94.653797
219.150959, -65.378921
54.480399, -26.145114
-182.428156, 137.918504
-226.254747, 84.407585
-89.135867, -210.609456
44.500836, -363.546170
99.678471, -205.829416
112.880981, -70.076685
75.391345, -215.911304
-38.696947, -365.378246
-155.135475, -168.031337
-166.697013, 178.809872
-78.035232, 214.969878
27.062139, -59.079278
104.699757, -203.321192
137.584935, -20.815143
81.323518, 213.747588
-61.905739, 237.568519
-188.975754, 128.801050
-224.819313, 60.998548
-222.747625, 51.817387
-227.226197, 77.905343
-155.135475, 168.031337
32.472731, 251.406847
166.836532, 156.419684
92.953382, -96.831366
-46.678764, -223.880859
-11.275472, -56.925685
121.460996, 193.775057
53.871227, 233.262751
-217.803701, 69.735885
-347.818441, -78.128627
-195.615374, -118.474350
-69.139382, -118.622575
-207.629299, -95.872937
-357.312851, 2.294284
-182.639506, 137.638501
150.947239, 184.318698
205.829416, 99.678471
-45.841440, -33.469472
-191.122110, -125.594128
-16.048909, -138.620321
221.320766, -57.607850
239.396583, 87.310876
106.876914, 202.185240
25.041509, 230.684765
25.904536, 227.223460
61.044840, 234.342621
148.579070, 173.855705
243.386543, -1.828336
175.441073, -146.703701
-74.625700, -104.510518
-227.939908, 18.572677
-67.989460, 4.447773
207.629299, -95.872937
248.350259, -23.853794
40.825263, 225.021874
-133.300767, 334.922152
-143.449550, 178.111686
-116.749287, 52.143090
-123.239309, 192.648952
-56.999946, 354.631784
110.887324, 200.013868
213.817176, -123.923606
127.930034, -189.566486
-49.808276, 40.959297
-152.016285, 170.858407
-129.375866, -4.867618
-24.161009, -227.415460
112.080312, -223.217526
216.026698, -75.060053
241.901200, 10.097526
228.499188, 9.469276
230.893482, -23.378894
195.068092, -119.373303
46.957778, -240.989321
-116.668936, -196.697497
-125.311810, 57.125507
-18.922311, 227.911150
3.273483, 67.389056
-59.980996, -220.689434
8.093546, -248.426037
228.685626, -2.104856
317.300920, 188.194193
150.701359, 172.019320
20.936374, 124.443738
168.031337, 155.135475
349.041913, 118.468249
216.596042, -73.400957
-93.505968, -232.230012
-163.193515, -160.216799
41.249371, 56.060979
139.869405, 180.936717
-38.952635, 126.614224
-227.911150, -18.922311
-187.901708, -152.665252
-32.515169, -226.372061
46.275018, -235.054272
53.524299, -222.343643
32.214372, -231.420920
-78.694383, -214.729458
-237.010129, -93.363781
-216.026698, 75.060053
40.856597, 133.836869
219.350507, 64.706267
56.539577, 10.953135
-228.306884, 13.323392
-231.264279, -59.772910
45.647986, -224.093300
240.562918, -270.273102
200.013868, -110.887324
136.145754, 5.661823
187.581837, -130.822782
181.000180, -314.789169
-24.509831, -227.378130
-236.975628, 39.949093
-192.269952, 123.829768
53.723135, -27.365401
207.629299, -95.872937
124.696576, 66.048915
-70.069910, 217.696471
-201.595742, 148.533731
-227.790754, -20.320391
-207.902511, -99.737005
-203.800859, -103.762979
-227.552999, -85.078875
-227.223460, 25.904536
-136.781309, 207.723847
21.368452, 227.694829
129.631848, -7.138197
115.762513, -197.232316
34.461843, -52.586758
-42.894580, 224.636598
-124.916341, 209.861673
-205.829416, -99.678471
-191.783757, -300.671933
-57.268281, -221.408875
29.675106, -129.926379
-79.023681, -214.608489
-248.164027, -255.654860
-226.063211, -34.597264
-32.600236, 239.666597
69.735885, 217.803701
-2.308765, -59.403747
-38.060824, -225.505919
86.500452, -102.457338
191.314544, 125.300803
99.484061, 233.505996
-80.667367, 213.996079
-162.205760, 173.707487
-155.135475, 168.031337
-133.793051, 195.336297
-37.368802, 225.621627
151.888844, 189.131038
224.702133, 42.549941
39.348243, -126.893507
-156.930795, -166.355858
-50.859917, -47.466936
203.321192, 104.699757
175.766929, 179.040976
-154.360565, 168.743480
-353.199057, 97.701227
-228.513445, -9.118752
-105.618602, -66.515939
-228.327053, 12.973158
-327.283026, 162.696131
-99.678471, 205.829416
229.359808, 101.712307
228.688586, -1.754054
-67.474192, -15.160378
-226.519296, -31.473077
-61.450585, -113.807125
177.449655, -144.267688
242.621912, -23.140335
178.988523, 142.353977
125.435365, 207.401032
111.806599, 199.501455
133.986981, 188.275532
202.674938, 105.945341
237.328970, -85.298780
111.194011, -199.843533
-118.007846, -77.094870
-207.629299, 95.872937
-51.129869, 32.625347
164.417550, -158.960420
216.049996, -108.253954
109.657975, 200.690494
-12.413329, 365.367835
-83.287354, 212.990053
-107.595305, 78.339652
-63.021983, 219.840341
55.252494, 362.288842
160.966107, 162.454481
162.378428, -181.813536
75.060053, -216.026698
-26.906571, 58.019552
-106.256116, 202.512182
-138.014743, 19.528614
-75.060053, -216.026698
71.496560, -236.265672
195.250979, -119.073932
227.870001, -45.640366
225.901603, -35.637224
233.260531, -60.395508
170.157030, -152.800953
-6.589334, -251.764814
-147.777425, -174.537614
-103.792963, 82.651805
15.774105, 228.150660
2.121184, 59.811284
-89.458833, -210.472476
-13.145876, -240.936147
226.754026, -29.734787
325.878567, 144.510056
168.031337, 155.135475
43.676680, 128.385155
181.364979, 139.313640
347.058272, 82.529438
210.472476, -89.458833
-98.422109, -218.682845
-172.480856, -150.172902
33.638723, 47.063973
147.777425, 174.537614
-23.846016, 134.790105
-228.365780, -12.272600
-201.498575, -155.479699
-35.637224, -225.901603
55.134836, -228.393237
53.865307, -222.261276
24.099713, -238.110198
-75.060053, -216.026698
-224.464783, -92.102450
-218.332157, 68.063317
25.366271, 128.256495
216.026698, 75.060053
65.908072, 21.212564
-228.692891, -1.052439
-236.470854, -83.136264
63.021983, -219.840341
272.797266, -241.379339
209.499764, -91.713658
125.008072, 12.085870
200.690494, -109.657975
226.190531, -284.242715
3.858773, -228.662756
-249.908699, 1.026401
-207.629299, 95.872937
66.827711, -11.735711
219.936757, -62.684678
102.755889, 77.867745
-105.945341, 202.674938
-215.168164, 118.046714
-220.128036, -62.009627
-194.340558, -145.399459
-178.988523, -142.353977
-195.600634, -122.734260
-227.488515, -23.463194
-188.827092, 164.486987
-31.473077, 226.519296
136.886940, 31.502885
160.466946, -162.947553
37.411042, -49.962134
-99.678471, 205.829416
-167.249878, 176.733933
-170.625016, -152.278199
-108.443584, -350.325773
9.118752, -228.513445
75.790795, -107.443499
-10.170257, -228.469061
-165.322937, -328.019895
-203.321192, -104.699757
-99.971404, 223.962612
-6.664526, 228.598185
9.265498, -64.625363
42.549941, -224.702133
125.852537, -57.176833
133.114849, 185.962316
-2.151328, 245.697106
-155.135475, 168.031337
-207.812998, 106.478398
-208.358521, 94.277636
-208.764228, 118.112040
-125.300803, 191.314544
69.141944, 242.960037
186.369831, 132.543698
81.233818, -106.315275
-69.735885, -217.803701
-16.674722, -56.785357
135.386869, 184.314789
67.633166, 230.978625
-214.608489, 79.023681
-349.980738, -69.906719
-197.054507, -116.064927
-68.767404, -117.267579
-205.829416, -99.678471
-357.060385, -11.481746
-189.173110, 128.511013
138.502709, 195.521105
197.232316, 115.762513
-42.049713, -39.681523
-176.114335, -145.894780
0.916967, -137.389241
227.223460, -25.904536
223.566993, 121.264981
70.737464, 217.480475
-19.168349, 233.730314
-20.320391, 227.790754
9.967202, 239.457254
104.387743, 203.481560
235.193354, 60.750883
207.629299, -95.872937
-41.608361, -123.805683
-223.516256, -48.394519
-67.599588, -13.607760
227.378130, -24.509831
243.714121, 57.470388
-40.134713, 225.146065
-247.543768, 266.848920
-200.013868, 110.887324
-125.843747, -0.872690
-190.735893, 126.179892
-202.590513, 301.353078
13.323392, 228.306884
249.007631, -18.682795
200.858471, -109.349990
-65.800616, 15.899040
-216.026698, 75.060053
-106.831878, -72.540523
96.191324, -207.481988
210.031735, -126.993517
222.343643, 53.524299
199.030962, 138.528589
183.060915, 137.077523
198.632568, 118.175105
227.911150, 18.922311
186.229314, -167.689226
29.038975, -226.844184
-137.051774, -30.290437
-160.216799, 163.193515
-37.563220, 49.428638
101.254216, -205.058845
169.378103, -174.203421
168.031337, 155.135475
100.950918, 352.062869
-15.074075, 228.197980
-79.133723, 105.624724
2.104856, 228.685626
152.222889, 333.748741
198.463964, 113.638026
110.701789, -218.139964
18.922311, -227.911150
-12.847993, 63.283249
-56.588738, 221.583530
-129.617375, 49.296008
-119.373303, -195.068092
21.195092, -245.591819
168.269114, -154.877536
215.929558, -87.429808
216.026698, -75.060053
219.318921, -98.623469
143.722601, -177.891427
-43.779875, -247.924671
-170.858407, -152.016285
-92.412755, 95.472167
43.583553, 224.503942
9.227745, 59.400149
-110.887324, -200.013868
-36.262144, -238.911741
223.366731, -49.080029
336.237751, 119.525756
178.111686, 143.449550
50.890288, 125.115116
187.982313, 130.246673
350.210666, 69.228871
207.629299, -95.872937
-103.177749, -217.217010
-174.310721, -148.044989
33.808548, 47.752452
146.703701, 175.441073
-25.878313, 133.523835
-227.995815, -17.873280
-196.229624, -161.213683
-25.904536, -227.223460
67.118918, -226.275239
67.393163, -218.539945
40.613122, -234.662235
-57.607850, -221.320766
-215.115641, -112.927225
-223.952200, 46.335280
11.132478, 131.568075
205.829416, 99.678471
63.133932, 27.895787
-226.470750, -31.820516
-222.545158, -114.750715
95.872937, -207.629299
308.817641, -195.619242
222.094973, -54.546941
120.178110, 36.061063
217.803701, -69.735885
278.698176, -235.551055
51.133763, -222.905550
-244.978773, -51.175603
-223.880859, 46.678764
68.544525, 2.322973
228.576662, -7.365824
78.927883, 103.225767
-155.135475, 168.031337
-238.055889, 53.588544
-194.146782, -120.865930
-145.414486, -192.975240
-128.801050, -188.975754
-147.733085, -178.742095
-208.646780, -93.637958
-232.980227, 97.104802
-104.699757, 203.321192
119.322117, 73.788601
207.185900, -96.827417
51.420792, -30.892181
-168.031337, 155.135475
-219.785693, 98.829655
-99.362616, -205.982078
35.710058, -362.276969
99.678471, -205.829416
114.642415, -69.784875
85.894798, -211.951951
-12.019755, -364.498750
-137.918504, -182.428156
-186.783995, 154.098275
-108.733251, 201.193007
35.965731, -50.408342
142.353977, -178.988523
139.860532, 6.460308
26.949927, 227.101844
-124.351934, 216.015140
-218.227492, 68.398154
-231.004389, -16.340047
-227.183456, -26.253062
-241.923221, -5.192941
-207.629299, 95.872937
-70.018934, 238.950824
83.940407, 212.733528
124.094702, -40.518704
64.369712, -219.449507
21.018450, -59.387650
4.560283, 228.649841
-82.357231, 230.298177
-219.840341, -63.021983
-235.999707, -268.647763
-86.544654, -211.687432
14.778492, -131.483032
-99.678471, -205.829416
-268.048770, -236.279344
-227.759315, -20.669794
-22.098173, 242.251209
75.060053, 216.026698
-2.726570, -60.983855
-35.290654, -225.956004
89.522075, -97.975624
184.935878, 134.537233
83.729328, 237.724100
-98.730204, 206.285949
-179.776711, 158.008474
-174.537614, 147.777425
-159.421557, 172.271857
-72.736104, 216.820214
115.340068, 215.496457
212.083463, 85.569567
66.321738, -118.217511
-114.246370, -198.114393
-38.444752, -55.856976
168.031337, 155.135475
118.760660, 218.714780
-198.114393, 114.246370
-367.250744, -17.206313
-212.083463, -85.569567
-73.686548, -102.805045
-216.820214, -72.736104
-366.490931, 26.148607
-174.537614, 147.777425
166.914676, 185.561542
206.285949, 98.730204
-55.275206, -40.652720
-184.935878, -134.537233
4.121401, -132.983890
225.956004, -35.290654
216.867794, 109.990583
75.060053, 216.026698
-6.758773, 238.348256
-20.669794, 227.759315
-3.171487, 235.019354
99.678471, 205.829416
243.149013, 73.283697
211.687432, -86.544654
-44.788901, -130.633492
-219.840341, -63.021983
-56.344502, -13.940598
228.649841, -4.560283
226.959432, 76.189318
-64.369712, 219.449507
-267.745767, 240.369661
-212.733528, 83.940407
-134.281346, -23.624495
-207.629299, 95.872937
-238.962646, 269.722284
-26.253062, 227.183456
238.552558, 21.990407
218.227492, -68.398154
-58.066935, 7.432976
-227.101844, 26.949927
-97.280437, -100.101191
142.353977, -178.988523
244.254577, -65.982844
201.193007, 108.733251
145.513033, 181.069758
137.918504, 182.428156
165.578398, 175.864700
211.951951, 85.894798
219.610189, -107.882035
99.678471, -205.829416
-110.403885, -67.858302
-205.982078, 99.362616
-61.460443, 27.440776
168.031337, -155.135475
230.591540, -93.668313
96.827417, 207.185900
-52.548787, 357.703124
-104.699757, 203.321192
-106.580325, 70.134515
-93.637958, 208.646780
-13.762853, 360.735943
128.801050, 188.975754
205.096606, -139.567718
120.865930, -194.146782
-49.346185, 43.838852
-155.135475, 168.031337
-128.868202, -13.512496
-7.365824, -228.576662
133.676770, -207.785796
223.880859, -46.678764
238.019194, 44.459776
222.905550, 51.133763
229.736535, 29.100252
217.803701, -69.735885
110.051847, -223.733669
-54.546941, -222.094973
-138.436619, 18.381121
-95.872937, 207.629299
-20.002358, 59.799103
31.820516, -226.470750
109.398538, -217.923728
205.829416, 99.678471
194.497982, 310.579162
46.335280, 223.952200
-49.113478, 121.877616
57.607850, 221.320766
224.763068, 289.836834
218.539945, 67.393163
63.544518, -236.494458
-25.904536, -227.223460
-1.433316, 64.588523
-17.873280, 227.995815
-119.793989, 69.371120
-146.703701, -175.441073
-12.353819, -246.452357
148.044989, -174.310721
205.236396, -110.324108
207.629299, -95.872937
209.837077, -117.579726
130.246673, -187.982313
-58.739332, -244.142048
-178.111686, -143.449550
-88.944036, 98.050280
49.080029, 223.366731
10.008181, 60.166947
-110.887324, -200.013868
-33.321411, -240.347703
224.503942, -43.583553
331.543336, 132.952685
170.858407, 152.016285
43.253058, 126.746888
177.891427, 143.722601
342.782919, 100.394017
216.026698, -75.060053
-78.341693, -228.757511
-154.877536, -168.269114
26.738213, 53.476097
119.373303, 195.068092
-46.351484, 125.994390
-221.583530, -56.588738
-163.891152, -192.571987
18.922311, -227.911150
113.091064, -209.414991
113.638026, -198.463964
93.091170, -216.871916
-2.104856, -228.685626
-178.504414, -166.187238
-228.197980, -15.074075
-26.763090, 131.731614
168.031337, 155.135475
52.658840, 43.287759
-205.058845, -101.254216
-174.097212, -178.431869
160.216799, -163.193515
358.701614, -78.336246
226.844184, 29.038975
97.025715, 80.776525
227.911150, 18.922311
350.225729, -109.457439
137.077523, -183.060915
-202.777669, -145.687168
-222.343643, -53.524299
62.040702, 29.205799
207.481988, 96.191324
20.959366, 131.010908
-216.026698, 75.060053
-232.730461, -70.959007
-109.349990, -200.858471
-30.230120, -236.744561
-13.323392, -228.306884
-30.135393, -232.955335
-126.179892, -190.735893
-250.221966, -42.293224
-200.013868, 110.887324
58.734011, 124.913057
225.146065, 40.134713
57.574345, 8.594879
-227.378130, 24.509831
-232.448313, -58.010202
48.394519, -223.516256
251.832241, -256.881788
207.629299, -95.872937
135.184141, 16.700643
203.481560, -104.387743
229.796600, -277.246263
20.320391, -227.790754
-238.962844, -18.059450
-217.480475, 70.737464
58.064018, -7.069322
227.223460, -25.904536
96.051256, 100.668050
-145.894780, 176.114335
-246.017301, 59.910861
-197.232316, -115.762513
-137.541305, -187.924192
-128.511013, -189.173110
-155.143758, -184.362632
-205.829416, -99.678471
-226.828922, 90.508645
-116.064927, 197.054507
103.783977, 78.400637
214.608489, -79.023681
64.169485, -21.968146
-184.314789, 135.386869
-240.342607, 66.624337
-69.735885, -217.803701
100.463548, -348.601175
132.543698, -186.369831
115.594281, -52.083879
125.300803, -191.314544
73.387813, -354.897691
-94.277636, -208.358521
-227.231024, 101.808383
-155.135475, 168.031337
57.347716, -34.884306
185.962316, -133.114849
122.717025, 41.873628
-42.549941, 224.702133
-176.541392, 170.708668
-228.598185, -6.664526
-220.906164, -98.558797
-203.321192, -104.699757
-214.178258, -88.487579
-228.469061, 10.170257
-166.905057, 187.632863
-9.118752, 228.513445
138.586063, 19.816765
152.278199, -170.625016
36.289783, -49.078380
-99.678471, 205.829416
-171.510103, 170.540031
-162.947553, -160.466946
-82.558808, -355.075942
31.473077, -226.519296
88.718384, -99.870351
23.463194, -227.488515
-107.330533, -348.716130
-178.988523, -142.353977
-145.907289, 193.661258
-62.009627, 220.128036
25.266163, -56.649465
105.945341, -202.674938
138.539650, -18.175419
62.684678, 219.936757
-91.748417, 232.009729
-207.629299, 95.872937
-231.597648, 9.400968
-228.662756, -3.858773
-241.342254, 15.533046
-200.690494, 109.657975
-57.595530, 241.425136
91.713658, 209.499764
123.267974, -42.165318
63.021983, -219.840341
21.553174, -60.356618
-1.052439, 228.692891
-91.528666, 228.150270
-216.026698, -75.060053
-216.347843, -286.089406
-68.063317, -218.332157
27.794607, -127.695077
-75.060053, -216.026698
-234.364739, -271.254028
-222.261276, -53.865307
-61.380094, 237.392163
35.637224, 225.901603
9.479638, -62.428452
12.272600, -228.365780
108.515205, -73.449963
147.777425, 174.537614
21.770991, 248.815885
-150.172902, 172.480856
-217.702849, 103.487793
-210.472476, 89.458833
-204.243848, 111.599318
-139.313640, 181.364979
34.333124, 244.593763
168.031337, 155.135475
106.245852, -88.315925
-29.734787, -226.754026
-14.265396, -63.550905
89.458833, 210.472476
15.863089, 245.354644
-228.150660, 15.774105
-321.117540, -178.261445
-147.777425, -174.537614
-13.877667, -128.869699
-152.800953, -170.157030
-330.920354, -159.532032
-225.901603, 35.637224
44.237198, 242.407910
119.073932, 195.250979
-25.043104, -60.947211
-75.060053, -216.026698
82.915677, -109.344140
202.512182, 106.256116
103.188601, 222.999600
-75.060053, 216.026698
-153.612659, 176.522860
-162.454481, 160.966107
-158.851750, 179.407369
-63.021983, 219.840341
131.481759, 214.704162
212.990053, 83.287354
56.872768, -120.438516
-109.657975, -200.690494
-26.082204, -54.561487
158.960420, 164.417550
92.317835, 223.923327
-207.629299, 95.872937
-353.338567, -53.382039
-199.843533, -111.194011
-68.363138, -115.378155
-202.674938, -105.945341
-355.669535, -34.639760
-199.501455, 111.806599
115.175330, 212.593655
178.988523, 142.353977
-34.312228, -49.079127
-144.267688, -177.449655
30.731124, -130.608662
226.519296, 31.473077
182.381880, 174.797762
1.754054, 228.688586
-95.931565, 218.095287
-99.678471, 205.829416
-80.389598, 221.481440
12.973158, 228.327053
184.567362, 160.059978
228.513445, 9.118752
24.698380, -132.791835
-168.743480, -154.360565
-52.379444, -42.835855
203.321192, 104.699757
169.121970, 182.287787
-166.355858, 156.930795
-362.162671, 61.631506
-224.702133, -42.549941
-91.005784, -88.513537
-225.621627, -37.368802
-358.922802, 78.008795
-155.135475, 168.031337
185.127686, 166.409369
213.996079, 80.667367
-57.742731, -35.875937
-191.314544, -125.300803
-0.049464, -134.194004
225.505919, -38.060824
216.213435, 112.653190
69.735885, 217.803701
-16.940111, 236.319010
-34.597264, 226.063211
-22.012454, 235.721045
79.023681, 214.608489
233.181876, 99.187776
221.408875, -57.268281
-24.599599, -133.885548
-205.829416, -99.678471
-52.300232, -26.572770
224.636598, 42.894580
203.493283, 127.719258
-115.762513, 197.232316
-320.567531, 159.659218
-227.694829, 21.368452
-121.972884, -59.604711
-227.223460, 25.904536
-313.961484, 172.500956
-103.762979, 203.800859
213.045683, 110.724368
227.790754, 20.320391
-55.120670, -19.578642
-217.696471, -70.069910
-45.540972, -129.026125
207.629299, -95.872937
248.209501, 51.964576
123.829768, 192.269952
34.464062, 233.099748
24.509831, 227.378130
48.890638, 233.143928
130.822782, 187.581837
240.548876, 37.654341
200.013868, -110.887324
-47.054101, -123.950588
-224.093300, -45.647986
-67.328303, -12.489985
228.306884, -13.323392
238.527055, 74.043842
-64.706267, 219.350507
-282.978297, 232.332893
-216.026698, 75.060053
-122.525892, -29.398752
-214.729458, 78.694383
-274.968176, 241.593157
-53.524299, 222.343643
242.963382, 58.099233
226.372061, -32.515169
-68.232228, -6.088151
-227.911150, -18.922311
-63.315105, -115.867690
180.936717, -139.869405
243.452592, -4.055973
163.193515, 160.216799
94.798066, 219.481806
73.400957, 216.596042
88.020363, 217.472070
168.031337, 155.135475
253.146513, -14.877093
172.019320, -150.701359
-82.146178, -110.894064
-228.685626, 2.104856
-58.356304, 1.322292
220.689434, -59.980996
238.519674, 24.202569
-18.922311, 227.911150
-220.374799, 284.091529
-196.697497, 116.668936
-136.020499, -4.140951
-195.068092, 119.373303
-212.453289, 290.191646
-9.469276, 228.499188
239.499969, 10.751872
216.026698, -75.060053
-58.053698, 6.519236
-227.415460, 24.161009
-93.866322, -101.661463
152.016285, -170.858407
248.696138, -48.951980
189.566486, 127.930034
122.662083, 199.233177
110.887324, 200.013868
135.222967, 198.055235
192.648952, 123.239309
236.598313, -58.290610
143.449550, -178.111686
-89.796488, -95.620572
-225.021874, 40.825263
-67.404398, 11.506766
207.629299, -95.872937
249.344170, -15.866830
18.572677, 227.939908
-181.576333, 316.422869
-175.441073, 146.703701
-124.852093, 17.116601
-173.855705, 148.579070
-174.736854, 320.155958
25.904536, 227.223460
248.429476, -26.372298
202.185240, -106.876914
-66.521563, 15.543091
-221.320766, 57.607850
-97.668233, -87.191076
125.594128, -191.122110
228.982054, -83.777361
205.829416, 99.678471
159.565353, 179.596015
137.638501, 182.639506
151.093755, 177.964351
207.629299, 95.872937
236.700063, -90.004884
118.474350, -195.615374
-111.693130, -82.574883
-217.803701, 69.735885
-55.268039, 19.669714
193.775057, -121.460996
235.284644, -46.619944
46.678764, 223.880859
-131.378295, 335.867108
-156.419684, 166.836532
-132.015288, 32.300217
-155.135475, 168.031337
-126.211666, 337.904879
51.817387, 222.747625
233.744439, -53.939417
188.975754, -128.801050
-54.304088, 22.377544
-213.747588, 81.323518
-116.549150, -75.818558
104.699757, -203.321192
229.113365, -107.566977
214.969878, 78.035232
166.801054, 162.952110
155.135475, 168.031337
177.908717, 161.894630
215.911304, 75.391345
216.984216, -111.672999
99.678471, -205.829416
-108.710787, -72.362774
-210.609456, 89.135867
-63.400676, 24.905672
182.428156, -137.918504
240.516156, -67.037824
65.378921, 219.150959
-113.237048, 345.988739
-142.353977, 178.988523
-118.922796, 42.313817
-141.528777, 179.641730
-110.047999, 346.985283
68.398154, 218.227492
239.242031, -71.391570
179.206680, -142.079244
-62.690194, 26.553539
-207.629299, 95.872937
-111.298313, -68.188388
91.070490, -209.780151
211.613613, -121.691731
219.449507, 64.369712
186.578459, 152.014094
164.904460, 158.455246
176.939284, 151.658002
219.840341, 63.021983
220.588586, -123.882255
88.489307, -210.881930
-122.434322, -66.194102
-205.829416, 99.678471
-52.003281, 27.583600
175.665907, -146.434405
227.078603, -77.628364
75.060053, 216.026698
-88.177496, 350.128849
-134.820762, 184.729283
-127.240011, 47.424963
-134.537233, 184.935878
-87.102901, 350.397726
76.053397, 215.678990
226.598010, -79.020230
174.537614, -147.777425
-51.747205, 28.061057
-204.747236, 101.882851
-123.237406, -64.686661
85.569567, -212.083463
218.662377, -127.251334
220.872414, 59.303648
179.700835, 148.375435
168.031337, 155.135475
189.799798, 147.972439
220.872414, 59.303648
208.563414, -126.848338
85.569567, -212.083463
-113.138444, -65.089656
-204.747236, 101.882851
-61.846168, 28.464053
174.537614, -147.777425
236.696973, -79.423226
76.053397, 215.678990
-97.201864, 350.800722
-134.537233, 184.935878
-117.141048, 47.021967
-134.820762, 184.729283
-98.276459, 350.531845
75.060053, 216.026698
237.177566, -78.031359
175.665907, -146.434405
-62.102244, 27.986596
-205.829416, 99.678471
-112.335359, -66.597098
88.489307, -210.881930
210.489623, -123.479259
219.840341, 63.021983
187.038247, 151.255006
164.904460, 158.455246
176.479496, 152.417089
219.449507, 64.369712
221.712576, -122.094727
91.070490, -209.780151
-121.397276, -67.785393
-207.629299, 95.872937
-52.591231, 26.150544
179.206680, -142.079244
229.143069, -70.988574
68.398154, 218.227492
-99.949036, 346.582287
-141.528777, 179.641730
-129.021759, 42.716812
-142.353977, 178.988523
-103.138085, 345.585743
65.378921, 219.150959
230.417193, -66.634828
182.428156, -137.918504
-53.301713, 24.502676
-210.609456, 89.135867
-118.809750, -71.959779
99.678471, -205.829416
227.083179, -112.075995
215.911304, 75.391345
167.809754, 162.297626
155.135475, 168.031337
176.900017, 162.549115
214.969878, 78.035232
219.014403, -107.163981
104.699757, -203.321192
-106.450187, -76.221554
-213.747588, 81.323518
-64.403051, 22.780540
188.975754, -128.801050
243.843402, -54.342413
51.817387, 222.747625
-136.310629, 338.307874
-155.135475, 168.031337
-121.916325, 31.897222
-156.419684, 166.836532
-141.477258, 336.270103
46.678764, 223.880859
245.383607, -47.022940
193.775057, -121.460996
-65.367002, 20.072710
-217.803701, 69.735885
-101.594167, -82.977879
118.474350, -195.615374
226.601100, -89.601888
207.629299, 95.872937
161.192718, 177.561355
137.638501, 182.639506
149.466390, 179.999010
205.829416, 99.678471
239.081017, -84.180357
125.594128, -191.122110
-107.767196, -86.788081
-221.320766, 57.607850
-56.422600, 15.140096
202.185240, -106.876914
238.330513, -25.969303
25.904536, 227.223460
-164.637891, 319.752962
-173.855705, 148.579070
-134.951055, 17.519597
-175.441073, 146.703701
-171.477371, 316.019873
18.572677, 227.939908
239.245207, -15.463834
207.629299, -95.872937
-57.305435, 11.103771
-225.021874, 40.825263
-99.895451, -95.217576
143.449550, -178.111686
246.697275, -58.693606
192.648952, 123.239309
125.124004, 198.458231
110.887324, 200.013868
132.761046, 198.830182
189.566486, 127.930034
238.597175, -48.548984
152.016285, -170.858407
-83.767359, -102.064458
-227.415460, 24.161009
-68.152661, 6.922232
216.026698, -75.060053
249.598932, 10.348876
-9.469276, 228.499188
-222.552252, 290.594642
-195.068092, 119.373303
-125.921536, -4.543947
-196.697497, 116.668936
-230.473762, 284.494525
-18.922311, 227.911150
248.618637, 23.799573
220.689434, -59.980996
-68.455267, 1.725288
-228.685626, 2.104856
-72.047215, -111.297060
172.019320, -150.701359
243.047550, -14.474097
168.031337, 155.135475
98.119326, 217.069075
73.400957, 216.596042
84.699103, 219.884802
163.193515, 160.216799
253.551555, -4.458968
180.936717, -139.869405
-73.414068, -115.464695
-227.911150, -18.922311
-58.133265, -6.491146
226.372061, -32.515169
232.864420, 58.502229
-53.524299, 222.343643
-264.869213, 241.190161
-214.729458, 78.694383
-132.624855, -28.995756
-216.026698, 75.060053
-272.879334, 231.929898
-64.706267, 219.350507
228.428092, 74.446837
228.306884, -13.323392
-57.229340, -12.892981
-224.093300, -45.647986
-57.153064, -123.547592
200.013868, -110.887324
250.647839, 37.251345
130.822782, 187.581837
38.791675, 233.546923
24.509831, 227.378130
44.563025, 232.696752
123.829768, 192.269952
238.110538, 52.367572
207.629299, -95.872937
-35.442009, -129.429121
-217.696471, -70.069910
-65.219633, -19.175646
227.790754, 20.320391
223.144646, 110.321373
-103.762979, 203.800859
-324.060447, 172.903952
-227.223460, 25.904536
-111.873921, -60.007707
-227.694829, 21.368452
-330.666494, 160.062214
-115.762513, 197.232316
213.592246, 127.316262
224.636598, 42.894580
-62.399195, -26.169774
-205.829416, -99.678471
-14.500636, -134.288544
221.408875, -57.268281
223.082913, 99.590772
79.023681, 214.608489
-11.913491, 235.318050
-34.597264, 226.063211
-27.039074, 236.722005
69.735885, 217.803701
226.312398, 112.250195
225.505919, -38.060824
-10.148427, -133.791009
-191.314544, -125.300803
-47.643768, -36.278933
213.996079, 80.667367
175.028723, 166.812365
-155.135475, 168.031337
-348.823840, 77.605799
-225.621627, -37.368802
-101.104747, -88.110542
-224.702133, -42.549941
-352.063708, 61.228510
-166.355858, 156.930795
159.023008, 182.690782
203.321192, 104.699757
-42.280481, -43.238851
-168.743480, -154.360565
14.599417, -132.388839
228.513445, 9.118752
194.666325, 159.656982
12.973158, 228.327053
-90.488561, 221.884436
-99.678471, 205.829416
-85.832602, 217.692291
1.754054, 228.688586
172.282917, 175.200758
226.519296, 31.473077
40.830087, -131.011658
-144.267688, -177.449655
-44.411190, -48.676131
178.988523, 142.353977
125.274293, 212.190659
-199.501455, 111.806599
-365.768498, -34.236765
-202.674938, -105.945341
-58.264175, -115.781151
-199.843533, -111.194011
-363.437530, -52.979044
-207.629299, 95.872937
102.416798, 223.520331
158.960420, 164.417550
-36.181167, -54.158491
-109.657975, -200.690494
66.971730, -120.841512
212.990053, 83.287354
121.382796, 215.107157
-63.021983, 219.840341
-148.752787, 179.004373
-162.454481, 160.966107
-163.711622, 176.925856
-75.060053, 216.026698
113.287563, 222.596605
202.512182, 106.256116
72.816714, -108.941144
-75.060053, -216.026698
-14.944142, -61.350206
119.073932, 195.250979
34.138235, 242.810906
-225.901603, 35.637224
-320.821391, -159.935028
-152.800953, -170.157030
-23.976630, -128.466704
-147.777425, -174.537614
-311.018577, -178.664441
-228.150660, 15.774105
5.764126, 245.757639
89.458833, 210.472476
-4.166433, -63.953901
-29.734787, -226.754026
96.146889, -87.912929
168.031337, 155.135475
44.432087, 244.190768
-139.313640, 181.364979
-214.342811, 112.002314
-210.472476, 89.458833
-207.603886, 103.084797
-150.172902, 172.480856
11.672028, 249.218880
147.777425, 174.537614
118.614168, -73.852958
12.272600, -228.365780
-0.619325, -62.025457
35.637224, 225.901603
-51.281131, 236.989167
-222.261276, -53.865307
-244.463702, -270.851032
-75.060053, -216.026698
37.893569, -128.098072
-68.063317, -218.332157
-226.446806, -285.686411
-216.026698, -75.060053
-81.429703, 227.747275
-1.052439, 228.692891
11.454211, -59.953622
63.021983, -219.840341
133.366937, -42.568313
91.713658, 209.499764
-67.694492, 241.828132
-200.690494, 109.657975
-231.243291, 15.130050
-228.662756, -3.858773
-241.696611, 9.803964
-207.629299, 95.872937
-81.649454, 231.606734
62.684678, 219.936757
128.440687, -17.772423
105.945341, -202.674938
35.365126, -57.052460
-62.009627, 220.128036
-156.006251, 194.064254
-178.988523, -142.353977
-97.231570, -349.119126
23.463194, -227.488515
78.619421, -99.467356
31.473077, -226.519296
-72.459845, -355.478937
-162.947553, -160.466946
-181.609066, 170.943026
-99.678471, 205.829416
46.388746, -49.481376
152.278199, -170.625016
128.487100, 20.219761
-9.118752, 228.513445
-156.806094, 187.229868
-228.469061, 10.170257
-224.277221, -88.084583
-203.321192, -104.699757
-210.807201, -98.961792
-228.598185, -6.664526
-186.640355, 171.111664
-42.549941, 224.702133
132.815988, 41.470632
185.962316, -133.114849
47.248753, -34.481311
-155.135475, 168.031337
-217.132061, 101.405387
-94.277636, -208.358521
63.288850, -354.494696
125.300803, -191.314544
125.693244, -52.486875
132.543698, -186.369831
90.364585, -348.198180
-69.735885, -217.803701
-230.243644, 66.221342
-184.314789, 135.386869
54.070522, -21.565151
214.608489, -79.023681
113.882939, 77.997641
-116.064927, 197.054507
-236.927885, 90.911641
-205.829416, -99.678471
-145.044795, -184.765628
-128.511013, -189.173110
-147.640268, -187.521196
-197.232316, -115.762513
-235.918338, 59.507866
-145.894780, 176.114335
85.952293, 101.071045
227.223460, -25.904536
68.162980, -7.472318
-217.480475, 70.737464
-249.061807, -17.656454
20.320391, -227.790754
239.895563, -277.649259
203.481560, -104.387743
125.085178, 17.103639
207.629299, -95.872937
261.931204, -257.284784
48.394519, -223.516256
-242.547276, -57.607207
-227.378130, 24.509831
67.673308, 8.191883
225.146065, 40.134713
48.635048, 125.316053
-200.013868, 110.887324
-240.123003, -42.696219
-126.179892, -190.735893
-40.234356, -232.552339
-13.323392, -228.306884
-20.131157, -237.147557
-109.349990, -200.858471
-242.829424, -70.556011
-216.026698, 75.060053
31.058329, 130.607912
207.481988, 96.191324
51.941739, 29.608795
-222.343643, -53.524299
-192.678706, -146.090164
137.077523, -183.060915
340.126766, -109.054443
227.911150, 18.922311
107.124678, 80.373529
226.844184, 29.038975
348.602651, -77.933250
160.216799, -163.193515
-163.998250, -178.834865
-205.058845, -101.254216
42.559877, 43.690754
168.031337, 155.135475
-16.664127, 131.328618
-228.197980, -15.074075
-188.603376, -165.784242
-2.104856, -228.685626
103.190133, -217.274911
113.638026, -198.463964
102.992101, -209.011996
18.922311, -227.911150
-153.792189, -192.974983
-221.583530, -56.588738
-56.450447, 126.397386
119.373303, 195.068092
36.837176, 53.073102
-154.877536, -168.269114
-88.440656, -228.354515
216.026698, -75.060053
352.881882, 99.991021
177.891427, 143.722601
33.154095, 127.149884
170.858407, 152.016285
341.642299, 132.549689
224.503942, -43.583553
-43.420374, -239.944707
-110.887324, -200.013868
20.107144, 59.763951
49.080029, 223.366731
-99.042999, 98.453276
-178.111686, -143.449550
-48.640369, -244.545044
130.246673, -187.982313
199.738114, -117.176730
207.629299, -95.872937
215.335359, -110.727104
148.044989, -174.310721
-22.452782, -246.049362
-146.703701, -175.441073
-109.695026, 68.968125
-17.873280, 227.995815
-11.532279, 64.991518
-25.904536, -227.223460
73.643481, -236.897453
218.539945, 67.393163
214.664105, 290.239829
57.607850, 221.320766
-39.014515, 121.474620
46.335280, 223.952200
184.399019, 310.982157
205.829416, 99.678471
119.497501, -218.326724
31.820516, -226.470750
-30.101321, 60.202099
-95.872937, 207.629299
-128.337657, 17.978125
-54.546941, -222.094973
99.952884, -223.330674
217.803701, -69.735885
239.835498, 28.697256
222.905550, 51.133763
227.920231, 44.862771
223.880859, -46.678764
143.775733, -208.188792
-7.365824, -228.576662
-138.967165, -13.109501
-155.135475, 168.031337
-39.247222, 43.435856
120.865930, -194.146782
194.997644, -139.164722
128.801050, 188.975754
-3.663890, 360.332947
-93.637958, 208.646780
-116.679288, 70.537510
-104.699757, 203.321192
-42.449824, 357.300129
96.827417, 207.185900
220.492577, -93.265317
168.031337, -155.135475
-51.361480, 27.037780
-205.982078, 99.362616
-120.502848, -67.455306
99.678471, -205.829416
229.709152, -108.285031
211.951951, 85.894798
155.479435, 176.267695
137.918504, 182.428156
155.611996, 180.666763
201.193007, 108.733251
234.155614, -65.579849
142.353977, -178.988523
-87.181474, -100.504186
-227.101844, 26.949927
-68.165898, 7.835972
218.227492, -68.398154
248.651521, 21.587411
-26.253062, 227.183456
-249.061609, 270.125280
-207.629299, 95.872937
-124.182383, -24.027491
-212.733528, 83.940407
-277.844730, 240.772656
-64.369712, 219.449507
237.058395, 75.786323
228.649841, -4.560283
-66.443465, -13.537602
-219.840341, -63.021983
-34.689938, -131.036487
211.687432, -86.544654
233.050050, 73.686693
99.678471, 205.829416
6.927476, 234.616359
-20.669794, 227.759315
-16.857736, 238.751252
75.060053, 216.026698
226.966757, 109.587588
225.956004, -35.290654
-5.977562, -132.580894
-184.935878, -134.537233
-45.176243, -41.055715
206.285949, 98.730204
156.815713, 185.964538
-174.537614, 147.777425
-356.391968, 25.745611
-216.820214, -72.736104
-83.785511, -102.402049
-212.083463, -85.569567
-357.151781, -17.609308
-198.114393, 114.246370
108.661697, 219.117775
168.031337, 155.135475
-28.345789, -56.259972
-114.246370, -198.114393
56.222776, -117.814515
212.083463, 85.569567
125.439031, 215.093461
-72.736104, 216.820214
-169.520520, 172.674853
-174.537614, 147.777425
-169.677748, 157.605478
-98.730204, 206.285949
73.630365, 238.127096
184.935878, 134.537233
99.621037, -98.378620
-35.290654, -225.956004
-12.825533, -60.580859
75.060053, 216.026698
-11.999210, 241.848213
-227.759315, -20.669794
-278.147733, -235.876348
-99.678471, -205.829416
24.877455, -131.886027
-86.544654, -211.687432
-246.098670, -268.244767
-219.840341, -63.021983
-72.258268, 229.895181
4.560283, 228.649841
10.919487, -58.984654
64.369712, -219.449507
134.193665, -40.921699
83.940407, 212.733528
-80.117897, 239.353820
-207.629299, 95.872937
-231.824258, -5.595937
-227.183456, -26.253062
-241.103352, -15.937051
-218.227492, 68.398154
-114.252971, 215.612144
26.949927, 227.101844
129.761569, 6.863304
142.353977, -178.988523
46.064694, -50.811338
-108.733251, 201.193007
-196.882958, 154.501271
-137.918504, -182.428156
-1.920792, -364.901745
85.894798, -211.951951
104.543452, -69.381879
99.678471, -205.829416
45.809021, -362.679965
-99.362616, -205.982078
-229.884656, 99.232651
-168.031337, 155.135475
61.519754, -31.295176
207.185900, -96.827417
109.223154, 74.191597
-104.699757, 203.321192
-222.881264, 96.701807
-208.646780, -93.637958
-157.832048, -178.339100
-128.801050, -188.975754
-135.315523, -193.378236
-194.146782, -120.865930
-248.154852, 53.991540
-155.135475, 168.031337
89.026846, 102.822772
228.576662, -7.365824
58.445562, 2.725969
-223.880859, 46.678764
-234.879810, -51.578598
51.133763, -222.905550
268.599213, -235.148060
217.803701, -69.735885
130.277073, 35.658067
222.094973, -54.546941
298.718678, -195.216246
95.872937, -207.629299
-212.446196, -115.153711
-226.470750, -31.820516
53.034969, 28.298783
205.829416, 99.678471
21.231441, 131.165079
-223.952200, 46.335280
-225.214604, -112.524229
-57.607850, -221.320766
50.712085, -235.065230
67.393163, -218.539945
57.019955, -225.872243
-25.904536, -227.223460
-186.130661, -161.616678
-227.995815, -17.873280
-35.977276, 133.926831
146.703701, 175.441073
43.907511, 47.349457
-174.310721, -148.044989
-113.276712, -216.814014
207.629299, -95.872937
360.309629, 68.825875
187.982313, 130.246673
40.791325, 125.518111
178.111686, 143.449550
346.336714, 119.122760
223.366731, -49.080029
-46.361107, -238.508745
-110.887324, -200.013868
19.326708, 58.997154
43.583553, 224.503942
-102.511718, 95.875163
-170.858407, -152.016285
-33.680912, -248.327667
143.722601, -177.891427
209.219959, -98.220473
216.026698, -75.060053
226.028521, -87.832803
168.269114, -154.877536
11.096130, -245.188824
-119.373303, -195.068092
-119.518412, 48.893012
-56.588738, 221.583530
-22.946956, 63.686245
18.922311, -227.911150
120.800752, -218.542960
198.463964, 113.638026
142.123926, 334.151737
2.104856, 228.685626
-69.034760, 105.221729
-15.074075, 228.197980
90.851956, 352.465864
168.031337, 155.135475
179.477066, -174.606417
101.254216, -205.058845
-47.662183, 49.831633
-160.216799, 163.193515
-126.952811, -30.693432
29.038975, -226.844184
176.130351, -167.286230
227.911150, 18.922311
208.731531, 117.772109
183.060915, 137.077523
188.931999, 138.931585
222.343643, 53.524299
220.130698, -127.396513
96.191324, -207.481988
-116.930841, -72.137527
-216.026698, 75.060053
-55.701653, 15.496044
200.858471, -109.349990
238.908668, -18.279799
13.323392, 228.306884
-192.491550, 300.950082
-190.735893, 126.179892
-135.942710, -0.469695
-200.013868, 110.887324
-237.444805, 266.445925
-40.134713, 225.146065
233.615158, 57.873384
227.378130, -24.509831
-57.500625, -14.010756
-223.516256, -48.394519
-51.707324, -123.402688
207.629299, -95.872937
245.292317, 60.347887
104.387743, 203.481560
-0.131760, 239.860250
-20.320391, 227.790754
-9.069386, 233.327319
70.737464, 217.480475
213.468030, 121.667977
227.223460, -25.904536
11.015930, -137.792237
-176.114335, -145.894780
-52.148676, -39.278527
197.232316, 115.762513
148.601671, 195.118109
-189.173110, 128.511013
-367.159348, -11.078751
-205.829416, -99.678471
-58.668441, -117.670575
-197.054507, -116.064927
-360.079701, -69.503724
-214.608489, 79.023681
77.732129, 230.575630
135.386869, 184.314789
-26.773685, -56.382361
-69.735885, -217.803701
91.332780, -106.718270
186.369831, 132.543698
59.042981, 243.363033
-125.300803, 191.314544
-198.665265, 117.709045
-208.358521, 94.277636
-217.911961, 106.881394
-155.135475, 168.031337
7.947635, 245.294111
133.114849, 185.962316
115.753574, -56.773837
42.549941, -224.702133
19.364461, -65.028359
-6.664526, 228.598185
-110.070367, 224.365608
-203.321192, -104.699757
-155.223974, -328.422891
-10.170257, -228.469061
65.691833, -107.040503
9.118752, -228.513445
-98.344621, -350.728769
-170.625016, -152.278199
-177.348841, 177.136929
-99.678471, 205.829416
47.510005, -50.365130
160.466946, -162.947553
126.787977, 31.905881
-31.473077, 226.519296
-178.728129, 164.083991
-227.488515, -23.463194
-205.699597, -122.331265
-178.988523, -142.353977
-184.241595, -145.802455
-220.128036, -62.009627
-225.267127, 118.449710
-105.945341, 202.674938
112.854852, 77.464749
219.936757, -62.684678
56.728748, -11.332715
-207.629299, 95.872937
-239.809737, 0.623406
3.858773, -228.662756
216.091568, -283.839720
200.690494, -109.657975
135.107035, 11.682874
209.499764, -91.713658
262.698304, -240.976343
63.021983, -219.840341
-226.371891, -83.539260
-228.692891, -1.052439
55.809109, 21.615560
216.026698, 75.060053
35.465234, 127.853500
-218.332157, 68.063317
-234.563746, -91.699455
-75.060053, -216.026698
34.198676, -238.513193
53.865307, -222.261276
45.035874, -227.990242
-35.637224, -225.901603
-191.399612, -155.882695
-228.365780, -12.272600
-33.944979, 135.193101
147.777425, 174.537614
43.737686, 46.660977
-172.480856, -150.172902
-108.521072, -218.279850
210.472476, -89.458833
357.157235, 82.126443
181.364979, 139.313640
33.577718, 128.788150
168.031337, 155.135475
335.977530, 144.107060
226.754026, -29.734787
-23.244839, -240.533151
-89.458833, -210.472476
12.220147, 59.408288
15.774105, 228.150660
-113.891926, 83.054801
-147.777425, -174.537614
3.509629, -252.167810
170.157030, -152.800953
223.161568, -59.992512
225.901603, -35.637224
237.968964, -46.043362
195.250979, -119.073932
61.397597, -235.862676
-75.060053, -216.026698
-127.915780, 19.125618
-106.256116, 202.512182
-37.005534, 58.422548
75.060053, -216.026698
172.477391, -182.216532
160.966107, 162.454481
45.153531, 362.691837
-63.021983, 219.840341
-97.496342, 77.936656
-83.287354, 212.990053
-22.512292, 365.770831
109.657975, 200.690494
226.148959, -108.656950
164.417550, -158.960420
-61.228831, 33.028342
-207.629299, 95.872937
-107.908883, -77.497866
111.194011, -199.843533
227.230007, -84.895784
202.674938, 105.945341
144.085944, 187.872536
111.806599, 199.501455
115.336402, 207.804028
178.988523, 142.353977
252.720874, -23.543331
177.449655, -144.267688
-71.549548, -113.404129
-226.519296, -31.473077
-57.375229, -15.563373
228.688586, -1.754054
219.260845, 102.115303
-99.678471, 205.829416
-317.184063, 162.293136
-228.327053, 12.973158
-115.717565, -66.112943
-228.513445, -9.118752
-343.100094, 97.298232
-154.360565, 168.743480
165.667966, 179.443971
203.321192, 104.699757
-40.760954, -47.869932
-156.930795, -166.355858
29.249280, -126.490511
224.702133, 42.549941
161.987806, 188.728042
-37.368802, 225.621627
-143.892014, 195.739292
-155.135475, 168.031337
-152.106797, 173.304491
-80.667367, 213.996079
89.385098, 233.908992
191.314544, 125.300803
96.599415, -102.860334
-38.060824, -225.505919
-12.407728, -59.000751
69.735885, 217.803701
-22.501273, 239.263601
-226.063211, -34.597264
-258.262990, -255.251864
-79.023681, -214.608489
39.774069, -130.329375
-57.268281, -221.408875
-201.882720, -300.268937
-205.829416, -99.678471
-114.817378, 209.458677
-42.894580, 224.636598
24.362880, -52.183762
115.762513, -197.232316
139.730811, -7.541193
21.368452, 227.694829
-146.880272, 208.126843
-227.223460, 25.904536
-217.454036, -85.481871
-203.800859, -103.762979
-218.001474, -99.334009
-227.790754, -20.320391
-191.496779, 148.130735
-70.069910, 217.696471
114.597613, 66.451911
207.629299, -95.872937
63.822097, -27.768396
-192.269952, 123.829768
-247.074591, 40.352089
-24.509831, -227.378130
191.099143, -315.192165
187.581837, -130.822782
126.046791, 6.064818
200.013868, -110.887324
250.661881, -270.676098
45.647986, -224.093300
-241.363242, -59.369915
-228.306884, 13.323392
66.638540, 10.550140
219.350507, 64.706267
30.757634, 134.239865
-216.026698, 75.060053
-226.911167, -93.766777
-78.694383, -214.729458
22.115409, -231.017924
53.524299, -222.343643
56.373981, -235.457268
-32.515169, -226.372061
-198.000671, -152.262257
-227.911150, -18.922311
-28.853672, 126.211228
139.869405, 180.936717
31.150408, 56.463975
-163.193515, -160.216799
-83.407005, -232.633008
216.596042, -73.400957
338.942950, 118.871245
168.031337, 155.135475
31.035337, 124.040742
150.701359, 172.019320
307.201957, 188.597189
228.685626, -2.104856
18.192509, -248.829033
-59.980996, -220.689434
-6.825479, 67.792051
-18.922311, 227.911150
-115.212847, 56.722511
-116.668936, -196.697497
36.858815, -240.586326
195.068092, -119.373303
240.992445, -23.781890
228.499188, 9.469276
231.802237, 10.500522
216.026698, -75.060053
122.179275, -223.620522
-24.161009, -227.415460
-139.474829, -4.464622
-152.016285, 170.858407
-39.709313, 40.556301
127.930034, -189.566486
203.718213, -123.520610
110.887324, 200.013868
-46.900983, 354.228789
-123.239309, 192.648952
-126.848250, 52.546086
-143.449550, 178.111686
-123.201804, 334.519156
40.825263, 225.021874
238.251297, -23.450798
207.629299, -95.872937
-57.890497, 4.044777
-227.939908, 18.572677
-84.724663, -104.107523
175.441073, -146.703701
253.485506, -2.231332
148.579070, 173.855705
50.945877, 234.745617
25.904536, 227.223460
35.140472, 230.281770
106.876914, 202.185240
229.297620, 87.713872
221.320766, -57.607850
-5.949946, -139.023317
-191.122110, -125.594128
-55.940402, -33.066476
205.829416, 99.678471
161.046202, 183.915702
-182.639506, 137.638501
-367.411814, 2.697280
-207.629299, -95.872937
-59.040419, -119.025571
-195.615374, -118.474350
-357.917404, -77.725631
-217.803701, 69.735885
63.970190, 232.859756
121.460996, 193.775057
-21.374435, -56.522689
-46.678764, -223.880859
103.052345, -97.234362
166.836532, 156.419684
22.373768, 251.809842
-155.135475, 168.031337
-217.127234, 77.502347
-222.747625, 51.817387
-234.918276, 61.401544
-188.975754, 128.801050
-51.806776, 237.165524
81.323518, 213.747588
127.485972, -20.412147
104.699757, -203.321192
37.161102, -59.482274
-78.035232, 214.969878
-176.795976, 179.212868
-155.135475, -168.031337
-28.597984, -365.781241
75.391345, -215.911304
102.782018, -69.673690
99.678471, -205.829416
54.599798, -363.949165
-89.135867, -210.609456
-236.353710, 84.810581
-182.428156, 137.918504
64.579362, -26.548110
219.150959, -65.378921
95.328575, 95.056793
-142.353977, 178.988523
-239.127403, 41.964453
-179.641730, -141.528777
-104.010585, -210.147371
-68.398154, -218.227492
-68.417871, -230.167772
-142.079244, -179.206680
-250.326904, -34.553603
-207.629299, 95.872937
39.062786, 125.416024
209.780151, 91.070490
51.652432, 33.657374
-219.449507, -64.369712
-179.617906, -165.876797
158.455246, -164.904460
353.394946, -49.456197
219.840341, 63.021983
85.339519, 98.376683
210.881930, 88.489307
356.201692, 35.955260
205.829416, -99.678471
-86.206787, -232.310549
-146.434405, -175.665907
19.391896, 63.692690
75.060053, 216.026698
-80.776919, 98.919233
-184.729283, -134.820762
-61.564753, -236.860998
134.537233, -184.935878
216.275594, -112.078043
215.678990, -76.053397
217.629254, -75.742049
174.537614, -147.777425
36.957577, -251.672026
-101.882851, -204.747236
-134.388730, 42.913396
-85.569567, 212.083463
-22.280660, 52.059872
59.303648, -220.872414
151.882454, -182.735543
168.031337, 155.135475
66.051626, 352.021752
-59.303648, 220.872414
-107.155031, 87.241495
-85.569567, 212.083463
-21.482447, 356.213101
101.882851, 204.747236
221.408321, -87.938269
174.537614, -147.777425
-53.473541, 19.379347
-215.678990, 76.053397
-109.265551, -80.070063
134.537233, -184.935878
246.959961, -61.967749
184.729283, 134.820762
101.315029, 217.021422
75.060053, 216.026698
84.504238, 217.686906
146.434405, 175.665907
241.222255, 39.675335
205.829416, -99.678471
-31.162045, -135.308220
-210.881930, -88.489307
-61.810943, -22.673600
219.840341, 63.021983
190.007888, 154.817291
-158.455246, 164.904460
-363.457939, 58.880047
-219.449507, -64.369712
-74.486540, -109.666767
-209.780151, -91.070490
-365.583193, -30.905646
-207.629299, 95.872937
91.204193, 223.598623
142.079244, 179.206680
-27.663015, -53.693980
-68.398154, -218.227492
94.136531, -106.647350
179.641730, 141.528777
41.972490, 249.637399
-142.353977, 178.988523
-211.072597, 91.500071
-219.150959, 65.378921
-231.442866, 74.803478
-182.428156, 137.918504
-41.364796, 238.581920
89.135867, 210.609456
126.649798, -23.662828
99.678471, -205.829416
36.149669, -60.868238
-75.391345, 215.911304
-175.722833, 181.068777
-155.135475, -168.031337
-26.382770, -366.787516
78.035232, -214.969878
104.135917, -66.868371
104.699757, -203.321192
65.590602, -363.069382
-81.323518, -213.747588
-239.571464, 75.615497
-188.975754, 128.801050
65.682474, -24.041082
222.747625, -51.817387
89.021747, 102.434503
-155.135475, 168.031337
-242.089134, 21.544318
-166.836532, -156.419684
-83.821091, -217.516604
-46.678764, -223.880859
-44.571510, -237.410379
-121.460996, -193.775057
-244.061811, -61.997042
-217.803701, 69.735885
22.021385, 127.885572
195.615374, 118.474350
47.061297, 42.169556
-207.629299, -95.872937
-152.874069, -193.027519
182.639506, -137.638501
357.476858, 11.226487
205.829416, 99.678471
65.761074, 110.129342
191.122110, 125.594128
343.849799, 104.526852
221.320766, -57.607850
-38.649712, -246.849250
-106.876914, -202.185240
6.347478, 68.385903
25.904536, 227.223460
-101.995097, 76.099426
-148.579070, -173.855705
-2.592226, -242.526944
175.441073, -146.703701
236.240338, -56.967359
227.939908, -18.572677
231.027429, -14.032053
207.629299, -95.872937
102.943516, -234.474971
-40.825263, -225.021874
-139.770013, 5.410962
-143.449550, 178.111686
-38.020504, 40.554959
123.239309, -192.648952
202.130464, -124.452019
110.887324, 200.013868
-51.297978, 351.940805
-127.930034, 189.566486
-128.534924, 49.656563
-152.016285, 170.858407
-143.749787, 324.387874
24.161009, 227.415460
239.754602, -0.841549
216.026698, -75.060053
-58.453800, -4.579226
-228.499188, -9.469276
-69.375036, -112.204596
195.068092, -119.373303
249.957955, 35.565076
116.668936, 196.697497
7.872866, 242.749422
-18.922311, 227.911150
-14.160564, 229.775298
59.980996, 220.689434
203.757721, 141.261784
228.685626, -2.104856
28.663008, -139.040333
-150.701359, -172.019320
-43.420444, -44.093548
168.031337, 155.135475
96.807951, 220.564379
-216.596042, 73.400957
-347.055096, -113.414302
-163.193515, -160.216799
-15.191659, -135.855516
-139.869405, -180.936717
-302.077410, -201.190855
-227.911150, -18.922311
-34.404748, 235.186471
32.515169, 226.372061
5.622823, -56.082768
53.524299, -222.343643
133.681977, -46.554979
78.694383, 214.729458
-94.475488, 238.361933
-216.026698, 75.060053
-229.274302, -41.509008
-219.350507, -64.706267
-232.146774, -60.358661
-228.306884, 13.323392
-170.300436, 169.679800
-45.647986, 224.093300
119.815185, 57.640189
200.013868, -110.887324
62.432944, -33.429201
-187.581837, 130.822782
-246.372203, 47.257887
-24.509831, -227.378130
196.797741, -314.176177
192.269952, -123.829768
125.737579, 15.763387
207.629299, -95.872937
274.119901, -249.444088
70.069910, -217.696471
-231.240156, -86.734458
-227.790754, -20.320391
63.364929, 18.026052
203.800859, 103.762979
3.875830, 141.267974
-227.223460, 25.904536
-199.077661, -148.683705
-21.368452, -227.694829
85.223351, -212.207822
115.762513, -197.232316
125.055815, -210.926664
42.894580, -224.636598
-132.680157, -206.399625
-205.829416, -99.678471
-75.552141, 101.292424
57.268281, 221.408875
6.525552, 69.243460
-79.023681, -214.608489
27.193512, -250.683531
226.063211, 34.597264
242.714341, 271.551396
69.735885, 217.803701
-37.910544, 116.872366
38.060824, 225.505919
158.211852, 330.608300
191.314544, 125.300803
155.366257, -200.133537
80.667367, -213.996079
-44.544723, 56.559406
-155.135475, 168.031337
-126.874613, -35.186643
37.368802, -225.621627
187.687975, -149.993436
224.702133, 42.549941
190.173450, 140.552168
156.930795, 166.355858
157.101428, 179.771454
203.321192, 104.699757
245.710237, -68.902314
154.360565, -168.743480
-85.409806, -101.068961
-228.513445, -9.118752
-58.057165, -14.258747
228.327053, -12.973158
221.592178, 99.906439
-99.678471, 205.829416
-321.151022, 151.003276
-228.688586, 1.754054
-110.283579, -70.726478
-226.519296, -31.473077
-352.852847, 50.575645
-177.449655, 144.267688
133.127503, 209.396502
178.988523, 142.353977
-30.000560, -60.196198
-111.806599, -199.501455
62.773914, -109.254704
202.674938, 105.945341
93.647667, 224.862227
-111.194011, 199.843533
-203.628972, 136.296295
-207.629299, 95.872937
-210.444101, 91.026709
-164.417550, 158.960420
-24.094837, 255.207166
109.657975, 200.690494
133.455202, -48.288360
83.287354, -212.990053
22.424851, -49.758222
-63.021983, 219.840341
-157.542667, 175.610282
-160.966107, -162.454481
-45.166274, -352.740392
75.060053, -216.026698
113.844477, -80.412812
106.256116, -202.512182
62.225577, -348.641684
-75.060053, -216.026698
-232.238078, 52.912910
-195.250979, 119.073932
56.755795, -6.949362
225.901603, -35.637224
90.636055, 96.503822
-170.157030, 152.800953
-253.527493, 9.089619
-147.777425, -174.537614
-45.245130, -239.104628
-15.774105, -228.150660
-19.991274, -228.670625
-89.458833, -210.472476
-219.335873, -114.731097
-226.754026, 29.734787
-13.511438, 142.284678
168.031337, 155.135475
48.213455, 38.661568
-181.364979, -139.313640
-115.304216, -210.761674
210.472476, -89.458833
354.391576, 88.638416
172.480856, 150.172902
21.876354, 136.065682
147.777425, 174.537614
309.554958, 188.671470
228.365780, 12.272600
29.168976, -234.527483
-35.637224, -225.901603
-5.200166, 54.691927
-53.865307, 222.261276
-134.084803, 46.829213
-75.060053, -216.026698
100.178897, -237.562049
218.332157, -68.063317
227.651951, 52.293725
216.026698, 75.060053
228.149705, 71.317154
228.692891, 1.052439
182.247465, -155.399127
63.021983, -219.840341
-114.930924, -69.649048
-209.499764, 91.713658
-64.894410, 28.981186
200.690494, -109.657975
249.505373, -20.405897
-3.858773, 228.662756
-235.629900, 287.780716
-207.629299, 95.872937
-122.940691, -36.359848
-219.936757, 62.684678
-309.917050, 204.192863
-105.945341, 202.674938
211.177018, 123.780680
220.128036, 62.009627
-57.573007, -27.245943
-178.988523, -142.353977
24.227623, -141.725643
227.488515, 23.463194
162.411230, 192.006158
-31.473077, 226.519296
-134.507756, 183.033483
-160.466946, 162.947553
-172.653914, 175.657987
-99.678471, 205.829416
71.237536, 231.167948
170.625016, 152.278199
102.679745, -72.679632
9.118752, -228.513445
12.518053, -71.433564
10.170257, 228.469061
-101.912753, 233.296877
-203.321192, -104.699757
-143.094390, -339.329222
6.664526, -228.598185
77.366903, -93.331600
42.549941, -224.702133
-32.948848, -369.035861
-133.114849, -185.962316
-216.017449, 132.747118
-155.135475, 168.031337
60.560608, -39.269625
208.358521, -94.277636
104.810259, 86.826409
-125.300803, 191.314544
-235.129969, 55.333378
-186.369831, -132.543698
-109.995325, -203.592860
-69.735885, -217.803701
-64.870048, -235.019171
-135.386869, -184.314789
-247.692490, -45.014210
-214.608489, 79.023681
25.793779, 124.413396
197.054507, 116.064927
46.861399, 45.291445
-205.829416, -99.678471
-146.379922, -201.221323
189.173110, -128.511013
356.290664, 37.537431
197.232316, 115.762513
54.558921, 112.378817
176.114335, 145.894780
328.630758, 150.520514
227.223460, -25.904536
-0.482537, -253.727624
-70.737464, -217.480475
-5.560165, 72.438334
-20.320391, 227.790754
-117.108353, 47.994467
-104.387743, -203.481560
58.362330, -231.245308
207.629299, -95.872937
241.426102, 5.661566
223.516256, 48.394519
225.805791, 61.974753
227.378130, -24.509831
173.712695, -191.736201
40.134713, -225.146065
-130.452522, -40.328231
-200.013868, 110.887324
-52.735437, 16.892781
190.735893, -126.179892
237.679656, -22.463099
13.323392, 228.306884
-205.267974, 285.899604
-200.858471, 109.349990
-134.504116, -10.956238
-216.026698, 75.060053
-289.205897, 202.257313
-96.191324, 207.481988
206.572578, 132.430962
222.343643, 53.524299
-48.654984, -43.137074
-183.060915, -137.077523
10.857556, -124.411505
227.911150, 18.922311
175.302239, 171.609886
-29.038975, 226.844184
-143.427439, 201.753767
-160.216799, 163.193515
-163.066188, 157.213486
-101.254216, 205.058845
58.188882, 249.953875
168.031337, 155.135475
114.504117, -88.401805
15.074075, -228.197980
4.335095, -53.057741
2.104856, 228.685626
-100.684569, 211.075653
-198.463964, -113.638026
-136.802523, -327.956156
18.922311, -227.911150
93.284782, -106.664540
56.588738, -221.583530
-18.678030, -352.406402
-119.373303, -195.068092
-214.778933, 97.781125
-168.269114, 154.877536
52.849757, -15.893424
216.026698, -75.060053
107.029878, 78.340300
-143.722601, 177.891427
-250.633932, 48.608353
-170.858407, -152.016285
-75.123571, -232.810252
-43.583553, -224.503942
-46.798224, -223.113953
-110.887324, -200.013868
-228.351886, -95.292817
-223.366731, 49.080029
-3.312049, 144.902165
178.111686, 143.449550
50.981983, 33.692394
-187.982313, -130.246673
-124.070248, -203.804889
207.629299, -95.872937
356.524004, 78.716294
174.310721, 148.044989
22.125552, 138.391964
146.703701, 175.441073
306.650818, 190.898176
227.995815, 17.873280
37.180209, -230.802147
-25.904536, -227.223460
-8.298974, 51.627896
-67.393163, 218.539945
-136.658939, 40.091405
-57.607850, -221.320766
120.358827, -230.670020
223.952200, -46.335280
221.405594, 79.458701
205.829416, 99.678471
216.594668, 96.185997
226.470750, 31.820516
203.626640, -124.283297
95.872937, -207.629299
-103.214045, -90.778707
-222.094973, 54.546941
-67.844383, 20.398156
217.803701, -69.735885
247.264502, 25.719145
-51.133763, 222.905550
-290.784461, 233.900900
-223.880859, 46.678764
-112.614186, -68.103504
-228.576662, 7.365824
-349.633881, 123.662386
-155.135475, 168.031337
168.122454, 171.877518
194.146782, 120.865930
-45.339776, -38.228567
-128.801050, -188.975754
64.190745, -132.149212
208.646780, 93.637958
94.055365, 238.828626
-104.699757, 203.321192
-191.037014, 121.574220
-207.185900, 96.827417
-221.530488, 107.462355
-168.031337, 155.135475
-23.008122, 235.847015
99.362616, 205.982078
125.619682, -21.376861
99.678471, -205.829416
37.771676, -65.619298
-85.894798, 211.951951
-188.444603, 173.590873
-137.918504, -182.428156
18.341859, -373.494524
108.733251, -201.193007
114.645428, -41.535996
142.353977, -178.988523
142.709467, -346.741978
-26.949927, -227.101844
-250.011896, 16.177194
-218.227492, 68.398154
68.660683, -9.764814
227.183456, 26.253062
47.623729, 135.502799
-207.629299, 95.872937
-231.653854, -86.664806
-83.940407, -212.733528
24.684995, -223.350234
64.369712, -219.449507
76.340293, -237.544306
-4.560283, -228.649841
-171.006659, -173.556486
-219.840341, -63.021983
-57.762358, 107.449291
86.544654, 211.687432
13.376772, 72.385505
-99.678471, -205.829416
8.028271, -256.607742
227.759315, 20.669794
253.512130, 265.627005
75.060053, 216.026698
-36.807565, 112.151839
35.290654, 225.956004
147.858876, 340.469625
184.935878, 134.537233
168.405018, -194.585494
98.730204, -206.285949
-49.849795, 57.231794
-174.537614, 147.777425
-121.236240, -58.541559
72.736104, -216.820214
212.070060, -108.294851
212.083463, 85.569567
154.838413, 171.484082
114.246370, 198.114393
108.629374, 219.853946
168.031337, 155.135475
253.733809, -3.084971
198.114393, -114.246370
-47.020758, -115.866611
-212.083463, -85.569567
-51.051594, -41.381145
216.820214, 72.736104
167.388083, 185.903224
-174.537614, 147.777425
-357.033492, -6.716942
-206.285949, -98.730204
-63.698308, -104.763263
-184.935878, -134.537233
-335.201432, -136.599362
-225.956004, 35.290654
7.625880, 257.131635
75.060053, 216.026698
5.343797, -76.151716
20.669794, -227.759315
117.425773, -42.756960
99.678471, 205.829416
-66.055564, 225.211661
-211.687432, 86.544654
-240.636118, -14.905327
-219.840341, -63.021983
-220.686823, -83.312703
-228.649841, 4.560283
-191.193243, 178.153452
-64.369712, 219.449507
124.048335, 51.090340
212.733528, -83.940407
55.424726, -4.627974
-207.629299, 95.872937
-239.196557, -21.152033
26.253062, -227.183456
255.323048, -238.488587
218.227492, -68.398154
128.069782, 32.999125
227.101844, -26.949927
328.848744, -126.616048
142.353977, -178.988523
-169.364734, -184.706043
-201.193007, -108.733251
37.265808, 60.271339
137.918504, 182.428156
-48.193976, 110.136151
-211.951951, -85.894798
-111.749397, -211.140898
99.678471, -205.829416
199.328628, -149.801937
205.982078, -99.362616
210.155165, -84.046987
168.031337, -155.135475
35.317122, -260.513651
-96.827417, -207.185900
-137.005213, 43.911799
-104.699757, 203.321192
-28.601896, 39.541489
93.637958, -208.646780
184.407613, -140.414594
128.801050, 188.975754
-27.459640, 346.952753
-120.865930, 194.146782
-128.808089, 58.703550
-155.135475, 168.031337
-158.109156, 309.240588
7.365824, 228.576662
238.510855, 31.929080
223.880859, -46.678764
-57.220203, -22.527749
-222.905550, -51.133763
-43.777738, -115.002252
217.803701, -69.735885
230.991106, 90.564402
54.546941, 222.094973
-68.405239, 242.834224
-95.872937, 207.629299
-99.034332, 197.887229
-31.820516, 226.470750
127.181432, 224.609942
205.829416, 99.678471
88.888185, -120.781287
-46.335280, -223.952200
-12.625804, -48.333160
57.607850, 221.320766
-46.135535, 224.452752
-218.539945, -67.393163
-204.572314, -288.232346
-25.904536, -227.223460
74.756639, -126.327638
17.873280, -227.995815
-76.754810, -340.456571
-146.703701, -175.441073
-197.573996, 121.165241
-148.044989, 174.310721
48.923402, -16.860013
207.629299, -95.872937
114.970995, 63.969866
-130.246673, 187.982313
-248.558845, 68.928074
-178.111686, -143.449550
-82.500428, -235.079561
-49.080029, -223.366731
-50.439361, -217.174132
-110.887324, -200.013868
-226.491764, -103.599751
-224.503942, 43.583553
-9.085216, 150.363661
170.858407, 152.016285
49.032134, 30.897380
-177.891427, -143.722601
-106.111033, -207.657591
216.026698, -75.060053
345.433689, 111.303488
154.877536, 168.269114
3.764837, 146.536573
119.373303, 195.068092
271.744181, 230.559680
221.583530, 56.588738
79.703898, -213.260164
18.922311, -227.911150
-19.933933, 41.737063
-113.638026, 198.463964
-140.888613, 14.704769
-2.104856, -228.685626
173.627550, -199.879762
228.197980, 15.074075
192.268004, 145.717589
168.031337, 155.135475
175.473663, 149.129414
205.058845, 101.254216
235.141222, -43.055944
160.216799, -163.193515
-67.474971, -129.531058
-226.844184, -29.038975
-68.016632, 2.486706
227.911150, 18.922311
214.389310, 112.054464
-137.077523, 183.060915
-358.846986, 100.840619
-222.343643, -53.524299
-74.442743, -120.152071
-207.481988, -96.191324
-364.011462, -41.413379
-216.026698, 75.060053
60.947895, 221.513644
109.349990, 200.858471
-16.290765, -45.433733
-13.323392, -228.306884
120.176401, -89.558978
126.179892, 190.735893
-47.442767, 262.517256
-200.013868, 110.887324
-230.417618, -19.174667
-225.146065, -40.134713
-238.229847, -31.011782
-227.378130, 24.509831
-165.526109, 161.772966
-48.394519, 223.516256
115.980729, 74.125977
207.629299, -95.872937
66.467787, -38.547480
-203.481560, 104.387743
-251.349531, 18.211496
20.320391, -227.790754
262.705260, -274.501607
217.480475, -70.737464
116.114177, 64.030707
227.223460, -25.904536
342.676152, -154.064395
145.894780, -176.114335
-176.742484, -157.751603
-197.232316, -115.762513
47.429625, 30.191690
128.511013, 189.173110
-67.560135, 138.827674
-205.829416, -99.678471
-82.635820, -250.535733
116.064927, -197.054507
198.324671, -99.694633
214.608489, -79.023681
231.538707, -93.567530
184.314789, -135.386869
52.136426, -222.523319
-69.735885, -217.803701
-127.393305, -6.888838
-132.543698, 186.369831
-48.728143, 66.823333
125.300803, -191.314544
219.818507, -140.138311
94.277636, 208.358521
-104.503619, 368.442323
-155.135475, 168.031337
-122.497923, 0.303601
-185.962316, 133.114849
-235.097864, 301.298787
-42.549941, 224.702133
241.003031, 52.576109
228.598185, 6.664526
-66.197334, -3.349370
-203.321192, -104.699757
3.292220, -154.646839
228.469061, -10.170257
181.438516, 181.814755
-9.118752, 228.513445
-117.812057, 181.009424
-152.278199, 170.625016
-170.777712, 191.576725
-99.678471, 205.829416
67.659441, 220.779340
162.947553, 160.466946
105.991176, -52.508156
31.473077, -226.519296
22.577262, -82.159230
-23.463194, 227.488515
-141.371062, 225.628567
-178.988523, -142.353977
-64.517977, -376.039874
62.009627, -220.128036
99.012338, -55.279653
105.945341, -202.674938
84.626740, -375.233058
-62.684678, -219.936757
-249.194775, 61.065181
-207.629299, 95.872937
70.897069, -26.801775
228.662756, 3.858773
55.203519, 140.624497
-200.690494, 109.657975
-232.702102, -84.213394
-91.713658, -209.499764
17.039522, -213.857581
63.021983, -219.840341
81.058562, -247.043228
1.052439, -228.692891
-166.180532, -169.772975
-216.026698, -75.060053
-63.265796, 92.380882
68.063317, 218.332157
4.361487, 84.371843
-75.060053, -216.026698
43.050044, -264.615512
222.261276, 53.865307
206.118278, 314.757351
35.637224, 225.901603
-56.899803, 91.087159
-12.272600, 228.365780
68.064127, 377.035528
147.777425, 174.537614
212.203130, -158.456461
150.172902, -172.480856
-63.888999, 53.801138
-210.472476, 89.458833
-97.355489, -106.592536
139.313640, -181.364979
236.818266, -16.151350
168.031337, 155.135475
79.941855, 202.445176
29.734787, 226.754026
13.526540, 259.329013
89.458833, 210.472476
229.726993, 90.163890
228.150660, -15.774105
11.989040, -109.364524
-147.777425, -174.537614
-26.685596, -76.459071
152.800953, 170.157030
52.192241, 261.160510
-225.901603, 35.637224
-300.781919, -212.322819
-119.073932, -195.250979
7.936954, -105.470343
-75.060053, -216.026698
-195.087917, -323.956483
-202.512182, -106.256116
-147.599480, 226.748365
-75.060053, 216.026698
49.442999, -74.080763
162.454481, -160.966107
119.682495, 63.623508
-63.021983, 219.840341
-204.418511, 101.213984
-212.990053, -83.287354
-158.033666, -159.253113
-109.657975, -200.690494
-95.852426, -237.486962
-158.960420, -164.417550
-256.876536, -1.798773
-207.629299, 95.872937
37.619936, 106.118985
199.843533, 111.194011
41.745362, 62.614543
-202.674938, -105.945341
-129.816061, -227.014179
199.501455, -111.806599
345.522161, 95.714897
178.988523, 142.353977
38.783062, 101.401773
144.267688, 177.449655
283.455332, 238.799670
226.519296, 31.473077
72.681154, -263.621340
-1.754054, -228.688586
-31.959660, 86.743482
-99.678471, 205.829416
-123.898801, -20.810093
-12.973158, -228.327053
149.776326, -162.296390
228.513445, 9.118752
211.343432, 98.777937
168.743480, 154.360565
157.202652, 194.304813
203.321192, 104.699757
254.086178, -80.771079
166.355858, -156.930795
-79.380348, -88.347149
-224.702133, -42.549941
-49.180474, -46.762511
225.621627, 37.368802
183.837945, 175.834243
-155.135475, 168.031337
-348.108718, 14.899372
-213.996079, -80.667367
-77.955347, -84.343430
-191.314544, -125.300803
-332.239638, -142.446967
-225.505919, 38.060824
-0.609537, 273.695352
69.735885, 217.803701
14.935790, -92.720148
34.597264, -226.063211
114.455816, -16.031116
79.023681, 214.608489
-86.115889, 198.382739
-221.408875, 57.268281
-240.912873, -33.480123
-205.829416, -99.678471
-195.873519, -141.974076
-224.636598, -42.894580
-231.178595, 149.424972
-115.762513, 197.232316
110.944692, 62.339313
227.694829, -21.368452
50.063697, 31.802132
-227.223460, 25.904536
-214.711629, -119.458735
103.762979, -203.800859
321.095576, -107.818299
227.790754, 20.320391
107.725929, 60.093498
217.696471, 70.069910
347.947055, 50.176127
207.629299, -95.872937
-60.690731, -264.785931
-123.829768, -192.269952
-0.623636, 93.839187
24.509831, 227.378130
-96.491337, 44.269574
-130.822782, -187.581837
23.267840, -213.275066
200.013868, -110.887324
251.762530, -27.946622
224.093300, 45.647986
214.676804, 89.839722
228.306884, -13.323392
198.042118, -201.521705
64.706267, -219.350507
-132.762602, -33.487211
-216.026698, 75.060053
-46.075969, -19.432613
214.729458, -78.694383
226.607728, 66.292413
-53.524299, 222.343643
-277.395459, 178.689471
-226.372061, 32.515169
-128.691344, -33.537416
-227.911150, -18.922311
-340.213394, 29.025712
-180.936717, 139.869405
107.883304, 245.096965
163.193515, 160.216799
-9.852836, -92.098730
-73.400957, -216.596042
74.545302, -63.672910
168.031337, 155.135475
32.816746, 212.931362
-172.019320, 150.701359
-250.369572, 80.624063
-228.685626, 2.104856
-218.529912, -43.832748
-220.689434, 59.980996
-162.839546, 238.104474
-18.922311, 227.911150
146.883628, 5.700889
196.697497, -116.668936
38.913449, 10.322919
-195.068092, 119.373303
-225.087570, -21.212644
9.469276, -228.499188
227.808425, -228.241363
216.026698, -75.060053
142.810087, 8.198035
227.415460, -24.161009
318.773685, -91.414362
152.016285, -170.858407
-140.824227, -221.612219
-189.566486, -127.930034
16.172782, 89.223319
110.887324, 200.013868
-51.998902, 75.459358
-192.648952, -123.239309
-79.461827, -203.571260
143.449550, -178.111686
242.998863, -122.643737
225.021874, -40.825263
212.688477, 6.913669
207.629299, -95.872937
131.442374, -262.101744
-18.572677, -227.939908
-155.968004, 18.555766
-175.441073, 146.703701
-29.960220, -4.413110
173.855705, -148.579070
215.544501, -13.718527
25.904536, 227.223460
-180.159799, 259.966745
-202.185240, 106.876914
-152.526169, 13.685307
-221.320766, 57.607850
-291.811206, 136.795758
-125.594128, 191.122110
161.108368, 199.479585
205.829416, 99.678471
-18.463028, -86.464440
-137.638501, -182.639506
31.020448, -81.494468
207.629299, 95.872937
116.234661, 190.622273
-118.474350, 195.615374
-234.853814, 153.945141
-217.803701, 69.735885
-201.714668, 20.070719
-193.775057, 121.460996
-107.620882, 276.924056
46.678764, 223.880859
162.622591, -37.911362
156.419684, -166.836532
20.173826, 1.208346
-155.135475, 168.031337
-202.386691, 38.294250
-51.817387, -222.747625
139.454671, -278.297510
188.975754, -128.801050
160.187360, -30.816689
213.747588, -81.323518
265.370808, -166.878994
104.699757, -203.321192
-170.903852, -182.023457
-214.969878, -78.035232
17.008471, 84.558624
155.135475, 168.031337
-12.784258, 83.739590
-215.911304, -75.391345
-143.910489, -178.319759
99.678471, -205.829416
229.809801, -175.281720
210.609456, -89.135867
189.034509, -37.511403
182.428156, -137.918504
93.563665, -285.539508
-65.378921, -219.150959
-169.027149, 51.639801
-142.353977, 178.988523
