-14, 0
200, -254
267, -75
97, 308
-153, 406
-253, 201
-237, 60
-293, 135
-344, 260
-129, 296
243, 242
310, 91
-17, -118
-233, -224
-3, -119
310, 89
231, 240
-125, 298
-325, 265
-291, 141
-250, 65
-248, 207
-128, 410
106, 305
250, -84
190, -261
0, 0
-190, 261
-249, 84
-107, -305
125, -410
247, -209
249, -68
289, -144
322, -269
121, -300
-235, -236
-312, -84
5, 118
237, 219
20, 118
-312, -84
-249, -236
121, -300
336, -269
289, -144
235, -67
247, -209
139, -411
-107, -305
-264, 85
-190, 261
14, -1
190, -261
235, -83
106, 305
-113, 409
-248, 207
-264, 66
-291, 141
-311, 264
-125, 298
217, 240
310, 89
11, -119
-233, -224
-31, -118
310, 91
257, 241
-129, 296
-358, 260
-293, 135
-223, 59
-253, 201
-168, 406
97, 308
281, -76
200, -254
-29, 1
-201, 253
-224, 72
-92, -310
118, -403
258, -195
281, -54
297, -126
310, -247
141, -291
-189, -252
-305, -106
-32, 119
219, 237
38, 119
-304, -110
-256, -257
148, -287
389, -236
302, -115
212, -43
267, -182
211, -394
-73, -315
-300, 55
-219, 237
43, 1
221, -236
215, -53
66, 316
-138, 391
-274, 172
-299, 29
-308, 98
-317, 217
-167, 276
150, 270
293, 135
58, -116
-194, -258
-40, -122
291, 141
242, 281
-177, 270
-426, 194
-313, 81
-201, 19
-286, 151
-269, 368
37, 321
319, -20
246, -210
-57, -6
-248, 207
-206, 26
-26, -322
171, -370
293, -135
315, 9
318, -58
329, -173
203, -252
-98, -288
-272, -174
-88, 107
157, 282
37, 125
-268, -181
-213, -312
215, -241
464, -130
321, -34
187, 12
305, -106
336, -323
13, -323
-332, -29
-276, 169
69, 14
278, -165
193, 9
-27, 322
-216, 336
-312, 85
-323, -61
-323, 3
-339, 113
-243, 213
32, 301
237, 219
120, -90
-104, -306
-28, -130
230, 226
167, 346
-256, 198
-495, 42
-322, -27
-167, -48
-320, 46
-406, 253
-76, 314
334, 93
303, -111
-79, -27
-305, 106
-173, -48
91, -310
265, -284
322, -19
317, 126
317, 64
341, -39
282, -157
47, -302
-185, -265
-151, 63
35, 321
13, 132
-175, -272
-100, -373
293, -135
506, 70
307, 99
138, 85
322, 29
468, -153
147, -288
-318, -168
-321, 37
85, 44
322, -30
142, 89
-163, 279
-312, 210
-317, -61
-291, -200
-291, -141
-326, -48
-313, 81
-136, 281
112, 303
176, -23
49, -319
7, -130
98, 308
13, 386
-318, 54
-484, -201
-270, -177
-96, -120
-302, -114
-506, 22
-219, 237
274, 248
319, 53
-84, -65
-317, -60
-98, -125
235, -222
345, -114
287, 148
236, 274
238, 218
284, 140
323, 13
226, -230
-18, -322
-189, -29
-141, 291
-31, 122
-2, -323
88, -372
320, 44
415, 337
204, 251
41, 144
253, 201
502, 135
282, -158
-198, -320
-286, -150
73, 88
282, 157
39, 150
-293, 135
-349, -3
-225, -232
-150, -335
-155, -283
-209, -225
-301, -118
-303, 144
-89, 310
183, 89
229, -227
56, -104
-106, 305
-194, 320
-286, -150
-290, -457
-106, -305
25, -150
-168, -276
-439, -299
-319, 50
88, 368
216, 240
-52, -107
-209, -247
31, -155
322, -22
310, 128
126, 297
33, 366
42, 320
99, 286
237, 219
349, -23
197, -256
-152, -150
-297, 126
-76, 75
212, -244
285, -223
209, 247
110, 532
-17, 323
-95, 129
50, 319
305, 444
314, 76
47, -373
-106, -305
20, 119
96, 308
-104, 131
-305, -106
-220, -240
1, -323
100, -348
89, -310
38, -303
-130, -296
-343, -118
-283, 155
92, 198
323, 5
86, -37
-293, 135
-338, 86
-89, -311
105, -529
150, -286
154, -79
88, -311
-105, -531
-253, -201
-185, 318
-33, 321
18, -115
44, -320
164, -75
230, 227
81, 312
-141, 291
-227, 270
-215, 241
-181, 256
-13, 323
271, 256
323, -14
-10, -218
-287, -148
-79, -5
323, 9
326, 75
-60, 317
-318, 425
-263, 188
-187, 1
-219, 237
-133, 520
133, 294
296, -197
177, -270
-55, 94
-187, 263
-194, -9
-98, -308
88, -315
260, -191
313, -132
303, -112
294, -141
164, -278
-131, -353
-291, -141
-81, 196
182, 267
53, 43
-279, -163
-235, -223
206, -249
470, -217
321, -37
178, 90
307, -100
357, -387
29, -322
-341, 25
-287, 147
80, -54
293, -135
178, 104
-68, 316
-248, 229
-321, 35
-322, -44
-318, -57
-340, -27
-282, 157
-53, 370
178, 269
155, -126
-19, -322
-9, -65
154, 284
72, 313
-305, 106
-500, -59
-293, -136
-119, -169
-314, -76
-493, 142
-194, 259
289, 159
322, 27
-82, 3
-320, -41
-110, -182
226, -230
346, -61
290, 143
234, 211
237, 219
286, 205
322, 21
231, -282
-3, -323
-185, 20
-160, 280
-42, 60
27, -322
127, -302
313, 80
370, 326
169, 276
20, 206
219, 238
474, 158
305, -106
-136, -294
-251, -203
55, 44
241, 215
1, 212
-317, 62
-334, -146
-157, -282
-57, -307
-69, -315
-131, -331
-252, -203
-337, 97
-184, 265
148, 91
293, -135
83, -24
-209, 246
-293, 172
-207, -248
-94, -481
25, -322
91, -178
-37, -321
-275, -408
-309, -95
-79, 318
81, 313
-4, -69
-65, -316
111, -170
291, 141
194, 317
-45, 320
-154, 280
-135, 293
-82, 342
77, 314
312, 128
308, -98
-48, -163
-315, -72
-95, -31
316, -66
351, 45
10, 323
-238, 437
-219, 237
-168, 82
-171, 274
-53, 491
182, 267
275, -199
132, -295
-55, 56
-148, 287
-179, 61
-137, -293
36, -367
237, -219
311, -119
291, -140
267, -211
141, -291
-144, -299
-299, -121
-82, 156
195, 258
67, 85
-284, -154
-253, -260
201, -253
479, -179
321, -38
167, 47
308, -97
375, -337
37, -321
-352, -29
-293, 135
93, -7
300, -119
161, 73
-91, 310
-256, 251
-323, 6
-326, -117
-310, -89
-326, -22
-299, 122
-108, 319
141, 291
180, -61
29, -322
-7, -107
106, 305
25, 363
-319, 50
-488, -192
-261, -190
-76, -149
-291, -139
-519, -9
-247, 209
251, 262
306, 103
-86, -58
-300, -121
-52, -164
280, -161
344, -4
237, 219
168, 310
161, 280
204, 243
300, 121
314, -154
103, -306
-185, -82
-247, 209
-56, 80
139, -291
224, -274
261, 190
223, 480
50, 319
-66, 159
106, 305
372, 375
322, 29
-3, -362
-141, -291
33, 102
122, 299
-96, 152
-310, -89
-227, -246
-6, -323
94, -335
91, -310
49, -316
-119, -300
-341, -122
-293, 135
82, 191
321, 37
83, -13
-308, 97
-339, 22
-38, -321
187, -489
201, -253
176, -59
154, -284
12, -527
-195, -258
-252, 245
-121, 299
39, -92
141, -291
192, -31
140, 291
-47, 334
-237, 219
-299, 151
-293, 137
-284, 172
-148, 287
147, 337
295, 132
76, -186
-182, -267
-50, -55
274, 171
223, 243
-219, 237
-480, 174
-323, 10
-173, -96
-316, 66
-396, 330
-72, 315
335, 37
308, -98
-82, 28
-314, 77
-160, -128
135, -293
302, -176
320, 45
292, 136
291, 141
327, 112
316, -65
156, -325
-81, -313
-179, 56
-95, 309
-26, 73
-37, -321
67, -327
322, 25
419, 270
207, 248
46, 195
246, 209
489, 112
293, -135
-161, -288
-265, -184
58, 48
252, 203
10, 204
-315, 69
-337, -134
-157, -282
-52, -316
-62, -317
-120, -328
-241, -215
-340, 68
-203, 251
137, 111
305, -106
89, -23
-238, 219
-318, 139
-169, -276
-12, -498
80, -313
117, -150
27, -322
-179, -464
-280, -160
-156, 299
3, 323
20, -76
21, -322
147, -124
237, 219
96, 352
-143, 290
-245, 223
-226, 230
-188, 284
-41, 320
233, 243
322, 27
30, -176
-259, -194
-83, -60
314, 76
306, 186
-136, 293
-423, 286
-305, 106
-176, -16
-284, 154
-304, 404
19, 322
350, -32
269, -178
-89, 24
-282, 157
-170, -58
57, -318
231, -270
321, -35
333, 87
316, 68
327, 9
293, -135
97, -327
-147, -287
-180, 68
-29, 322
6, 102
-100, -307
-15, -358
321, -37
478, 212
249, 206
63, 159
279, 163
517, 52
267, -182
-221, -284
-291, -141
80, 63
278, 164
22, 176
-303, 112
-336, -64
-191, -260
-106, -331
-98, -308
-141, -288
-263, -187
-346, 79
-177, 270
162, 122
294, -133
71, -55
-219, 237
-291, 187
-188, -263
-61, -521
60, -317
124, -132
9, -323
-216, -479
-287, -148
-130, 329
14, 323
3, -100
13, -323
159, -103
241, 215
86, 327
-141, 291
-230, 248
-227, 230
-204, 259
-44, 320
244, 271
321, 33
20, -200
-253, -201
-67, -39
311, 88
284, 175
-150, 286
-423, 288
-311, 89
-188, -51
-293, 135
-319, 406
-5, 323
338, -28
283, -155
-77, 40
-296, 130
-177, -98
89, -310
272, -220
323, 1
308, 101
305, 106
336, 73
308, -96
127, -335
-106, -305
-175, 66
-76, 314
-22, 78
-50, -319
55, -332
323, 17
423, 267
209, 247
45, 192
244, 212
486, 126
297, -126
-149, -298
-256, -197
54, 55
237, 219
-5, 200
-320, 42
-324, -161
-126, -297
-14, -324
-22, -322
-78, -337
-209, -247
-344, 12
-240, 216
114, 137
319, -50
94, -10
-276, 168
-342, 75
-106, -305
102, -493
150, -286
147, -113
106, -305
-50, -499
-227, -229
-237, 249
-89, 310
46, -71
118, -301
174, -68
155, 283
-20, 360
-232, 225
-311, 129
-293, 135
-273, 192
-157, 282
118, 318
286, 150
103, -155
-158, -282
-57, -84
253, 201
202, 295
-251, 204
-513, 72
-320, -44
-141, -100
-323, 2
-468, 214
-141, 291
327, 141
322, -18
-96, -20
-323, -13
-106, -143
218, -238
333, -97
287, 148
236, 253
222, 235
254, 199
317, 60
279, -212
53, -319
-193, -49
-219, 237
-49, 79
114, -302
205, -282
270, 177
238, 466
54, 318
-68, 166
98, 308
357, 383
319, 49
24, -353
-112, -303
23, 97
81, 313
-121, 144
-291, -141
-173, -292
61, -317
162, -297
163, -279
135, -300
-30, -322
-295, -209
-321, 37
20, 199
288, 147
75, 26
-322, -29
-312, -123
99, -307
373, -352
293, -135
192, 22
272, -175
264, -443
-35, -321
-334, 66
-265, 185
74, -47
282, -157
183, 81
-64, 317
-255, 240
-322, 19
-314, -86
-310, -91
-338, -58
-305, 106
-119, 336
111, 303
175, -65
76, -314
22, -80
46, 320
-63, 333
-322, -27
-412, -285
-198, -256
-36, -191
-230, -226
-476, -161
-306, 104
122, 312
237, 219
-47, -63
-213, -243
26, -196
323, -3
302, 199
85, 312
-34, 325
-27, 322
25, 342
165, 278
339, 51
276, -169
-84, -159
-323, -13
-97, -6
305, -106
353, -2
34, 321
-217, 459
-215, 241
-167, 70
-181, 268
-87, 498
157, 282
300, -176
174, -272
-68, 58
-203, 252
-183, 7
-58, -318
131, -331
293, -135
341, -20
322, -26
319, -80
248, -207
11, -343
-210, -246
-158, 108
37, 321
23, 96
-151, -286
-69, -348
313, -81
500, 147
270, 177
79, 156
291, 141
519, 15
258, -194
-230, -272
-293, -135
81, 59
276, 167
17, 181
-308, 98
-330, -88
-172, -274
-77, -335
-66, -316
-104, -308
-236, -221
-356, 31
-219, 237
140, 144
315, -73
79, -33
-267, 182
-324, 106
-115, -302
78, -512
148, -287
161, -95
110, -304
-52, -517
-219, -237
-234, 255
-106, 305
37, -85
141, -291
193, -34
126, 297
-73, 338
-258, 195
-313, 105
-310, 92
-312, 130
-201, 253
74, 352
254, 200
119, -150
-97, -308
-25, -76
201, 253
115, 316
-293, 135
-502, -44
-296, -129
-119, -154
-310, -91
-499, 83
-224, 233
254, 219
310, 89
-73, -33
-298, -125
-58, -191
291, -141
355, 55
207, 248
105, 308
106, 305
157, 306
261, 190
335, -87
190, -261
-140, -114
-305, 107
-90, 28
247, -209
327, -125
144, 289
-45, 504
-121, 300
-137, 123
-84, 312
79, 498
237, 219
229, -259
84, -312
-46, 74
-121, 300
-176, 60
-144, -289
38, -355
247, -209
322, -108
305, -107
291, -158
190, -261
-73, -335
-261, -190
-128, 140
106, 305
42, 89
-207, -248
-136, -328
291, -141
517, 50
298, 125
106, 140
310, 89
513, -70
224, -233
-268, -234
-310, -91
87, 47
296, 129
41, 178
-293, 135
-339, -49
-201, -253
-111, -325
-97, -308
-133, -297
-254, -200
-352, 60
-201, 253
149, 134
310, -92
77, -37
-258, 195
-320, 119
-126, -297
63, -513
141, -291
159, -99
106, -305
-55, -516
-219, -237
-235, 253
-110, 304
38, -83
148, -287
194, -29
115, 302
-87, 336
-267, 182
-318, 86
-315, 73
-321, 110
-219, 237
46, 355
236, 221
131, -137
-66, -316
-16, -80
172, 274
76, 329
-308, 98
-491, -110
-276, -167
-98, -168
-293, -135
-505, 3
-258, 194
213, 260
291, 141
-65, -47
-270, -177
-23, -196
313, -81
338, 123
151, 286
35, 326
37, 321
86, 331
210, 246
344, -3
248, -207
-105, -148
-322, 26
-96, 6
293, -135
351, -34
58, 318
-188, 473
-203, 252
-165, 74
-174, 272
-81, 501
157, 282
302, -175
181, -268
-70, 58
-215, 241
-183, -7
-34, -321
158, -315
305, -106
342, 14
323, 13
326, -33
276, -169
66, -340
-165, -278
-177, 81
-27, 322
5, 95
-85, -312
11, -351
323, -3
448, 266
213, 243
30, 176
237, 219
493, 167
306, -104
-132, -328
-230, -226
58, 79
198, 256
-55, 179
-322, -27
-265, -216
-46, -320
65, -332
76, -314
45, -327
-111, -303
-335, -132
-305, 106
58, 189
310, 91
80, 15
-322, 19
-327, -84
64, -317
340, -382
282, -157
192, 8
265, -185
256, -445
-35, -321
-335, 56
-272, 175
76, -39
293, -135
176, 93
-99, 307
-285, 210
-322, -29
-294, -141
-288, -147
-321, -120
-321, 37
-193, 293
30, 322
183, -10
163, -279
49, -74
-61, 317
-176, 296
-291, -141
-271, -425
-81, -313
42, -184
-112, -303
-350, -361
-319, -49
-46, 338
98, 308
-3, -84
-54, -318
122, -145
270, 177
141, 330
-114, 302
-229, 245
-219, 237
-189, 276
-53, 319
215, 267
317, 60
56, -179
-222, -235
-72, -67
287, 148
248, 253
-218, 238
-499, 138
-323, -13
-149, -94
-322, 18
-462, 230
-141, 291
324, 144
323, -2
-95, -21
-320, -44
-87, -161
251, -204
343, -33
253, 201
177, 293
158, 282
189, 266
286, 150
335, -120
157, -282
-167, -109
-293, 135
-72, 46
232, -225
305, -153
155, 283
-18, 516
-118, 301
-152, 111
-89, 310
78, 512
227, 229
229, -257
106, -305
-38, 82
-150, 286
-195, 28
-106, -305
101, -334
276, -168
322, -64
319, -50
329, -85
240, -216
-9, -356
-209, -247
-147, 117
22, 322
3, 84
-126, -297
-19, -340
320, -42
460, 204
237, 219
62, 181
256, 197
490, 117
297, -126
-139, -309
-244, -212
48, 66
209, 247
-34, 190
-323, -17
-285, -220
-50, -319
78, -323
76, -314
34, -336
-106, -305
-317, -130
-308, 96
36, 181
305, 106
93, 30
-323, -1
-334, -117
89, -310
385, -341
296, -130
177, 17
283, -155
319, -401
5, -323
-353, 1
-293, 135
94, -17
311, -89
145, 110
-150, 286
-304, 167
-311, -88
-274, -205
-253, -201
-276, -173
-321, -33
-267, 232
-44, 320
193, 44
227, -230
53, -71
-141, 291
-236, 250
-241, -215
-153, -495
13, -323
107, -152
-14, -323
-233, -463
-287, -148
-141, 316
-9, 323
13, -91
60, -317
178, -81
188, 263
-3, 347
-219, 237
-294, 150
-294, 133
-295, 167
-177, 270
98, 343
263, 187
115, -150
-98, -308
-24, -80
191, 260
96, 326
-303, 112
-494, -99
-278, -164
-97, -166
-291, -141
-504, -16
-267, 182
196, 276
279, 163
-59, -56
-249, -206
1, -194
321, -37
316, 171
100, 307
-27, 330
-29, 322
14, 338
147, 287
332, 86
293, -135
-59, -175
-316, -68
-95, -19
321, -35
344, 81
-57, 318
-350, 377
-282, 157
-178, -1
-269, 178
-286, 426
19, 322
352, -26
284, -154
-93, 22
-305, 106
-151, -102
136, -293
297, -179
314, 76
281, 196
259, 194
281, 167
322, 27
263, -237
41, -320
-194, -43
-226, 230
-53, 70
143, -290
239, -246
237, 219
143, 497
-21, 322
-112, 149
3, 323
215, 471
280, 160
156, -308
27, -322
-18, 89
-80, 313
-183, 70
-169, -276
30, -347
238, -219
305, -123
305, -106
310, -139
203, -251
-62, -350
-241, -215
-131, 135
62, 317
13, 84
-157, -282
-51, -337
315, -69
475, 169
252, 203
72, 177
265, 184
495, 98
293, -135
-146, -307
-246, -209
48, 67
207, 248
-37, 189
-322, -25
-277, -228
-37, -321
95, -320
95, -309
57, -331
-81, -313
-304, -159
-316, 65
16, 186
291, 141
89, 39
-320, -45
-314, -162
135, -293
436, -276
314, -77
170, 51
308, -98
394, -333
72, -315
-346, -72
-316, 66
97, 3
323, -10
111, 146
-219, 237
-336, 76
-274, -171
-205, -273
-182, -267
-209, -252
-295, -132
-329, 137
-148, 287
169, 104
293, -137
73, -44
-237, 219
-310, 140
-140, -291
50, -512
141, -291
162, -99
121, -299
-17, -515
-195, -258
-264, 218
-154, 284
51, -71
201, -253
198, 9
38, 321
-176, 305
-308, 97
-326, -23
-321, -37
-342, -7
-293, 135
-99, 337
119, 300
175, -57
91, -310
30, -84
6, 323
-116, 325
-310, -89
-333, -379
-122, -299
21, -186
-141, -291
-379, -334
-322, -29
-31, 342
106, 305
-4, -86
-50, -319
126, -138
261, 190
118, 336
-139, 291
-254, 223
-247, 209
-225, 243
-103, 306
163, 304
300, 121
94, -167
-161, -280
-54, -79
237, 219
168, 309
-280, 161
-519, -24
-300, -121
-104, -145
-306, -103
-518, 37
-247, 209
236, 262
291, 139
-78, -57
-261, -190
6, -188
319, -50
306, 155
106, 305
-10, 337
-29, 322
-4, 332
141, 291
343, 104
299, -122
-63, -185
-310, -89
-80, -20
323, -6
321, 108
-91, 310
-378, 339
-300, 119
-190, -33
-293, 135
-338, 381
-37, 321
337, 31
308, -97
-82, 10
-321, 38
-137, -141
201, -253
345, -93
284, 154
206, 256
195, 258
234, 248
299, 121
310, -152
141, -291
-156, -96
-291, 140
-87, 39
237, -219
326, -132
137, 293
-74, 505
-148, 287
-151, 99
-132, 295
-19, 509
182, 267
290, -197
171, -274
-70, 62
-219, 237
-182, -19
-10, -323
189, -293
316, -66
336, 63
315, 72
324, 41
308, -98
155, -316
-77, -314
-196, 26
-135, 293
-28, 84
45, -320
155, -308
291, 141
275, 439
65, 316
-69, 172
81, 313
317, 409
309, 95
90, -334
-37, -321
-2, 91
-25, 322
-169, 98
-207, -248
-17, -348
209, -246
290, -156
293, -135
296, -166
184, -265
-83, -345
-252, -203
-126, 138
69, 315
14, 85
-157, -282
-47, -339
317, -62
468, 188
241, 215
61, 179
251, 203
484, 142
305, -106
-111, -323
-219, -238
38, 76
169, 276
-65, 178
-313, -80
-231, -272
27, -322
160, -296
160, -280
131, -306
-3, -323
-252, -235
-322, -21
-38, 186
237, 219
74, 61
-290, -143
-246, -252
226, -230
507, -111
320, 41
137, 114
322, 27
495, -155
194, -259
-286, -206
-314, -76
88, 41
293, 136
30, 185
-305, 106
-329, -100
-154, -284
-43, -334
-19, -322
-43, -329
-178, -269
-353, -60
-282, 157
83, 176
318, 57
81, 12
-321, 35
-328, -82
68, -316
356, -363
293, -135
191, 24
287, -147
325, -392
29, -322
-338, -26
-307, 100
82, -10
321, -37
136, 142
-206, 249
-347, 85
-279, -163
-194, -265
-182, -267
-219, -260
-291, -141
-320, 128
-164, 278
147, 111
303, -112
91, -31
-260, 191
-339, 94
-98, -308
142, -492
187, -263
163, -74
177, -270
104, -501
-133, -294
-321, 144
-219, 237
81, -49
263, -188
173, 59
-60, 317
-249, 241
-323, -9
-312, -139
-287, -148
-302, -125
-323, 14
-236, 265
-13, 323
196, 28
215, -241
51, -69
-141, 291
-242, 241
-230, -227
-117, -501
44, -320
125, -141
33, -321
-152, -493
-253, -201
-206, 274
-88, 311
36, -80
150, -286
196, -26
89, 311
-130, 328
-293, 135
-327, 13
-323, -5
-341, 22
-283, 155
-81, 341
130, 296
174, -60
89, -310
30, -85
-1, 323
-129, 322
-305, -106
-306, -404
-96, -308
39, -180
-106, -305
-331, -383
-314, -76
-87, 335
50, 319
13, -88
17, -323
153, -104
209, 247
31, 351
-212, 244
-307, 146
-297, 126
-288, 158
-197, 256
48, 345
237, 219
150, -125
-42, -320
-20, -90
126, 297
22, 347
-322, 22
-454, -252
-209, -247
-20, -182
-216, -240
-467, -225
-319, 50
62, 342
168, 276
-35, -86
-106, -305
117, -154
286, 150
146, 315
-106, 305
-217, 249
-229, 227
-224, 253
-89, 310
186, 303
301, 118
80, -170
-155, -283
-37, -77
225, 232
130, 316
-293, 135
-499, -75
-282, -157
-97, -163
-286, -150
-502, -49
-282, 158
163, 300
253, 201
-48, -69
-204, -251
43, -184
320, 44
258, 247
2, 323
-135, 308
-141, 291
-114, 313
18, 322
261, 226
323, 13
35, -188
-238, -218
-74, -60
287, 148
239, 257
-235, 222
-512, 87
-317, -60
-129, -125
-319, -53
-507, 110
-219, 237
261, 235
302, 114
-82, -51
-270, -177
0, -190
318, -54
305, 159
98, 308
-24, 334
-49, 319
-31, 333
112, 303
329, 140
313, -81
-35, -189
-291, -141
-74, -38
317, 61
287, 180
-163, 279
-453, 225
-322, 30
-172, -84
-321, 37
-443, 244
-147, 288
301, 156
322, 29
-78, -28
-307, -99
-64, -182
293, -135
351, 73
175, 272
49, 329
35, 321
69, 329
185, 265
340, 53
282, -157
-66, -175
-317, -64
-95, -18
322, -19
337, 105
-91, 310
-400, 328
-305, 106
-173, -42
-303, 111
-388, 341
-76, 314
343, 82
320, -46
-96, -9
-322, -27
-89, -164
256, -198
344, -6
230, 226
134, 310
104, 306
124, 307
237, 219
358, -21
243, -213
-116, -157
-323, 3
-82, 2
312, -85
337, 34
-27, 322
-311, 401
-278, 165
-192, -6
-276, 169
-300, 410
-13, 323
338, 15
305, -106
-82, 9
-321, 34
-133, -144
215, -241
351, -69
268, 181
173, 281
157, 282
191, 280
272, 174
334, -82
203, -252
-127, -135
-318, 58
-95, 16
293, -135
352, -22
26, 322
-256, 447
-248, 207
-176, 24
-246, 210
-247, 452
37, 321
351, -37
286, -151
-94, 22
-313, 81
-138, -123
177, -270
323, -118
291, 141
225, 254
194, 258
213, 251
293, 135
334, -127
167, -276
-158, -117
-308, 98
-78, 28
274, -172
332, -66
66, 316
-186, 474
-221, 236
-186, 46
-219, 237
-178, 477
73, 315
330, -76
267, -182
-77, 32
-302, 115
-165, -107
148, -287
324, -152
304, 110
236, 230
219, 237
251, 229
305, 106
306, -158
141, -291
-154, -102
-297, 126
-90, 35
258, -195
340, -95
92, 310
-160, 489
-201, 253
-168, 60
-200, 254
-155, 490
97, 308
338, -101
253, -201
-89, 38
-293, 135
-157, -96
129, -296
299, -172
310, 91
264, 215
233, 224
250, 214
310, 89
312, -175
125, -298
-173, -93
-291, 141
-73, 39
248, -207
321, -110
106, 305
-125, 495
-190, 261
-180, 67
-190, 261
-123, 495
107, 305
320, -112
247, -209
-73, 40
-289, 144
-174, -91
121, -300
309, -180
312, 84
254, 210
237, 219
268, 209
312, 84
295, -179
121, -300
-160, -92
-289, 144
-87, 40
247, -209
334, -112
107, 305
-137, 495
-190, 261
-165, 66
-190, 261
-139, 495
106, 305
335, -110
248, -207
-88, 40
-291, 141
-159, -94
125, -298
297, -174
310, 89
264, 214
233, 224
249, 215
310, 91
313, -172
129, -296
-171, -96
-293, 135
-74, 37
253, -201
324, -100
97, 308
-141, 489
-200, 254
-182, 60
-201, 253
-146, 488
92, 310
325, -94
258, -195
-75, 35
-297, 126
-168, -102
141, -291
321, -158
305, 106
237, 229
219, 237
250, 230
304, 110
309, -151
148, -287
-150, -108
-302, 115
-91, 32
267, -182
344, -77
73, 315
-193, 478
-219, 237
-172, 45
-221, 236
-200, 475
66, 316
347, -66
274, -172
-92, 28
-308, 98
-143, -117
167, -276
320, -127
293, 135
228, 251
194, 258
211, 254
291, 141
338, -119
177, -270
-152, -123
-313, 81
-80, 21
286, -151
337, -37
37, 321
-233, 452
-246, 210
-191, 25
-248, 207
-242, 446
26, 322
338, -22
293, -135
-81, 16
-318, 58
-141, -134
203, -252
348, -83
272, 174
177, 280
157, 282
188, 281
268, 181
337, -69
215, -241
-118, -144
-321, 34
-96, 10
305, -106
353, 15
-13, 323
-314, 410
-276, 169
-178, -6
-278, 165
-326, 402
-27, 322
351, 34
312, -85
-97, 2
-323, 3
-102, -157
243, -213
343, -20
237, 219
139, 307
104, 306
120, 311
230, 226
358, -6
256, -198
-104, -163
-322, -27
-82, -9
320, -46
329, 83
-76, 314
-374, 341
-303, 111
-187, -41
-305, 106
-385, 328
-91, 310
323, 105
322, -19
-81, -18
-317, -64
-81, -174
282, -157
354, 53
185, 265
55, 330
35, 321
63, 329
175, 272
336, 74
293, -135
-50, -183
-307, -99
-92, -27
322, 29
315, 156
-147, 288
-458, 244
-321, 37
-158, -85
-322, 30
-467, 226
-163, 279
302, 180
317, 61
-88, -37
-291, -141
-20, -190
313, -81
315, 141
112, 303
-17, 332
-49, 319
-38, 334
98, 308
320, 159
318, -54
-14, -189
-270, -177
-67, -51
302, 114
247, 236
-219, 237
-493, 110
-319, -53
-143, -124
-317, -60
-497, 86
-235, 222
225, 258
287, 148
-60, -61
-238, -218
21, -187
323, 13
275, 225
18, 322
-128, 313
-141, 291
-121, 307
2, 323
243, 247
320, 44
58, -185
-204, -251
-63, -69
253, 201
177, 300
-282, 158
-517, -48
-286, -150
-82, -164
-282, -157
-513, -75
-293, 135
145, 316
225, 232
-51, -76
-155, -283
95, -171
301, 118
171, 304
-89, 310
-210, 253
-229, 227
-231, 250
-106, 305
160, 314
286, 150
103, -154
-106, -305
-21, -87
168, 276
48, 343
-319, 50
-453, -226
-216, -240
-34, -181
-209, -247
-439, -252
-322, 22
8, 347
126, 297
-6, -90
-42, -320
136, -124
237, 219
63, 345
-197, 256
-303, 158
-297, 126
-293, 146
-212, 244
16, 352
209, 247
168, -104
17, -323
-1, -88
50, 319
-72, 335
-314, -76
-345, -383
-106, -305
54, -181
-96, -308
-320, -403
-305, -106
-115, 322
-1, 323
16, -85
89, -310
188, -60
130, 296
-96, 342
-283, 155
-327, 21
-323, -5
-341, 14
-293, 135
-115, 327
89, 311
181, -25
150, -286
50, -81
-88, 311
-220, 274
-253, -201
-137, -493
33, -321
111, -140
44, -320
-102, -502
-230, -227
-256, 241
-141, 291
66, -70
215, -241
181, 29
-13, 323
-221, 264
-323, 14
-317, -124
-287, -148
-298, -140
-323, -9
-264, 242
-60, 317
188, 59
263, -188
67, -49
-219, 237
-307, 143
-133, -294
89, -501
177, -270
178, -74
187, -263
128, -492
-98, -308
-325, 94
-260, 191
76, -30
303, -112
161, 110
-164, 278
-335, 128
-291, -141
-205, -261
-182, -267
-209, -265
-279, -163
-333, 84
-206, 249
121, 143
321, -37
96, -11
-307, 100
-352, -25
29, -322
339, -392
287, -147
177, 24
293, -135
370, -363
68, -316
-343, -81
-321, 35
96, 12
318, 57
69, 177
-282, 157
-339, -60
-178, -269
-57, -328
-19, -322
-28, -335
-154, -284
-343, -100
-305, 106
44, 184
293, 136
73, 42
-314, -76
-272, -206
194, -259
480, -154
322, 27
151, 114
320, 41
492, -110
226, -230
-232, -253
-290, -143
60, 62
237, 219
-24, 185
-322, -21
-266, -234
-3, -323
146, -307
160, -280
145, -295
27, -322
-217, -273
-313, -80
-80, 179
169, 276
52, 75
-219, -238
-125, -323
305, -106
498, 141
251, 203
47, 180
241, 215
483, 187
317, -62
-61, -339
-157, -282
28, 84
69, 315
-140, 139
-252, -203
-69, -345
184, -265
282, -165
293, -135
304, -156
209, -246
-32, -348
-207, -248
-155, 97
-25, 322
-16, 92
-37, -321
104, -335
309, 95
303, 410
81, 313
-55, 172
65, 316
260, 439
291, 141
169, -308
45, -320
-43, 85
-135, 293
-181, 25
-77, -314
141, -315
308, -98
339, 41
315, 72
322, 63
316, -66
203, -294
-10, -323
-196, -19
-219, 237
-55, 61
171, -274
275, -197
182, 267
-5, 509
-132, 295
-165, 100
-148, 287
-60, 505
137, 293
311, -132
237, -219
-73, 38
-291, 140
-170, -95
141, -291
324, -153
299, 121
220, 249
195, 258
220, 255
284, 154
331, -93
201, -253
-123, -142
-321, 38
-96, 11
308, -97
351, 30
-37, 321
-352, 382
-293, 135
-175, -34
-300, 119
-392, 340
-91, 310
335, 107
323, -6
-94, -19
-310, -89
-49, -185
299, -122
329, 104
141, 291
10, 331
-29, 322
-24, 337
106, 305
321, 155
319, -50
-8, -187
-261, -190
-64, -58
291, 139
221, 263
-247, 209
-503, 36
-306, -103
-118, -145
-300, -121
-504, -25
-280, 161
153, 309
237, 219
-40, -79
-161, -280
79, -166
300, 121
177, 304
-103, 306
-239, 244
-247, 209
-240, 223
-139, 291
104, 336
261, 190
141, -139
-50, -319
-18, -86
106, 305
-17, 342
-322, -29
-393, -333
-141, -291
35, -186
-122, -299
-348, -379
-310, -89
-102, 325
6, 323
15, -83
91, -310
190, -58
119, 300
-113, 338
-293, 135
-327, -8
-321, -37
-341, -23
-308, 97
-161, 305
38, 321
183, 10
201, -253
65, -72
-154, 284
-278, 218
-195, -258
-3, -515
121, -299
148, -98
141, -291
65, -512
-140, -291
-325, 140
-237, 219
87, -44
293, -137
154, 105
-148, 287
-315, 137
-295, -132
-223, -252
-182, -267
-191, -273
-274, -171
-350, 76
-219, 237
126, 145
323, -10
83, 4
-316, 66
-332, -73
72, -315
379, -332
308, -98
184, 50
314, -77
422, -276
135, -293
-300, -163
-320, -45
75, 40
291, 141
30, 185
-316, 65
-318, -159
-81, -313
72, -332
95, -309
81, -319
-37, -321
-263, -228
-322, -25
-51, 189
207, 248
62, 67
-246, -209
-160, -306
293, -135
509, 97
265, 184
58, 177
252, 203
489, 168
315, -69
-65, -337
-157, -282
27, 83
62, 317
-145, 135
-241, -215
-48, -351
203, -251
295, -139
305, -106
319, -124
238, -219
16, -346
-169, -276
-169, 69
-80, 313
-32, 90
27, -322
171, -309
280, 160
201, 472
3, 323
-98, 149
-21, 322
128, 498
237, 219
253, -247
143, -290
-67, 70
-226, 230
-179, -43
41, -320
249, -236
322, 27
295, 166
259, 194
267, 196
314, 76
311, -180
136, -293
-165, -102
-305, 106
-79, 22
284, -154
337, -26
19, 322
-272, 425
-269, 178
-192, -1
-282, 157
-335, 376
-57, 318
330, 82
321, -35
-81, -20
-316, -68
-73, -174
293, -135
346, 85
147, 287
0, 339
-29, 322
-13, 330
100, 307
301, 172
321, -37
16, -195
-249, -206
-74, -55
279, 163
210, 276
-267, 182
-519, -16
-291, -141
-83, -166
-278, -164
-509, -98
-303, 112
110, 326
191, 260
-38, -80
-98, -308
129, -151
263, 187
83, 344
-177, 270
-281, 166
-294, 133
-308, 151
-219, 237
11, 346
188, 263
163, -80
60, -317
27, -92
-9, 323
-155, 317
-287, -148
-219, -464
-14, -323
93, -151
13, -323
-139, -495
-241, -215
-250, 250
-141, 291
67, -71
227, -230
179, 45
-44, 320
-252, 232
-321, -33
-291, -173
-253, -201
-260, -206
-311, -88
-318, 167
-150, 286
159, 109
311, -89
80, -16
-293, 135
-339, 1
5, -323
305, -401
283, -155
191, 17
296, -130
371, -340
89, -310
-320, -118
-323, -1
79, 31
305, 106
50, 181
-308, 96
-331, -130
-106, -305
48, -337
76, -314
64, -322
-50, -319
-270, -220
-323, -17
-48, 191
209, 247
62, 66
-244, -212
-153, -308
297, -126
504, 116
256, 197
47, 182
237, 219
475, 204
320, -42
-33, -340
-126, -297
17, 84
22, 322
-161, 117
-209, -247
5, -356
240, -216
315, -85
319, -50
336, -65
276, -168
87, -333
-106, -305
-181, 27
-150, 286
-52, 83
106, -305
244, -257
227, 229
64, 512
-89, 310
-138, 110
-118, 301
-32, 517
155, 283
319, -153
232, -225
-86, 47
-293, 135
-152, -109
157, -282
321, -120
286, 150
204, 265
158, 282
163, 293
253, 201
357, -33
251, -204
-101, -160
-320, -44
-81, -22
323, -2
310, 144
-141, 291
-448, 229
-322, 18
-163, -93
-323, -13
-485, 137
-218, 238
234, 253
287, 148
-58, -68
-222, -235
41, -179
317, 60
229, 267
-53, 319
-203, 276
-219, 237
-215, 245
-114, 302
126, 330
270, 177
136, -145
-54, -318
-18, -83
98, 308
-32, 338
-319, -49
-365, -361
-112, -303
56, -184
-81, -313
-285, -424
-291, -141
-162, 296
-61, 317
34, -74
163, -279
197, -11
30, 322
-207, 294
-321, 37
-307, -121
-288, -147
-308, -140
-322, -29
-270, 209
-99, 307
162, 94
293, -135
90, -39
-272, 175
-349, 57
-35, -321
270, -445
265, -185
178, 9
282, -157
354, -382
64, -317
-341, -84
-322, 19
94, 15
310, 91
43, 190
-305, 106
-320, -132
-111, -303
31, -326
76, -314
80, -333
-46, -320
-280, -215
-322, -27
-41, 178
198, 256
44, 80
-230, -226
-118, -329
306, -104
479, 168
237, 219
44, 175
213, 243
434, 266
323, -3
26, -351
-85, -312
-10, 96
-27, 322
-163, 80
-165, -278
52, -340
276, -169
340, -34
323, 13
327, 15
305, -106
173, -316
-34, -321
-197, -6
-215, 241
-56, 57
181, -268
288, -174
157, 282
-66, 500
-174, 272
-179, 74
-203, 252
-174, 472
58, 318
336, -33
293, -135
-82, 6
-322, 26
-120, -147
248, -207
358, -3
210, 246
72, 332
37, 321
50, 325
151, 286
324, 124
313, -81
-8, -196
-270, -177
-79, -47
291, 141
227, 260
-258, 194
-519, 4
-293, -135
-83, -168
-276, -167
-506, -110
-308, 98
90, 329
172, 274
-30, -80
-66, -316
146, -137
236, 221
32, 356
-219, 237
-307, 109
-315, 73
-332, 87
-267, 182
-73, 335
115, 302
180, -29
148, -287
52, -84
-110, 304
-250, 253
-219, -237
-40, -517
106, -305
145, -98
141, -291
77, -514
-126, -297
-334, 120
-258, 195
91, -37
310, -92
135, 134
-201, 253
-338, 59
-254, -200
-147, -297
-97, -308
-97, -325
-201, -253
-354, -49
-293, 135
55, 177
296, 129
73, 48
-310, -91
-254, -234
224, -233
499, -70
310, 89
121, 139
298, 125
503, 51
291, -141
-122, -328
-207, -248
27, 90
106, 305
-114, 140
-261, -190
-87, -335
190, -261
305, -158
305, -107
307, -107
247, -209
52, -355
-144, -289
-190, 61
-121, 300
-31, 74
84, -312
215, -258
237, 219
93, 497
-84, 312
-151, 123
-121, 300
-30, 503
144, 289
313, -124
247, -209
-76, 27
-305, 107
-154, -113
190, -261
349, -88
261, 190
143, 307
106, 305
119, 307
207, 248
341, 56
291, -141
-44, -191
-298, -125
-87, -32
310, 89
268, 219
-224, 233
-513, 83
-310, -91
-105, -155
-296, -129
-516, -44
-293, 135
129, 316
201, 253
-39, -76
-97, -308
133, -151
254, 200
59, 353
-201, 253
-298, 129
-310, 92
-327, 106
-258, 195
-58, 337
126, 297
179, -33
141, -291
51, -86
-106, 305
-248, 256
-219, -237
-37, -518
110, -304
147, -94
148, -287
93, -513
-115, -302
-338, 107
-267, 182
93, -34
315, -73
126, 145
-219, 237
-342, 30
-236, -221
-118, -307
-66, -316
-63, -335
-172, -274
-345, -88
-308, 98
31, 181
276, 167
66, 60
-293, -135
-216, -273
258, -194
505, 16
291, 141
93, 156
270, 177
486, 148
313, -81
-55, -349
-151, -286
9, 97
37, 321
-144, 107
-210, -246
-4, -343
248, -207
334, -80
322, -26
326, -20
293, -135
145, -331
-58, -318
-197, 8
-203, 252
-54, 57
174, -272
285, -176
157, 282
-72, 497
-181, 268
-182, 70
-215, 241
-203, 458
34, 321
339, -1
305, -106
-83, -6
-323, -13
-98, -158
276, -169
353, 50
165, 278
11, 343
-27, 322
-20, 325
85, 312
288, 200
323, -3
40, -196
-213, -243
-61, -62
237, 219
137, 312
-306, 104
-490, -160
-230, -226
-21, -192
-198, -256
-427, -284
-322, -27
-49, 332
46, 320
8, -79
76, -314
189, -66
111, 303
-133, 337
-305, 106
-324, -59
-310, -91
-328, -85
-322, 19
-241, 240
-64, 317
169, 81
282, -157
88, -47
-265, 185
-348, 67
-35, -321
278, -444
272, -175
178, 22
293, -135
387, -352
99, -307
-327, -123
-322, -29
89, 25
288, 147
5, 200
-321, 37
-281, -210
-30, -322
120, -300
163, -279
177, -298
61, -317
-187, -292
-291, -141
-107, 143
81, 313
9, 98
-112, -303
38, -354
319, 49
343, 384
98, 308
-54, 165
54, 318
223, 467
270, 177
219, -283
114, -302
-63, 80
-219, 237
-179, -50
53, -319
265, -212
317, 60
269, 199
222, 235
222, 254
287, 148
347, -97
218, -238
-121, -143
-323, -13
-82, -20
322, -18
313, 141
-141, 291
-454, 213
-323, 2
-156, -100
-320, -44
-498, 71
-251, 204
188, 296
253, 201
-42, -85
-158, -282
89, -154
286, 150
132, 318
-157, 282
-288, 192
-293, 135
-297, 129
-232, 225
-34, 360
155, 283
188, -68
118, -301
32, -70
-89, 310
-223, 248
-227, -229
-64, -498
106, -305
161, -114
150, -286
88, -492
-106, -305
-328, 75
-276, 168
80, -10
319, -50
128, 136
-240, 216
-358, 13
-209, -247
-64, -338
-22, -322
-28, -323
-126, -297
-310, -162
-320, 42
-19, 201
237, 219
68, 55
-256, -197
-163, -298
297, -126
501, 125
244, 212
31, 192
209, 247
437, 266
323, 17
41, -331
-50, -319
-7, 77
-76, 314
-189, 66
-106, -305
141, -336
308, -96
322, 74
305, 106
322, 101
323, 1
257, -219
89, -310
-162, -98
-296, 130
-92, 41
283, -155
352, -29
-5, 323
-333, 406
-293, 135
-174, -51
-311, 89
-438, 288
-150, 286
298, 175
311, 88
-81, -38
-253, -201
34, -200
321, 33
229, 271
-44, 320
-190, 259
-227, 230
-244, 248
-141, 291
101, 326
241, 215
145, -103
13, -323
18, -101
14, 323
-144, 329
-287, -148
-202, -479
9, -323
109, -132
60, -317
-47, -521
-188, -263
-305, 187
-219, 237
86, -55
294, -133
148, 123
-177, 270
-332, 78
-263, -187
-155, -288
-98, -308
-92, -332
-191, -260
-350, -64
-303, 112
36, 176
278, 164
66, 64
-291, -141
-207, -284
267, -182
503, 53
279, 163
77, 159
249, 206
464, 213
321, -37
-1, -358
-100, -307
-8, 102
-29, 322
-165, 68
-147, -287
82, -327
293, -135
341, 8
316, 68
319, 88
321, -35
245, -271
57, -318
-184, -57
-282, 157
-74, 24
269, -178
336, -32
19, 322
-290, 404
-284, 154
-190, -15
-305, 106
-408, 286
-136, 293
292, 187
314, 76
-69, -61
-259, -194
15, -176
322, 27
248, 242
-41, 320
-203, 285
-226, 230
-230, 222
-143, 290
82, 353
237, 219
162, -125
21, -322
6, -75
3, 323
-142, 298
-280, -160
-193, -463
27, -322
132, -151
80, -313
-26, -498
-169, -276
-303, 138
-238, 219
75, -22
305, -106
151, 111
-203, 251
-354, 69
-241, -215
-106, -329
-62, -317
-66, -315
-157, -282
-323, -135
-315, 69
-5, 205
252, 203
72, 48
-265, -184
-175, -288
293, -135
504, 111
246, 209
31, 195
207, 248
433, 270
322, 25
53, -326
-37, -321
-12, 73
-95, 309
-193, 57
-81, -313
170, -326
316, -65
313, 112
291, 141
306, 136
320, 45
288, -176
135, -293
-146, -128
-314, 77
-96, 29
308, -98
349, 36
-72, 315
-411, 330
-316, 66
-159, -96
-323, 10
-494, 175
-219, 237
237, 243
274, 171
-64, -54
-182, -267
91, -187
295, 132
133, 337
-148, 287
-270, 172
-293, 137
-313, 152
-237, 219
-32, 333
140, 291
177, -30
141, -291
53, -93
-121, 299
-266, 245
-195, -258
26, -528
154, -284
162, -59
201, -253
202, -490
-38, -321
-353, 23
-308, 97
97, -14
321, 37
67, 191
-293, 135
-327, -122
-119, -300
35, -315
91, -310
108, -335
-6, -323
-242, -245
-310, -89
-82, 152
122, 299
19, 102
-141, -291
11, -362
322, 29
358, 375
106, 305
-52, 158
50, 319
209, 481
261, 190
238, -275
139, -291
-70, 81
-247, 209
-171, -83
103, -306
300, -153
300, 121
219, 242
161, 280
153, 311
237, 219
358, -4
280, -161
-66, -164
-300, -121
-72, -58
306, 103
236, 263
-247, 209
-504, -9
-291, -139
-90, -148
-261, -190
-473, -193
-319, 50
11, 363
106, 305
8, -108
29, -322
166, -60
141, 291
-93, 318
-299, 122
-340, -21
-310, -89
-312, -118
-323, 6
-270, 252
-91, 310
175, 72
300, -119
78, -7
-293, 135
-338, -30
37, -321
361, -337
308, -97
181, 47
321, -38
464, -179
201, -253
-239, -261
-284, -154
53, 85
195, 258
-68, 156
-299, -121
-158, -298
141, -291
282, -212
291, -140
297, -119
237, -219
50, -368
-137, -293
-194, 62
-148, 287
-40, 56
132, -295
260, -198
182, 267
-39, 490
-171, 274
-182, 83
-219, 237
-223, 437
10, 323
337, 45
316, -66
-81, -32
-315, -72
-62, -162
308, -98
326, 128
77, 314
-97, 343
-135, 293
-140, 279
-45, 320
180, 317
291, 141
126, -171
-65, -316
-18, -68
81, 313
-65, 317
-309, -95
-289, -407
-37, -321
106, -178
25, -322
-108, -481
-207, -248
-279, 171
-209, 246
69, -24
293, -135
162, 90
-184, 265
-351, 97
-252, -203
-117, -332
-69, -315
-71, -307
-157, -282
-320, -146
-317, 62
-13, 212
241, 215
69, 44
-251, -203
-150, -293
305, -106
488, 157
219, 238
5, 207
169, 276
384, 326
313, 80
113, -301
27, -322
-28, 59
-160, 280
-199, 21
-3, -323
245, -282
322, 21
272, 206
237, 219
248, 211
290, 143
332, -61
226, -230
-95, -183
-320, -41
-96, 4
322, 27
303, 158
-194, 259
-507, 142
-314, -76
-105, -170
-293, -136
-514, -58
-305, 106
86, 313
154, 284
-23, -64
-19, -322
170, -126
178, 269
-67, 371
-282, 157
-325, -27
-318, -57
-336, -44
-321, 35
-234, 228
-68, 316
164, 105
293, -135
94, -54
-287, 147
-355, 26
29, -322
371, -388
307, -100
164, 90
321, -37
484, -218
206, -249
-250, -223
-279, -163
67, 43
182, 267
-95, 196
-291, -141
-117, -354
164, -278
280, -141
303, -112
327, -132
260, -191
74, -314
-98, -308
-180, -10
-187, 263
-69, 94
177, -270
310, -198
133, 294
-148, 520
-219, 237
-173, 0
-263, 188
-332, 426
-60, 317
340, 74
323, 9
-93, -5
-287, -148
5, -218
323, -14
256, 257
-13, 323
-166, 256
-215, 241
-241, 271
-141, 291
96, 312
230, 227
150, -74
44, -320
32, -116
-33, 321
-200, 319
-253, -201
-91, -531
88, -311
140, -78
150, -286
120, -530
-89, -311
-352, 86
-293, 135
100, -38
323, 5
78, 199
-283, 155
-329, -119
-130, -296
24, -302
89, -310
114, -349
1, -323
-235, -240
-305, -106
-89, 130
96, 308
6, 119
-106, -305
61, -374
314, 76
291, 445
50, 319
-80, 129
-17, 323
96, 533
209, 247
300, -224
212, -244
-90, 76
-297, 126
-138, -151
197, -256
334, -23
237, 219
113, 286
42, 320
19, 366
126, 297
324, 127
322, -22
17, -154
-209, -247
-38, -108
216, 240
74, 369
-319, 50
-425, -300
-168, -276
11, -149
-106, -305
-276, -458
-286, -150
-208, 320
-106, 305
70, -105
229, -227
169, 90
-89, 310
-289, 143
-301, -118
-223, -225
-155, -283
-135, -335
-225, -232
-363, -3
-293, 135
53, 150
282, 157
59, 88
-286, -150
-183, -321
282, -158
488, 135
253, 201
55, 143
204, 251
400, 337
320, 44
103, -372
-2, -323
-45, 123
-141, 291
-175, -29
-18, -322
212, -229
323, 13
298, 140
238, 218
222, 274
287, 148
359, -114
235, -222
-112, -125
-317, -60
-69, -66
319, 53
260, 248
-219, 237
-492, 21
-302, -114
-110, -119
-270, -177
-469, -201
-318, 54
-1, 387
98, 308
21, -131
49, -319
162, -23
112, 303
-122, 280
-313, 81
-340, -47
-291, -141
-277, -201
-317, -61
-327, 211
-163, 279
157, 88
322, -30
71, 45
-321, 37
-303, -169
147, -288
454, -152
322, 29
152, 85
307, 99
491, 71
293, -135
-86, -374
-175, -272
-1, 133
35, 321
-136, 63
-185, -265
33, -301
282, -157
356, -39
317, 64
303, 127
322, -19
280, -285
91, -310
-188, -47
-305, 106
-65, -27
303, -111
320, 94
-76, 314
-392, 252
-320, 46
-182, -47
-322, -27
-481, 41
-256, 198
152, 346
230, 226
-14, -130
-104, -306
105, -90
237, 219
46, 301
-243, 213
-354, 114
-323, 3
-309, -62
-312, 85
-230, 336
-27, 322
207, 8
278, -165
55, 15
-276, 169
-318, -30
13, -323
322, -322
305, -106
202, 12
321, -34
450, -129
215, -241
-199, -313
-268, -181
23, 126
157, 282
-73, 107
-272, -174
-112, -288
203, -252
343, -173
318, -58
300, 10
293, -135
186, -370
-26, -322
-220, 26
-248, 207
-42, -6
246, -210
304, -19
37, 321
-254, 367
-286, 151
-215, 19
-313, 81
-412, 193
-177, 270
228, 282
291, 141
-26, -122
-194, -258
44, -115
293, 135
164, 269
-167, 276
-332, 217
-308, 98
-285, 28
-274, 172
-152, 391
66, 316
230, -54
221, -236
28, 2
-219, 237
-286, 54
-73, -315
197, -393
267, -182
226, -44
302, -115
375, -236
148, -287
-241, -257
-304, -110
24, 119
219, 237
-18, 118
-305, -106
-203, -252
141, -291
325, -248
297, -126
267, -53
258, -195
132, -403
-92, -310
-239, 73
-201, 253
