-1, 0
13, -16
17, -5
6, 19
-10, 26
-16, 13
-15, 4
-18, 9
-22, 16
-8, 19
15, 15
20, 6
-1, -7
-15, -14
0, -7
20, 6
15, 15
-8, 19
-21, 17
-18, 9
-16, 4
-16, 13
-8, 26
7, 19
16, -5
12, -16
0, 0
-12, 16
-16, 5
-7, -19
8, -26
16, -13
16, -4
18, -9
20, -17
8, -19
-15, -15
-20, -5
0, 7
15, 14
1, 7
-20, -5
-16, -15
8, -19
21, -17
18, -9
15, -4
16, -13
9, -26
-7, -19
-17, 5
-12, 16
1, 0
12, -16
15, -5
7, 19
-7, 26
-16, 13
-17, 4
-18, 9
-20, 17
-8, 19
14, 15
20, 6
1, -8
-15, -14
-2, -7
20, 6
16, 15
-8, 19
-23, 16
-18, 9
-14, 4
-16, 13
-11, 26
6, 19
18, -5
13, -16
-2, 0
-13, 16
-14, 5
-6, -20
7, -25
16, -12
18, -3
19, -8
20, -16
9, -18
-12, -16
-19, -7
-2, 7
14, 15
2, 7
-19, -7
-16, -16
9, -18
25, -15
19, -7
13, -3
17, -11
13, -25
-5, -20
-19, 3
-14, 15
3, 0
14, -15
14, -3
4, 20
-9, 25
-17, 11
-19, 2
-19, 6
-20, 14
-11, 17
9, 17
18, 9
4, -7
-12, -16
-3, -8
18, 9
15, 18
-11, 17
-27, 12
-20, 5
-13, 1
-18, 10
-17, 23
2, 20
20, -1
15, -13
-4, 0
-16, 13
-13, 2
-2, -20
11, -23
18, -9
20, 1
20, -4
21, -11
13, -16
-6, -18
-17, -11
-6, 7
10, 18
2, 8
-17, -11
-13, -20
14, -15
29, -8
20, -2
12, 1
19, -7
21, -20
1, -20
-21, -2
-17, 11
4, 1
18, -10
12, 1
-2, 20
-14, 21
-20, 5
-20, -4
-20, 0
-21, 7
-15, 13
2, 19
15, 14
8, -6
-7, -19
-2, -8
15, 14
11, 22
-16, 12
-31, 3
-20, -2
-11, -3
-20, 3
-26, 16
-5, 20
21, 6
19, -7
-5, -2
-19, 7
-11, -3
6, -20
17, -18
20, -1
20, 8
20, 4
22, -2
18, -10
3, -19
-12, -17
-9, 4
2, 20
1, 8
-11, -17
-6, -24
18, -9
32, 4
19, 6
9, 5
20, 2
30, -10
9, -18
-20, -11
-20, 2
5, 3
20, -2
9, 6
-10, 18
-20, 13
-20, -4
-18, -13
-18, -9
-21, -3
-20, 5
-9, 18
7, 19
11, -1
3, -20
0, -8
6, 19
1, 24
-20, 3
-30, -13
-17, -11
-6, -8
-19, -7
-32, 1
-14, 15
17, 16
20, 3
-5, -4
-20, -4
-6, -8
15, -14
22, -7
18, 9
15, 17
15, 14
18, 9
20, 1
14, -14
-1, -20
-12, -2
-9, 18
-2, 8
0, -20
6, -23
20, 3
26, 21
13, 16
3, 9
16, 13
32, 8
18, -10
-12, -20
-18, -9
5, 6
18, 10
2, 9
-18, 9
-22, 0
-14, -15
-9, -21
-10, -18
-13, -14
-19, -7
-19, 9
-6, 20
12, 6
14, -14
4, -7
-7, 19
-12, 20
-18, -9
-18, -29
-7, -19
2, -9
-11, -17
-28, -19
-20, 3
6, 23
14, 15
-3, -7
-13, -16
2, -10
20, -1
20, 8
8, 19
2, 23
3, 20
6, 18
15, 14
22, -1
12, -16
-10, -9
-19, 8
-5, 5
13, -15
18, -14
13, 16
7, 34
-1, 20
-6, 8
3, 20
19, 28
20, 5
3, -24
-7, -19
1, 7
6, 19
-7, 8
-19, -7
-14, -15
0, -20
6, -22
6, -20
2, -19
-8, -19
-22, -7
-18, 10
6, 12
20, 0
5, -2
-18, 9
-21, 5
-6, -20
7, -33
9, -18
10, -5
6, -20
-7, -33
-16, -13
-12, 20
-2, 20
1, -7
3, -20
10, -5
15, 14
5, 20
-9, 18
-14, 17
-14, 15
-11, 16
-1, 20
17, 16
20, -1
-1, -14
-18, -9
-5, 0
20, 1
21, 5
-4, 20
-20, 27
-17, 12
-12, 0
-14, 15
-8, 33
8, 19
19, -12
11, -17
-3, 6
-12, 17
-12, -1
-6, -19
6, -20
16, -12
20, -8
19, -7
19, -9
10, -18
-8, -22
-18, -9
-5, 12
11, 17
3, 3
-18, -10
-15, -14
13, -16
30, -14
20, -2
11, 6
19, -6
23, -24
2, -20
-21, 2
-18, 9
5, -3
18, -9
11, 7
-4, 20
-16, 14
-20, 2
-20, -3
-20, -4
-21, -2
-18, 10
-3, 23
11, 17
10, -8
-1, -20
-1, -4
10, 18
5, 20
-19, 7
-32, -4
-18, -9
-8, -11
-20, -5
-31, 9
-12, 16
18, 10
20, 2
-5, 0
-20, -3
-7, -12
14, -15
22, -4
18, 9
15, 13
15, 14
18, 13
20, 1
15, -18
0, -20
-12, 1
-10, 18
-3, 4
2, -20
8, -19
20, 5
23, 21
11, 17
1, 13
14, 15
30, 10
19, -7
-9, -19
-16, -13
3, 3
15, 14
0, 13
-20, 4
-21, -9
-10, -18
-4, -19
-4, -20
-8, -21
-16, -13
-21, 6
-12, 17
9, 6
18, -9
5, -2
-13, 16
-19, 11
-13, -16
-6, -30
2, -20
6, -11
-2, -20
-17, -26
-19, -6
-5, 20
5, 20
0, -4
-4, -20
7, -11
18, 9
12, 20
-3, 20
-10, 18
-9, 18
-5, 22
5, 20
20, 8
19, -6
-3, -10
-20, -5
-6, -2
20, -4
22, 3
1, 20
-15, 28
-14, 15
-11, 5
-11, 17
-3, 31
11, 17
17, -13
8, -19
-3, 4
-9, 18
-11, 4
-9, -18
2, -23
15, -14
20, -8
18, -9
17, -13
9, -18
-9, -19
-19, -8
-5, 10
12, 16
4, 5
-18, -10
-16, -16
13, -16
30, -11
20, -2
11, 3
19, -6
24, -21
2, -20
-22, -2
-18, 9
6, 0
19, -7
10, 5
-6, 20
-16, 16
-20, 0
-21, -7
-20, -6
-21, -1
-19, 8
-7, 20
9, 18
11, -4
2, -20
0, -7
7, 19
2, 23
-20, 3
-31, -12
-16, -12
-5, -9
-18, -9
-33, -1
-16, 13
16, 17
19, 6
-5, -4
-19, -8
-3, -10
18, -10
22, 0
15, 14
11, 20
10, 18
13, 15
19, 8
20, -10
6, -19
-12, -5
-16, 13
-4, 5
9, -18
14, -17
16, 12
14, 30
3, 20
-4, 10
7, 19
23, 24
20, 2
0, -23
-9, -18
2, 6
8, 19
-6, 10
-20, -6
-14, -15
0, -20
6, -21
6, -20
3, -20
-7, -19
-22, -8
-18, 9
5, 12
20, 2
5, -1
-19, 6
-21, 1
-2, -20
12, -31
13, -16
11, -4
10, -18
1, -33
-12, -16
-16, 15
-8, 19
2, -6
9, -18
12, -2
9, 18
-3, 21
-15, 14
-19, 10
-18, 9
-18, 11
-9, 18
9, 21
19, 8
5, -12
-11, -17
-3, -3
17, 11
14, 15
-14, 15
-30, 11
-20, 1
-11, -6
-20, 4
-25, 21
-5, 20
21, 2
19, -6
-5, 2
-20, 5
-10, -8
9, -18
19, -11
20, 3
18, 9
18, 9
21, 7
20, -4
10, -21
-5, -20
-11, 4
-6, 19
-2, 5
-2, -20
4, -21
20, 2
26, 17
13, 16
3, 12
16, 13
31, 7
18, -9
-10, -18
-17, -12
4, 3
16, 13
1, 13
-20, 4
-21, -8
-10, -18
-3, -20
-4, -20
-8, -21
-15, -14
-21, 4
-13, 16
9, 7
19, -7
6, -1
-15, 14
-20, 9
-11, -17
-1, -31
5, -20
7, -9
2, -20
-11, -29
-18, -10
-10, 19
0, 20
1, -5
1, -20
9, -8
15, 14
6, 22
-9, 18
-15, 14
-14, 15
-12, 18
-3, 20
15, 15
20, 2
2, -11
-16, -12
-5, -4
20, 5
19, 12
-9, 18
-27, 18
-19, 7
-11, -1
-18, 10
-19, 26
1, 20
22, -2
17, -11
-6, 2
-18, 10
-11, -4
4, -20
15, -17
20, -2
21, 5
20, 4
21, 1
18, -9
6, -21
-9, -18
-11, 4
-2, 20
0, 6
-6, -19
-1, -23
20, -2
30, 13
16, 13
4, 10
18, 10
33, 3
17, -11
-14, -18
-18, -9
5, 4
18, 10
1, 11
-19, 7
-21, -4
-12, -16
-7, -21
-6, -19
-9, -18
-17, -12
-22, 5
-11, 17
10, 8
19, -8
4, -3
-14, 15
-18, 12
-12, -17
-4, -33
4, -20
8, -8
1, -20
-14, -30
-18, -9
-8, 21
1, 20
0, -6
1, -20
10, -7
15, 14
5, 21
-9, 18
-14, 16
-14, 15
-13, 16
-3, 20
15, 17
20, 2
1, -13
-16, -13
-4, -2
20, 6
18, 11
-9, 18
-27, 18
-20, 6
-12, -3
-18, 9
-20, 26
0, 20
21, -2
18, -10
-5, 3
-19, 8
-11, -6
6, -20
17, -14
20, 0
19, 6
19, 7
21, 5
19, -6
8, -21
-7, -19
-11, 4
-5, 20
-1, 5
-3, -20
3, -21
20, 1
27, 17
13, 16
3, 12
15, 13
31, 8
19, -8
-9, -19
-16, -12
3, 3
15, 14
0, 13
-20, 3
-20, -10
-8, -19
-1, -20
-1, -20
-5, -21
-13, -16
-22, 1
-15, 14
7, 9
20, -3
6, -1
-17, 11
-22, 5
-7, -19
6, -31
9, -18
9, -7
7, -19
-3, -31
-14, -14
-15, 16
-6, 20
3, -4
7, -19
11, -4
10, 18
-1, 23
-15, 14
-20, 8
-18, 9
-17, 12
-10, 18
7, 20
18, 9
6, -10
-10, -18
-4, -5
16, 13
13, 19
-16, 13
-32, 5
-20, -3
-9, -6
-20, 0
-30, 13
-9, 18
21, 9
20, -1
-6, -1
-20, -1
-7, -9
14, -15
21, -6
18, 9
15, 16
14, 15
16, 13
20, 4
18, -13
3, -20
-12, -3
-14, 15
-3, 5
7, -19
13, -18
17, 11
15, 29
3, 20
-4, 10
6, 19
23, 24
20, 3
2, -22
-7, -19
1, 6
5, 20
-8, 9
-18, -9
-11, -18
4, -20
10, -19
10, -18
8, -19
-2, -20
-19, -13
-20, 2
1, 13
18, 9
5, 2
-20, -2
-20, -8
6, -19
24, -22
18, -9
12, 1
17, -11
17, -28
-2, -20
-21, 4
-17, 12
5, -3
18, -10
12, 5
-4, 20
-16, 15
-20, 1
-20, -5
-20, -6
-21, -4
-19, 7
-8, 21
7, 19
11, -4
5, -20
1, -5
3, 20
-4, 21
-20, -2
-26, -18
-12, -16
-2, -12
-15, -14
-30, -10
-19, 7
8, 20
15, 14
-3, -4
-13, -15
2, -12
20, 0
19, 13
5, 20
-2, 21
-2, 20
2, 22
10, 18
21, 3
17, -11
-5, -10
-20, -1
-6, 0
19, -7
22, 0
2, 20
-14, 29
-14, 15
-11, 4
-11, 17
-5, 31
10, 18
19, -11
11, -17
-4, 4
-13, 16
-12, 0
-4, -20
8, -21
18, -9
21, -1
20, -2
20, -5
16, -13
1, -22
-13, -15
-10, 7
2, 20
1, 6
-10, -18
-4, -22
20, -5
32, 9
17, 11
5, 10
18, 9
33, 1
16, -12
-15, -17
-18, -9
5, 4
17, 11
1, 11
-19, 6
-21, -6
-11, -17
-5, -21
-4, -20
-7, -19
-15, -14
-22, 2
-14, 15
9, 9
20, -5
5, -2
-17, 11
-20, 7
-7, -19
5, -32
9, -18
10, -6
7, -19
-3, -33
-14, -15
-15, 16
-7, 19
2, -5
9, -18
12, -2
8, 19
-5, 21
-16, 12
-20, 7
-20, 6
-20, 8
-13, 16
5, 22
16, 13
7, -9
-6, -19
-2, -5
13, 16
7, 20
-18, 9
-32, -3
-19, -8
-8, -10
-20, -6
-31, 5
-14, 15
16, 14
20, 6
-5, -2
-19, -8
-4, -12
18, -9
22, 3
13, 16
7, 19
7, 19
10, 19
16, 12
21, -5
12, -16
-9, -7
-19, 7
-6, 2
16, -13
21, -8
9, 18
-3, 32
-8, 19
-9, 8
-5, 20
5, 31
15, 14
14, -16
5, -20
-3, 5
-8, 19
-11, 4
-9, -18
2, -22
16, -13
20, -7
19, -7
18, -10
12, -16
-5, -21
-16, -12
-8, 9
7, 19
3, 6
-13, -16
-9, -21
18, -9
33, 3
19, 8
7, 9
20, 6
32, -4
14, -15
-17, -15
-20, -6
6, 3
19, 8
3, 11
-18, 9
-21, -3
-13, -16
-7, -20
-6, -19
-8, -19
-16, -13
-22, 4
-13, 16
9, 8
20, -6
5, -2
-16, 12
-20, 8
-8, -19
4, -32
9, -18
10, -6
7, -19
-3, -33
-14, -15
-15, 16
-7, 19
2, -5
9, -18
12, -2
7, 19
-6, 21
-17, 11
-20, 5
-20, 5
-20, 7
-14, 15
3, 22
15, 14
8, -9
-4, -20
-1, -5
11, 17
5, 21
-19, 6
-31, -7
-17, -11
-6, -11
-18, -9
-32, 0
-16, 12
13, 16
18, 9
-4, -3
-17, -11
-1, -12
20, -5
21, 8
10, 18
2, 21
2, 20
5, 21
13, 15
22, 0
16, -13
-7, -9
-20, 2
-6, 0
18, -9
22, -2
4, 20
-12, 30
-13, 16
-10, 5
-11, 17
-5, 32
10, 18
19, -11
11, -17
-4, 4
-14, 15
-12, 0
-2, -20
10, -20
19, -7
22, 1
20, 1
21, -2
17, -11
4, -21
-10, -18
-11, 5
-2, 20
0, 6
-5, -20
1, -22
20, 0
28, 17
13, 15
2, 11
15, 14
31, 11
19, -7
-8, -21
-15, -14
4, 5
12, 16
-3, 11
-20, -2
-17, -14
-3, -20
4, -21
5, -20
3, -21
-7, -19
-21, -8
-19, 7
4, 12
20, 6
5, 1
-20, 1
-21, -5
4, -20
21, -24
18, -10
12, 1
17, -12
16, -28
-2, -20
-21, 4
-17, 11
5, -2
18, -9
11, 6
-6, 19
-18, 13
-20, -2
-19, -9
-18, -9
-20, -8
-20, 2
-12, 19
2, 20
12, -1
10, -18
3, -5
-4, 20
-11, 19
-18, -9
-17, -27
-5, -20
3, -12
-7, -19
-22, -23
-20, -3
-3, 21
6, 19
0, -5
-3, -20
8, -9
17, 11
9, 21
-7, 19
-14, 15
-14, 15
-12, 17
-3, 20
14, 17
20, 4
4, -11
-14, -15
-5, -4
18, 9
16, 16
-14, 15
-31, 9
-20, -1
-9, -6
-20, 1
-29, 14
-9, 18
20, 9
20, 0
-6, -1
-20, -3
-5, -10
16, -13
22, -2
16, 13
11, 18
10, 18
12, 17
18, 9
21, -8
10, -18
-11, -7
-18, 9
-5, 3
15, -14
19, -10
10, 18
-1, 33
-7, 19
-10, 7
-6, 20
5, 32
14, 14
14, -16
7, -19
-2, 5
-9, 18
-12, 2
-7, -19
6, -21
17, -11
20, -4
20, -3
21, -5
15, -14
-1, -22
-13, -16
-9, 7
1, 20
0, 5
-8, -19
-1, -21
20, -3
29, 13
15, 14
4, 11
16, 12
31, 7
19, -8
-9, -19
-15, -13
3, 4
13, 16
-2, 12
-20, -1
-18, -14
-3, -20
5, -20
5, -20
2, -21
-7, -19
-20, -8
-19, 6
2, 11
19, 7
6, 2
-20, 0
-21, -7
6, -20
24, -22
19, -8
11, 1
18, -10
20, -25
0, -20
-22, 0
-18, 9
6, -1
20, -6
9, 7
-9, 18
-19, 11
-20, -6
-17, -13
-16, -13
-17, -11
-20, -2
-17, 15
-3, 20
12, 3
14, -15
3, -4
-9, 18
-15, 16
-15, -14
-10, -31
1, -20
7, -10
-1, -20
-15, -29
-18, -9
-9, 20
-1, 20
1, -6
4, -20
11, -5
12, 17
0, 22
-14, 15
-19, 9
-19, 8
-19, 11
-11, 17
6, 22
17, 12
7, -9
-6, -19
-1, -5
12, 16
6, 21
-19, 7
-31, -6
-18, -10
-6, -10
-18, -9
-32, -1
-17, 11
12, 17
18, 10
-4, -4
-16, -13
0, -12
20, -2
20, 11
6, 19
-2, 21
-2, 20
1, 21
9, 18
21, 5
18, -9
-4, -11
-20, -4
-6, -1
20, -2
22, 5
-4, 20
-22, 24
-18, 10
-11, 0
-17, 11
-18, 27
1, 20
22, -2
18, -10
-6, 1
-19, 7
-10, -6
9, -18
19, -11
20, 5
18, 12
16, 12
18, 11
20, 2
17, -15
3, -20
-12, -3
-14, 15
-3, 4
9, -18
15, -16
15, 14
9, 31
-1, 20
-7, 9
0, 20
14, 30
18, 10
10, -19
2, -20
-1, 6
-5, 20
-12, 4
-11, -17
2, -22
15, -14
19, -8
19, -7
20, -9
13, -16
-4, -22
-15, -14
-8, 9
4, 20
1, 5
-10, -18
-3, -21
20, -4
30, 11
16, 13
5, 11
17, 12
31, 6
18, -9
-9, -19
-16, -13
3, 4
13, 16
-2, 12
-20, -2
-17, -14
-2, -20
6, -20
6, -19
4, -21
-5, -20
-19, -10
-20, 4
1, 12
18, 9
6, 2
-20, -3
-20, -10
9, -18
28, -17
20, -5
11, 3
19, -6
25, -21
5, -20
-22, -5
-20, 4
6, 0
20, -1
7, 9
-14, 15
-21, 5
-17, -11
-13, -17
-11, -17
-13, -16
-19, -8
-21, 9
-9, 18
11, 7
18, -9
5, -3
-15, 14
-20, 9
-9, -18
3, -32
9, -18
10, -6
8, -19
-1, -32
-12, -16
-17, 14
-10, 18
3, -4
13, -16
12, 1
2, 20
-11, 19
-19, 6
-21, -1
-20, -2
-22, 0
-18, 9
-6, 21
7, 19
11, -4
6, -20
2, -5
0, 20
-7, 21
-20, -6
-21, -24
-8, -19
1, -12
-9, -18
-24, -21
-20, -2
-2, 22
7, 19
0, -5
-3, -20
8, -9
16, 12
7, 21
-9, 18
-16, 14
-16, 13
-14, 15
-6, 19
10, 19
19, 8
6, -11
-10, -18
-3, -5
15, 14
11, 19
-18, 10
-33, -2
-19, -8
-7, -9
-19, -6
-33, 2
-16, 13
15, 17
18, 9
-5, -4
-16, -12
0, -12
20, -3
19, 10
7, 19
-1, 21
-2, 20
0, 21
9, 18
22, 7
19, -8
-4, -12
-20, -6
-5, -1
20, 0
20, 7
-6, 20
-24, 21
-19, 7
-12, -2
-18, 9
-21, 24
-2, 20
21, 2
19, -6
-5, 1
-20, 2
-9, -9
13, -16
22, -6
18, 10
13, 16
12, 16
15, 16
19, 8
20, -10
9, -18
-10, -6
-18, 9
-5, 2
15, -14
21, -8
9, 18
-5, 32
-9, 18
-9, 6
-8, 19
-1, 32
11, 17
18, -12
11, -17
-4, 4
-14, 15
-11, -1
-1, -20
12, -19
20, -4
21, 4
20, 5
20, 3
19, -6
10, -20
-5, -20
-12, 2
-9, 18
-2, 5
3, -20
10, -19
18, 9
17, 28
4, 20
-4, 11
5, 20
20, 26
19, 6
6, -21
-2, -20
0, 6
-2, 20
-11, 6
-13, -16
-1, -22
13, -16
18, -10
18, -9
19, -10
12, -17
-5, -22
-16, -13
-8, 9
4, 20
1, 5
-10, -18
-3, -21
20, -4
30, 12
15, 14
4, 11
16, 13
31, 9
19, -7
-7, -20
-14, -15
2, 5
11, 17
-4, 11
-20, -5
-15, -17
2, -20
10, -19
10, -18
8, -19
0, -20
-16, -15
-20, -1
-2, 12
15, 14
5, 4
-18, -9
-16, -16
14, -15
32, -7
20, 3
9, 7
20, 2
31, -10
12, -16
-18, -13
-20, -5
6, 3
18, 9
2, 12
-19, 7
-21, -6
-10, -18
-3, -21
-1, -20
-3, -21
-11, -17
-22, -4
-18, 10
5, 11
20, 4
5, 1
-20, 2
-21, -5
4, -20
22, -23
18, -9
12, 1
18, -9
20, -25
2, -20
-21, -2
-19, 6
5, -1
20, -2
9, 9
-13, 16
-22, 5
-18, -10
-12, -17
-11, -17
-14, -16
-18, -9
-20, 8
-10, 18
9, 7
19, -7
6, -2
-16, 12
-21, 6
-6, -19
9, -31
12, -17
10, -5
11, -17
7, -32
-8, -19
-20, 9
-14, 15
5, -3
17, -12
11, 4
-4, 20
-16, 15
-20, -1
-20, -9
-18, -9
-19, -8
-20, 1
-15, 17
-1, 20
12, 2
14, -15
3, -4
-9, 18
-15, 15
-15, -14
-7, -32
3, -20
8, -9
2, -20
-10, -31
-16, -13
-13, 17
-6, 20
2, -5
9, -18
12, -2
6, 20
-8, 21
-18, 9
-21, 1
-20, 0
-22, 1
-18, 10
-5, 22
8, 19
11, -4
6, -20
2, -5
0, 20
-8, 20
-19, -7
-19, -25
-6, -19
2, -11
-7, -19
-21, -24
-20, -5
-5, 21
3, 20
1, -6
1, -20
10, -7
13, 16
2, 22
-13, 15
-19, 9
-19, 8
-18, 10
-12, 16
3, 22
15, 14
9, -8
-3, -20
-1, -6
8, 19
1, 22
-20, 1
-29, -16
-13, -16
-1, -11
-14, -15
-29, -14
-20, 3
4, 22
11, 17
-2, -5
-7, -19
7, -10
18, 9
9, 20
-7, 19
-14, 16
-14, 14
-14, 16
-6, 20
12, 19
19, 7
5, -11
-10, -18
-2, -5
14, 15
8, 20
-18, 9
-31, -5
-18, -10
-6, -10
-18, -9
-32, -3
-18, 10
10, 19
16, 13
-3, -4
-13, -16
3, -12
20, 3
16, 16
0, 20
-9, 19
-9, 18
-7, 20
1, 20
16, 14
20, 1
2, -12
-15, -14
-5, -4
18, 9
15, 16
-15, 14
-32, 5
-20, -4
-8, -8
-20, -3
-32, 7
-14, 15
16, 15
19, 7
-5, -3
-17, -11
0, -12
20, -3
19, 10
6, 19
-2, 21
-3, 20
-2, 21
7, 19
21, 9
20, -5
-2, -12
-18, -9
-5, -2
20, 4
18, 11
-10, 18
-29, 14
-20, 2
-11, -5
-20, 2
-28, 15
-9, 18
19, 10
20, 2
-5, -2
-19, -6
-4, -11
18, -9
22, 5
11, 17
3, 21
2, 20
4, 21
12, 17
21, 3
18, -10
-4, -11
-20, -4
-6, -1
20, -1
21, 7
-6, 20
-25, 21
-19, 7
-11, -3
-19, 7
-24, 22
-5, 20
22, 5
20, -3
-6, -1
-20, -2
-6, -10
16, -12
22, 0
15, 14
8, 20
7, 19
8, 19
15, 14
23, -1
15, -13
-7, -10
-20, 0
-5, 0
20, -5
21, 2
-2, 20
-20, 25
-18, 10
-12, 0
-17, 11
-19, 26
-1, 20
21, 1
19, -7
-5, 1
-20, 2
-8, -9
14, -15
22, -4
17, 11
11, 18
10, 18
12, 18
17, 11
21, -5
13, -16
-8, -9
-20, 4
-6, 1
18, -9
22, -1
2, 20
-16, 28
-16, 13
-11, 2
-15, 13
-16, 29
2, 20
22, -2
18, -10
-6, 1
-20, 5
-9, -8
11, -17
20, -7
18, 9
14, 16
12, 16
13, 16
18, 9
21, -8
11, -17
-10, -7
-19, 6
-5, 2
17, -11
21, -4
4, 20
-12, 30
-14, 15
-12, 3
-14, 15
-11, 30
5, 20
21, -5
17, -11
-5, 2
-19, 7
-10, -7
9, -18
20, -10
19, 7
15, 15
14, 15
16, 14
19, 7
19, -10
9, -18
-10, -6
-19, 8
-6, 2
16, -12
21, -6
6, 20
-10, 31
-13, 16
-11, 4
-13, 16
-10, 31
6, 19
21, -6
16, -13
-6, 2
-18, 9
-10, -6
8, -19
19, -11
20, 6
17, 14
15, 14
16, 14
20, 6
20, -11
8, -19
-11, -6
-18, 9
-5, 2
16, -13
20, -7
7, 19
-8, 31
-12, 16
-11, 4
-12, 16
-8, 31
7, 19
20, -7
16, -13
-5, 3
-18, 9
-11, -6
8, -19
19, -11
20, 5
16, 13
15, 14
17, 13
20, 5
19, -11
8, -19
-10, -6
-18, 9
-6, 3
16, -13
21, -7
7, 19
-9, 31
-12, 16
-10, 4
-12, 16
-9, 31
7, 19
21, -7
16, -13
-6, 2
-18, 9
-10, -6
8, -19
19, -11
20, 6
17, 13
15, 14
16, 14
20, 6
20, -11
8, -19
-11, -6
-18, 9
-5, 2
16, -13
20, -6
6, 19
-9, 31
-13, 16
-11, 4
-13, 16
-9, 31
6, 20
21, -6
16, -12
-5, 2
-19, 8
-11, -6
9, -18
20, -10
19, 7
15, 14
14, 15
16, 14
19, 7
20, -10
9, -18
-9, -7
-19, 7
-6, 2
17, -11
22, -5
5, 20
-12, 30
-14, 15
-11, 3
-14, 15
-13, 30
4, 20
22, -4
17, -11
-6, 2
-19, 6
-9, -7
11, -17
20, -8
18, 9
14, 16
12, 16
13, 16
18, 9
21, -7
11, -17
-10, -8
-20, 5
-5, 1
18, -10
21, -2
2, 20
-15, 28
-15, 13
-12, 2
-16, 13
-15, 28
2, 20
21, -1
18, -9
-5, 1
-20, 4
-9, -8
13, -16
22, -5
17, 11
11, 18
10, 18
12, 18
17, 11
21, -4
14, -15
-7, -9
-20, 2
-6, 1
19, -7
22, 1
-1, 20
-20, 26
-17, 11
-11, 0
-18, 10
-21, 25
-2, 20
22, 2
20, -5
-6, 0
-20, 0
-6, -10
15, -13
22, -1
15, 14
9, 19
7, 19
8, 20
15, 14
23, 0
16, -12
-7, -10
-20, -2
-5, -1
20, -3
21, 5
-5, 20
-24, 21
-19, 7
-12, -3
-19, 7
-24, 21
-6, 20
20, 7
20, -1
-5, -1
-20, -4
-5, -11
18, -10
22, 3
12, 17
3, 21
2, 20
4, 21
11, 17
21, 5
18, -9
-3, -12
-19, -6
-6, -2
20, 2
20, 10
-9, 18
-29, 15
-20, 2
-10, -5
-20, 2
-29, 14
-10, 18
19, 11
20, 4
-6, -2
-18, -9
-1, -12
20, -5
20, 9
7, 19
-1, 21
-3, 20
-2, 21
6, 19
20, 10
20, -3
-1, -12
-17, -11
-4, -3
19, 7
16, 15
-14, 15
-31, 7
-20, -3
-9, -8
-20, -4
-31, 5
-15, 14
14, 16
18, 9
-4, -4
-15, -14
1, -12
20, 1
17, 14
1, 20
-8, 20
-9, 18
-8, 19
0, 20
15, 16
20, 3
4, -12
-13, -16
-4, -4
16, 13
11, 19
-18, 10
-33, -3
-18, -9
-5, -10
-18, -10
-32, -5
-18, 9
9, 20
14, 15
-3, -5
-10, -18
6, -11
19, 7
11, 19
-6, 20
-13, 16
-14, 14
-15, 16
-7, 19
10, 20
18, 9
6, -10
-7, -19
-1, -5
11, 17
3, 22
-20, 3
-29, -14
-14, -15
-2, -11
-13, -16
-28, -16
-20, 1
1, 22
8, 19
0, -6
-3, -20
9, -8
15, 14
4, 22
-12, 16
-19, 10
-19, 8
-18, 9
-13, 15
1, 22
13, 16
11, -7
1, -20
0, -6
3, 20
-5, 21
-20, -5
-22, -24
-7, -19
3, -11
-6, -19
-20, -25
-19, -7
-7, 20
0, 20
1, -5
6, -20
12, -4
8, 19
-6, 22
-18, 10
-21, 1
-20, 0
-22, 1
-18, 9
-7, 21
6, 20
11, -2
9, -18
3, -5
-6, 20
-14, 17
-16, -13
-9, -31
2, -20
7, -9
3, -20
-6, -32
-15, -14
-16, 15
-9, 18
4, -4
14, -15
11, 2
-1, 20
-14, 17
-20, 1
-20, -8
-18, -9
-19, -9
-20, -1
-17, 15
-4, 20
12, 4
17, -12
4, -3
-14, 15
-19, 9
-8, -19
6, -32
11, -17
11, -5
12, -17
8, -31
-6, -19
-21, 6
-16, 12
5, -2
19, -7
10, 7
-10, 18
-21, 8
-18, -9
-13, -16
-11, -17
-13, -17
-18, -10
-21, 5
-13, 16
8, 9
20, -2
6, -1
-19, 6
-22, -2
2, -20
21, -25
18, -9
11, 2
18, -9
23, -23
4, -20
-22, -5
-20, 2
6, 1
20, 4
4, 11
-18, 10
-21, -4
-11, -17
-4, -21
-1, -20
-2, -21
-10, -18
-22, -6
-19, 7
3, 12
18, 9
5, 3
-20, -5
-17, -13
12, -16
30, -10
20, 2
10, 7
20, 3
31, -7
14, -15
-15, -16
-18, -9
4, 4
15, 14
-1, 12
-20, -1
-17, -15
0, -20
9, -19
10, -18
9, -19
2, -20
-14, -17
-20, -5
-5, 11
11, 17
3, 5
-14, -15
-8, -20
19, -7
31, 9
16, 13
3, 11
15, 14
30, 12
20, -4
-4, -21
-10, -18
2, 5
4, 20
-9, 9
-16, -13
-4, -22
12, -17
18, -10
18, -9
19, -10
13, -16
-2, -22
-13, -16
-10, 6
-2, 20
-1, 6
-2, -20
7, -21
19, 6
19, 26
5, 20
-3, 11
4, 20
16, 28
18, 9
11, -19
3, -20
-3, 5
-9, 18
-11, 2
-5, -20
9, -20
19, -6
21, 3
20, 5
20, 4
20, -4
13, -19
-1, -20
-12, -1
-14, 15
-3, 4
11, -17
17, -12
11, 17
0, 32
-8, 19
-10, 6
-9, 18
-4, 32
9, 18
20, -8
15, -14
-5, 2
-18, 9
-11, -6
9, -18
20, -10
19, 8
14, 16
12, 16
14, 16
18, 10
21, -6
13, -16
-8, -9
-20, 2
-6, 1
19, -6
22, 2
-2, 20
-22, 24
-18, 9
-11, -2
-19, 7
-25, 21
-6, 20
21, 7
20, 0
-6, -1
-20, -6
-3, -12
19, -8
21, 7
9, 18
1, 21
-2, 20
-2, 21
7, 19
20, 10
20, -3
-1, -12
-16, -12
-4, -4
18, 9
14, 17
-16, 13
-32, 2
-19, -6
-7, -9
-19, -8
-32, -2
-18, 10
10, 20
15, 14
-3, -5
-10, -18
5, -10
19, 8
11, 19
-6, 19
-15, 15
-16, 13
-15, 14
-9, 18
7, 21
16, 12
9, -9
-3, -20
-1, -5
7, 19
-1, 22
-20, -2
-25, -21
-9, -18
2, -12
-8, -19
-22, -24
-20, -6
-6, 20
0, 20
1, -5
6, -20
12, -4
7, 19
-7, 21
-18, 9
-21, 0
-20, -2
-21, -1
-19, 6
-10, 19
2, 20
12, 1
13, -16
4, -5
-10, 18
-18, 14
-12, -16
0, -33
8, -19
9, -6
9, -18
4, -32
-9, -18
-20, 9
-15, 14
5, -3
18, -9
10, 7
-9, 18
-20, 9
-19, -8
-14, -16
-11, -17
-12, -17
-17, -11
-22, 5
-14, 15
8, 9
20, -1
5, 0
-20, 4
-21, -5
5, -20
24, -21
19, -6
12, 3
20, -5
27, -17
9, -18
-19, -10
-20, -3
5, 3
18, 9
2, 12
-20, 4
-20, -10
-5, -20
5, -21
6, -19
5, -20
-2, -20
-17, -14
-20, -2
-3, 12
13, 16
4, 4
-16, -13
-10, -19
18, -9
32, 6
17, 12
4, 11
16, 13
31, 11
20, -4
-4, -21
-10, -18
2, 5
4, 20
-9, 9
-15, -14
-3, -22
13, -16
19, -9
19, -7
20, -8
15, -14
1, -22
-11, -17
-11, 4
-5, 20
-2, 6
2, -20
11, -19
18, 10
13, 30
0, 20
-6, 9
-1, 20
8, 31
15, 14
16, -16
9, -18
-4, 4
-14, 15
-11, -3
3, -20
16, -15
20, 2
19, 10
16, 12
17, 12
20, 5
20, -11
9, -18
-10, -6
-19, 7
-5, 1
18, -10
21, -2
1, 20
-17, 27
-17, 11
-12, 0
-18, 10
-21, 24
-4, 20
21, 5
20, -2
-5, -1
-20, -4
-5, -11
18, -9
22, 5
9, 18
0, 21
-2, 20
-1, 21
6, 19
19, 11
20, -2
1, -12
-16, -13
-5, -3
18, 10
13, 17
-17, 11
-33, -1
-18, -9
-5, -10
-18, -10
-32, -6
-19, 7
7, 21
12, 16
-2, -5
-6, -19
8, -10
17, 12
5, 22
-11, 17
-18, 10
-19, 8
-19, 10
-14, 15
1, 22
12, 17
10, -5
4, -20
2, -6
-1, 20
-10, 20
-18, -9
-14, -29
-1, -20
6, -10
1, -20
-9, -31
-15, -14
-16, 16
-9, 18
4, -4
14, -15
11, 3
-3, 20
-16, 15
-20, -2
-18, -11
-16, -13
-16, -13
-20, -6
-20, 11
-9, 18
10, 7
20, -6
5, -1
-18, 9
-21, 0
0, -20
19, -25
18, -10
12, 1
19, -8
23, -21
6, -20
-20, -7
-20, 0
5, 2
19, 7
3, 11
-19, 6
-21, -8
-7, -19
3, -21
5, -20
4, -20
-3, -20
-17, -14
-20, -1
-3, 12
13, 16
4, 4
-15, -13
-10, -19
19, -8
32, 7
16, 12
3, 11
15, 14
30, 13
20, -3
-2, -21
-8, -19
1, 5
1, 20
-10, 7
-13, -16
0, -22
15, -14
20, -5
20, -3
21, -4
17, -11
5, -21
-7, -19
-11, 2
-9, 18
-3, 5
7, -19
15, -16
14, 14
4, 32
-6, 20
-9, 7
-7, 19
-2, 33
10, 18
20, -10
15, -14
-5, 3
-18, 9
-10, -7
10, -18
20, -8
18, 9
13, 17
10, 18
10, 19
16, 13
23, -2
16, -13
-6, -10
-20, -3
-5, -1
20, 0
20, 9
-9, 18
-28, 14
-20, 1
-10, -6
-20, -1
-31, 9
-14, 15
15, 16
18, 9
-4, -4
-14, -15
3, -11
20, 4
14, 17
-3, 20
-13, 17
-14, 15
-14, 15
-7, 19
8, 21
17, 11
9, -9
-3, -20
-1, -5
6, 19
-2, 21
-20, -3
-23, -23
-7, -19
4, -12
-5, -20
-18, -27
-18, -9
-10, 19
-4, 20
2, -5
10, -18
12, -1
2, 20
-13, 19
-20, 2
-19, -8
-18, -9
-19, -9
-20, -2
-17, 13
-6, 19
10, 6
18, -9
6, -2
-17, 11
-22, 4
-2, -20
17, -28
17, -12
11, 1
18, -10
22, -24
4, -20
-22, -5
-20, 1
6, 1
20, 6
3, 12
-19, 7
-20, -8
-7, -19
2, -21
5, -20
5, -21
-3, -20
-18, -14
-20, -2
-3, 11
12, 16
3, 5
-15, -14
-7, -21
19, -7
30, 11
15, 14
3, 11
13, 15
27, 17
20, 0
2, -22
-5, -20
-1, 6
-2, 20
-10, 5
-10, -18
3, -21
17, -11
21, -2
20, 1
21, 1
19, -7
11, -20
-2, -20
-12, 0
-14, 15
-4, 4
11, -17
18, -11
10, 18
-4, 32
-11, 17
-11, 5
-13, 16
-11, 30
4, 20
21, -2
18, -9
-5, 0
-20, 2
-8, -9
16, -13
23, 0
13, 15
5, 21
2, 20
3, 21
10, 18
20, 8
20, -5
-1, -12
-17, -11
-5, -3
18, 9
14, 16
-16, 12
-33, 0
-18, -9
-5, -11
-17, -11
-32, -7
-19, 6
6, 21
11, 17
-2, -5
-4, -20
9, -9
15, 14
2, 22
-14, 15
-19, 7
-20, 5
-21, 5
-17, 11
-5, 21
7, 19
11, -2
9, -18
3, -5
-7, 19
-16, 16
-14, -15
-3, -33
7, -19
9, -6
9, -18
5, -32
-8, -19
-21, 8
-16, 12
6, -2
20, -6
8, 8
-13, 16
-21, 4
-16, -13
-9, -19
-6, -19
-6, -21
-13, -16
-22, -3
-18, 9
3, 11
19, 8
5, 3
-20, -6
-16, -15
14, -15
31, -4
20, 6
8, 9
19, 8
32, 3
18, -9
-8, -21
-13, -16
2, 6
7, 19
-7, 9
-16, -12
-5, -21
12, -16
19, -10
19, -7
19, -7
16, -13
3, -22
-9, -18
-12, 4
-8, 19
-2, 5
5, -20
14, -16
15, 14
6, 31
-5, 20
-10, 8
-8, 19
-2, 32
9, 18
20, -8
16, -13
-5, 2
-19, 7
-10, -7
12, -16
22, -6
16, 12
9, 19
7, 19
8, 19
13, 16
21, 4
18, -9
-3, -12
-19, -8
-6, -2
20, 6
17, 14
-14, 15
-32, 5
-20, -6
-7, -10
-19, -8
-33, -3
-18, 9
8, 20
13, 16
-2, -5
-6, -19
8, -10
16, 13
4, 22
-13, 16
-19, 8
-20, 6
-21, 7
-16, 12
-4, 21
8, 19
11, -2
9, -18
3, -5
-7, 19
-16, 16
-14, -15
-2, -33
7, -19
9, -6
9, -18
6, -32
-7, -19
-21, 7
-17, 11
6, -2
20, -5
8, 9
-14, 15
-22, 2
-15, -14
-7, -19
-4, -20
-4, -21
-11, -17
-22, -6
-19, 6
2, 11
17, 11
4, 4
-18, -9
-14, -17
16, -12
32, 1
18, 9
6, 10
17, 11
31, 9
20, -5
-3, -22
-10, -18
1, 6
2, 20
-9, 7
-13, -15
0, -22
16, -13
21, -5
20, -2
21, -1
18, -9
9, -21
-4, -20
-12, 0
-13, 16
-3, 4
11, -17
18, -11
10, 18
-5, 31
-11, 17
-11, 4
-14, 15
-13, 29
2, 20
21, 0
19, -7
-5, 0
-20, -1
-6, -10
17, -11
22, 3
10, 18
1, 22
-2, 20
-1, 20
5, 20
18, 13
20, 0
3, -12
-13, -15
-4, -4
15, 14
9, 20
-19, 7
-31, -10
-15, -14
-1, -12
-12, -16
-27, -18
-20, -2
-3, 21
3, 20
1, -5
5, -20
12, -4
7, 19
-8, 21
-19, 7
-20, -4
-20, -6
-21, -5
-20, 1
-15, 15
-4, 20
11, 5
18, -10
6, -3
-17, 12
-22, 4
-2, -20
18, -28
17, -11
11, 1
18, -9
24, -22
6, -19
-21, -8
-20, -2
6, 2
18, 9
0, 13
-20, 2
-18, -13
-2, -20
8, -19
10, -18
11, -19
4, -20
-12, -18
-18, -9
-7, 9
5, 20
1, 6
-7, -19
2, -22
20, 3
22, 24
6, 19
-3, 10
3, 20
14, 29
17, 11
14, -18
7, -19
-4, 5
-14, 15
-11, -3
3, -20
17, -13
20, 4
17, 13
14, 15
14, 16
18, 9
22, -6
14, -15
-8, -9
-20, -1
-5, -1
20, -1
20, 9
-9, 18
-29, 13
-20, 0
-10, -6
-20, -3
-31, 5
-16, 13
12, 19
16, 13
-3, -5
-10, -18
6, -10
18, 9
8, 20
-10, 18
-18, 12
-18, 9
-19, 8
-15, 14
-2, 23
10, 18
12, -4
7, -19
2, -4
-6, 20
-14, 16
-14, -14
-4, -31
7, -19
10, -7
9, -18
6, -31
-7, -19
-21, 5
-17, 11
5, -1
20, -3
8, 9
-15, 14
-23, 1
-13, -16
-4, -21
-1, -20
-2, -20
-8, -19
-20, -10
-20, 3
-1, 13
15, 14
4, 3
-16, -12
-10, -19
19, -8
32, 8
15, 13
2, 12
13, 16
28, 17
20, 1
3, -21
-3, -20
0, 5
-5, 20
-12, 4
-7, -19
9, -21
19, -6
20, 5
19, 7
20, 6
20, 0
16, -14
6, -20
-10, -6
-19, 8
-6, 3
18, -10
22, -2
0, 20
-21, 26
-18, 9
-11, -3
-20, 6
-28, 18
-9, 18
19, 11
20, 6
-5, -2
-16, -13
2, -13
20, 2
14, 17
-3, 20
-12, 16
-14, 15
-15, 16
-9, 18
6, 21
15, 14
9, -6
1, -20
1, -6
1, 20
-9, 21
-18, -9
-13, -30
1, -20
7, -8
4, -20
-3, -33
-12, -17
-19, 12
-14, 15
5, -3
19, -8
9, 8
-11, 17
-21, 5
-17, -12
-10, -18
-6, -19
-6, -21
-12, -16
-22, -4
-19, 7
2, 11
18, 10
4, 4
-18, -9
-13, -18
17, -11
32, 3
18, 10
5, 10
16, 13
29, 13
20, -2
0, -23
-6, -19
0, 6
-2, 20
-10, 4
-9, -18
5, -21
18, -9
22, 1
20, 4
20, 6
20, -2
15, -17
4, -20
-12, -4
-18, 10
-5, 2
17, -11
21, -2
1, 20
-18, 25
-18, 10
-12, -1
-19, 7
-26, 18
-9, 18
18, 12
20, 5
-4, -4
-16, -12
1, -11
20, 2
16, 15
-3, 20
-13, 18
-14, 15
-15, 14
-9, 18
5, 22
15, 14
10, -8
1, -20
0, -5
0, 20
-9, 19
-18, -10
-12, -29
2, -20
8, -10
5, -20
-2, -31
-11, -17
-19, 9
-15, 14
5, -1
19, -7
10, 7
-13, 16
-22, 4
-15, -14
-7, -21
-4, -20
-4, -20
-10, -18
-20, -8
-20, 4
0, 13
16, 13
5, 3
-17, -12
-11, -18
18, -9
32, 7
16, 13
2, 12
13, 16
27, 17
20, 2
3, -21
-2, -20
-1, 5
-6, 19
-12, 4
-5, -20
11, -21
20, -4
20, 7
18, 9
19, 9
20, 3
18, -11
9, -18
-9, -8
-20, 5
-6, 2
19, -6
22, 2
-5, 20
-26, 21
-20, 4
-10, -6
-20, 1
-31, 11
-14, 15
15, 15
17, 11
-4, -3
-11, -17
6, -12
19, 8
8, 21
-9, 18
-17, 11
-18, 9
-20, 10
-15, 14
-2, 21
9, 18
11, -2
9, -18
3, -6
-8, 19
-17, 15
-12, -16
2, -33
10, -18
10, -4
13, -16
13, -31
-2, -20
-22, 1
-19, 6
6, -1
20, 2
4, 12
-18, 9
-21, -8
-7, -19
2, -20
6, -20
7, -21
0, -20
-15, -15
-20, -6
-5, 10
8, 19
1, 6
-9, -18
1, -23
20, 2
23, 24
7, 19
-3, 10
3, 20
13, 30
16, 12
15, -17
9, -18
-4, 5
-16, 13
-11, -5
6, -19
19, -10
19, 8
14, 15
10, 18
10, 20
15, 14
23, 0
18, -10
-4, -10
-19, -8
-5, -4
19, 6
15, 17
-16, 13
-32, -1
-18, -9
-6, -9
-16, -12
-30, -12
-20, 3
1, 23
7, 19
0, -7
2, -20
10, -4
9, 18
-6, 20
-19, 8
-21, -1
-20, -6
-20, -7
-20, 0
-17, 16
-6, 20
11, 5
19, -7
5, 0
-18, 9
-21, -2
2, -20
23, -21
19, -6
11, 3
20, -2
29, -11
13, -16
-15, -16
-18, -10
3, 5
12, 16
-4, 10
-19, -8
-10, -19
9, -18
18, -13
18, -9
19, -7
15, -14
3, -23
-9, -18
-12, 4
-9, 18
-3, 4
8, -19
16, -13
11, 17
-2, 31
-11, 17
-11, 5
-14, 15
-14, 28
1, 20
21, 3
20, -4
-5, -2
-20, -5
-4, -10
19, -6
21, 8
5, 20
-6, 22
-9, 18
-9, 18
-3, 20
11, 20
18, 9
8, -11
-4, -20
-1, -4
5, 20
-4, 20
-19, -6
-18, -26
-2, -20
7, -11
2, -20
-7, -30
-13, -16
-18, 11
-13, 16
4, -2
18, -9
10, 6
-12, 17
-22, 6
-16, -13
-7, -21
-4, -20
-4, -19
-10, -18
-20, -9
-20, 4
-1, 13
15, 14
4, 3
-16, -13
-9, -19
19, -7
31, 10
14, 15
0, 13
11, 17
24, 21
20, 5
7, -19
2, -20
-2, 4
-10, 18
-13, 1
0, -20
15, -18
20, 1
17, 13
15, 14
16, 13
18, 9
21, -4
14, -15
-6, -12
-20, -3
-6, 0
20, 2
19, 10
-12, 16
-32, 9
-20, -5
-7, -11
-18, -9
-32, -4
-19, 7
5, 20
10, 18
-1, -4
-1, -20
11, -8
11, 17
-4, 23
-18, 10
-21, -2
-20, -4
-21, -3
-20, 2
-15, 14
-4, 20
10, 7
18, -9
6, -3
-18, 9
-22, 2
2, -20
23, -24
19, -6
10, 6
20, -2
31, -14
13, -16
-16, -14
-18, -10
4, 3
11, 17
-6, 12
-18, -9
-7, -22
10, -18
18, -9
19, -7
21, -8
16, -12
5, -20
-6, -19
-11, -1
-12, 17
-4, 6
11, -17
20, -12
8, 19
-9, 33
-14, 15
-11, 0
-17, 12
-21, 27
-4, 20
21, 5
20, 1
-6, 0
-18, -9
0, -14
20, -1
16, 16
-1, 20
-10, 16
-14, 15
-15, 17
-9, 18
6, 20
15, 14
9, -5
3, -20
2, -7
-2, 20
-13, 20
-16, -13
-6, -34
6, -20
9, -5
9, -18
8, -33
-6, -20
-22, 5
-18, 9
6, -2
20, 0
5, 13
-18, 10
-21, -8
-8, -19
2, -19
6, -20
7, -22
0, -20
-15, -15
-19, -7
-6, 8
6, 19
0, 8
-7, -19
4, -24
20, 5
18, 28
3, 20
-5, 8
-1, 20
6, 34
13, 16
19, -14
13, -15
-6, 5
-19, 8
-9, -9
12, -16
21, -1
15, 14
7, 18
3, 20
1, 23
8, 19
20, 8
20, -1
1, -10
-13, -16
-2, -7
14, 15
5, 23
-20, 3
-27, -19
-11, -17
1, -9
-7, -19
-17, -29
-18, -9
-13, 20
-7, 19
4, -7
14, -14
11, 6
-6, 20
-18, 9
-19, -7
-14, -14
-10, -18
-9, -21
-14, -15
-23, 0
-18, 9
3, 9
18, 10
4, 6
-18, -9
-12, -20
18, -10
31, 9
16, 13
3, 9
13, 16
25, 21
20, 3
6, -23
0, -20
-3, 8
-9, 18
-11, -2
-1, -20
13, -14
20, 1
19, 9
15, 14
14, 17
18, 9
23, -7
15, -14
-7, -8
-20, -4
-4, -4
20, 3
16, 16
-14, 15
-31, 1
-19, -7
-7, -8
-17, -11
-30, -13
-20, 3
0, 24
6, 19
1, -8
3, -20
10, -1
7, 19
-8, 18
-20, 5
-21, -3
-18, -9
-17, -13
-20, -4
-21, 13
-10, 18
10, 6
20, -2
4, 3
-20, 2
-19, -11
9, -18
29, -10
20, 2
10, 5
19, 6
31, 4
18, -9
-5, -24
-11, -17
0, 8
2, 20
-9, 4
-12, -17
2, -19
18, -10
22, -2
20, 4
19, 8
20, -1
18, -18
6, -20
-12, -3
-19, 7
-4, -2
19, -7
20, 6
-5, 20
-25, 16
-20, 3
-11, -3
-20, -2
-30, 3
-16, 12
10, 22
15, 14
-1, -8
-7, -19
7, -6
15, 14
3, 19
-15, 13
-22, 7
-20, 0
-19, -4
-20, 5
-15, 21
-2, 20
13, 1
18, -10
3, 1
-17, 11
-20, -2
1, -20
20, -20
19, -7
13, 1
20, -2
28, -8
14, -15
-13, -20
-17, -11
1, 8
10, 18
-5, 7
-17, -11
-7, -18
13, -16
22, -11
20, -4
19, 1
18, -9
12, -23
-2, -20
-14, 2
-16, 13
-3, 0
15, -13
19, -1
2, 20
-16, 23
-18, 10
-14, 1
-20, 5
-26, 12
-11, 17
14, 18
18, 9
-2, -8
-12, -16
3, -7
18, 9
10, 17
-11, 17
-21, 14
-19, 6
-18, 2
-17, 11
-10, 25
4, 20
14, -3
14, -15
2, 0
-14, 15
-18, 3
-5, -20
12, -25
17, -11
14, -3
19, -7
24, -15
9, -18
-15, -16
-19, -7
2, 8
14, 15
-1, 7
-19, -7
-13, -16
9, -18
20, -16
19, -8
17, -3
16, -12
8, -25
-6, -20
-15, 5
-13, 16
0, 0
0, 0
0, 0
0, 0
0, 0
0, 0
0, 0
0, 0
0, 0
0, 0
0, 0
0, 0
0, 0
0, 0
0, 0
0, 0
0, 0
0, 0
0, 0
0, 0
0, 0
0, 0
0, 0
0, 0
0, 0
0, 0
0, 0
0, 0
0, 0
0, 0
0, 0
0, 0
0, 0
0, 0
0, 0
0, 0
0, 0
0, 0
0, 0
0, 0
0, 0
0, 0
0, 0
0, 0
0, 0
0, 0
0, 0
0, 0
0, 0
0, 0
0, 0
0, 0
0, 0
0, 0
0, 0
0, 0
0, 0
0, 0
0, 0
0, 0
0, 0
0, 0
0, 0
0, 0
0, 0
0, 0
0, 0
0, 0
0, 0
0, 0
0, 0
0, 0
0, 0
0, 0
0, 0
0, 0
0, 0
0, 0
0, 0
0, 0
0, 0
0, 0
0, 0
0, 0
0, 0
0, 0
0, 0
0, 0
0, 0
0, 0
0, 0
0, 0
0, 0
0, 0
0, 0
0, 0
0, 0
0, 0
0, 0
0, 0
0, 0
0, 0
0, 0
0, 0
0, 0
0, 0
0, 0
0, 0
0, 0
0, 0
0, 0
0, 0
0, 0
0, 0
0, 0
0, 0
0, 0
0, 0
0, 0
0, 0
0, 0
0, 0
0, 0
0, 0
0, 0
0, 0
0, 0
0, 0
0, 0
0, 0
0, 0
0, 0
0, 0
0, 0
0, 0
0, 0
0, 0
0, 0
0, 0
0, 0
0, 0
0, 0
0, 0
0, 0
0, 0
0, 0
0, 0
0, 0
0, 0
0, 0
0, 0
0, 0
0, 0
0, 0
0, 0
0, 0
0, 0
0, 0
0, 0
0, 0
0, 0
0, 0
0, 0
0, 0
0, 0
0, 0
0, 0
0, 0
0, 0
0, 0
0, 0
0, 0
0, 0
0, 0
0, 0
0, 0
0, 0
0, 0
0, 0
0, 0
0, 0
0, 0
0, 0
0, 0
0, 0
0, 0
0, 0
0, 0
0, 0
0, 0
0, 0
0, 0
0, 0
0, 0
0, 0
0, 0
0, 0
0, 0
0, 0
0, 0
0, 0
0, 0
0, 0
0, 0
0, 0
0, 0
0, 0
0, 0
0, 0
0, 0
0, 0
0, 0
0, 0
0, 0
0, 0
0, 0
0, 0
0, 0
0, 0
0, 0
0, 0
0, 0
0, 0
0, 0
0, 0
0, 0
0, 0
0, 0
0, 0
0, 0
0, 0
0, 0
0, 0
0, 0
0, 0
0, 0
0, 0
0, 0
0, 0
0, 0
0, 0
0, 0
0, 0
0, 0
0, 0
0, 0
0, 0
0, 0
0, 0
0, 0
0, 0
0, 0
0, 0
0, 0
0, 0
0, 0
8, 11
-6, 25
5, 18
26, -6
19, -1
-6, 20
-8, 8
6, -15
6, -1
-8, 15
-20, -1
-30, -7
-32, 12
-18, 12
-7, -2
-10, 5
-9, 9
6, -8
12, -8
1, 7
-3, -1
9, -6
20, 17
15, 20
-4, -11
-19, -14
-14, 12
5, 6
13, -20
1, -13
-5, 8
6, 11
13, 13
-1, 17
-15, 1
-9, -13
0, 0
-6, 10
-7, 2
9, 0
19, 6
7, 1
-2, -1
8, 5
13, -2
5, -13
2, -2
9, 8
10, -6
2, -14
-5, 6
-4, 19
3, 13
3, 12
-9, 12
-14, -6
1, -15
18, 8
19, 22
17, -11
21, -46
20, -35
9, -10
6, -12
8, -16
2, 14
-3, 43
6, 30
10, 4
-1, 5
-6, 12
5, 0
16, -6
15, 10
17, 14
19, -10
11, -19
4, 2
10, 15
9, 3
-9, -6
-22, -2
-13, -3
3, -8
4, 1
-9, 15
-25, 11
-25, -3
-6, 1
8, 15
4, 11
4, -10
17, -24
13, -18
-6, -3
-2, 4
18, -11
9, -33
-17, -29
-20, -2
-9, 2
-13, -18
-16, -22
-7, -5
-2, 3
-2, 3
4, 12
-1, 6
-15, -23
-11, -32
12, -6
21, 6
14, -12
11, -18
7, 4
-6, 12
-7, -6
11, -14
24, 0
15, 12
0, 7
-3, -7
7, -18
19, -22
19, -14
-1, 1
-18, 6
-3, -1
30, -2
34, 10
6, 12
-10, -4
-2, -14
1, -5
-4, 11
5, 19
19, 11
16, -6
7, -14
0, -9
-12, -6
-17, -3
-6, 11
-5, 22
-12, 11
5, 1
30, 13
13, 16
-24, -3
-28, -6
-9, 14
0, 16
7, 2
8, 6
-6, 12
-8, -9
6, -24
-7, -9
-34, 4
-17, 0
25, -1
28, 8
2, 7
-2, 3
9, 5
9, 4
3, -6
3, -11
7, -4
15, 2
17, -11
9, -26
-1, -14
-15, 13
-29, 8
-17, -20
15, -16
14, 11
-19, 2
-25, -30
0, -23
7, 14
1, 21
10, -1
11, -21
-9, -30
-22, -21
-20, 7
-17, 20
-4, 4
13, -8
15, -1
4, 2
-4, 6
-15, 14
-23, 0
-6, -32
12, -31
2, -1
-12, 5
0, -8
19, -3
19, -1
-2, -20
-23, -22
-14, -2
16, 1
24, -16
6, -20
2, -15
7, -7
-11, 16
-29, 30
-16, 0
11, -38
33, -26
43, 12
19, 28
-14, 26
-7, 12
10, -19
-21, -29
-53, -2
-25, 10
7, -14
-4, -16
-14, 14
-2, 16
3, -7
3, -5
-1, 5
-22, -7
-33, -8
-8, 14
6, 16
-10, 1
-14, 6
-8, 15
-13, 11
0, 14
24, 14
6, -9
-20, -18
3, 2
19, 6
-2, 4
6, 35
24, 46
-11, -1
-30, -13
-1, 29
-24, 13
-55, -34
38, 8
84, 32
-124, -109
-319, -230
-193, -121
20, 37
10, 18
-60, -48
8, -3
63, 43
7, 0
-18, -32
26, -6
32, 11
-3, -1
-12, -11
-12, -17
-24, -13
-20, 8
-10, 15
-11, 1
0, 9
15, 27
1, 7
-20, -21
-9, -8
7, 9
0, -6
-11, -11
-7, 10
-4, 15
-7, 0
-5, 4
7, 19
15, 14
2, 0
-12, -1
-2, 5
17, 3
19, 1
18, 10
23, 25
13, 30
-6, 13
1, -15
16, -26
0, -12
-18, 4
1, 4
30, -3
30, -7
13, -8
8, -8
19, -4
30, -1
25, 0
11, 2
8, 1
11, -9
-4, -9
-18, 9
-6, 15
7, -5
2, -7
-1, 21
3, 22
-1, -23
-7, -51
-5, -25
-7, 10
-9, 14
-3, 7
-7, 10
-23, 13
-19, 6
-2, -2
-13, 3
-30, 12
-12, 10
9, -3
-6, -6
-23, 2
-12, -2
-4, -13
-11, -7
-10, 8
3, 0
11, -19
9, -13
-2, 7
-16, -2
-21, -30
-17, -23
-12, 19
-4, 24
9, -21
12, -34
9, 5
16, 24
27, 4
19, 1
2, 9
0, -14
10, -31
14, -3
2, 16
-9, -7
-1, -16
11, 6
5, 10
-5, 0
2, 4
3, 6
-22, 2
-30, 21
-2, 29
7, -7
-13, -29
-11, 0
17, 22
22, 11
6, 7
-1, 9
-14, -9
-35, -17
-23, 2
17, 10
31, -3
14, -15
2, -25
2, -22
1, 2
8, 11
18, -12
12, -19
-1, 2
4, -2
15, -21
6, -13
-18, 0
-29, -5
-17, 2
-3, 10
-9, -12
-26, -19
-30, 22
-19, 40
-8, 4
-4, -19
0, -9
11, -6
28, -1
32, 22
10, 22
-9, -5
1, -9
14, 10
-2, 11
-15, -4
5, -12
19, -19
-1, -18
-15, -1
-7, 8
-4, 0
2, -10
24, -17
24, -16
-11, 1
-21, 8
12, -13
22, -20
-7, 1
-18, -1
-6, -24
-6, -8
-7, 23
6, 7
11, -23
-3, -2
-7, 24
4, 1
12, -31
18, -19
15, 13
-9, 26
-24, 20
-8, 13
8, 8
0, -3
2, -20
21, -18
16, 8
-13, 25
-23, 15
-17, 4
-18, 5
-8, 2
19, -10
29, -19
16, -12
4, 13
0, 36
0, 27
3, 2
-7, 1
-22, 17
-7, 14
30, 0
37, -5
13, -15
1, -33
-1, -27
-13, 0
-7, 8
14, -4
1, -10
-27, -4
-14, 0
17, -1
11, -2
-1, 4
18, 6
30, -7
19, -18
20, -3
23, 9
2, -16
-13, -39
2, -16
12, 14
3, 9
2, 0
5, 13
-10, 18
-26, 4
-28, 0
-29, 10
-22, 9
1, 1
8, 0
-14, -1
-22, 1
-3, 12
2, 15
-10, 2
1, 2
27, 21
22, 36
-1, 37
0, 23
15, -10
4, -34
-20, -14
-15, 9
6, -21
6, -55
-9, -22
-5, 30
7, 30
4, 17
3, 31
18, 23
18, -20
-9, -28
-30, 7
-32, 23
-30, 12
-13, 18
23, 28
34, 16
8, 0
-10, 5
-6, 20
-7, 22
-7, 1
13, -24
26, -15
12, 15
1, 13
17, -16
31, -20
23, -7
2, -9
-16, -1
-21, 21
-14, 13
-13, -14
-17, -11
-13, 1
-10, -19
-20, -32
-21, -15
-5, -11
-7, -24
-31, -17
-28, -11
11, -25
36, -21
22, 0
-4, -9
-22, -27
-24, -5
-1, 18
28, 0
20, -19
-16, -9
-29, 2
-9, 4
5, 5
-2, -8
-2, -15
10, 11
8, 33
-7, 10
-5, -16
15, -3
19, 16
6, 14
-1, 9
-6, 3
-21, -16
-20, -29
4, -16
21, 6
16, 20
11, 26
10, 24
0, 17
-16, 8
-18, -5
-6, -17
6, -18
7, -9
-1, 7
-3, 26
5, 30
6, 11
2, -9
6, -19
7, -30
-3, -23
-3, 18
12, 38
3, 2
-22, -22
-10, 9
28, 36
27, 20
-19, 3
-41, 3
-10, -9
27, -20
21, -3
-5, 16
0, 6
30, -14
28, -19
-5, -13
-11, -3
9, 3
3, -5
-19, -17
-10, -13
13, 4
9, 9
-9, -4
-10, -22
-6, -27
-11, -10
-8, 16
3, 23
5, 0
-1, -20
4, -9
23, 16
30, 19
9, 5
-8, 4
8, 14
19, 19
-6, 19
-20, 15
5, 5
20, 0
7, 1
1, -8
-8, -13
-38, 14
-34, 35
18, 5
37, -18
4, 17
-6, 41
5, 6
-13, -18
-27, 6
-6, 15
-11, -8
-45, -15
-27, -6
22, -7
14, 1
-24, 13
-13, 2
17, -8
5, 7
-25, 11
-30, -10
-14, -12
1, 2
0, -5
-17, -17
-24, -13
-7, -14
12, -15
18, 3
9, 14
-11, 1
-21, 5
-1, 24
11, 4
-15, -37
-24, -35
18, -2
44, 14
11, 20
-22, 19
-16, -6
-4, -31
-2, -27
5, -21
5, -25
-9, -14
-12, 4
-2, -3
-4, -15
-18, -6
-14, 0
2, -10
8, -8
8, 5
24, 8
47, 8
43, 18
10, 23
-17, 13
-25, 3
-28, -4
-20, -3
8, 10
26, 22
19, 12
19, -10
36, -17
33, -8
7, 8
-2, 20
4, 16
2, 6
6, 15
23, 25
33, 4
27, -19
20, -7
9, 9
-4, -3
-4, -13
0, -3
-7, -5
-12, -17
-13, -9
-26, -9
-29, -43
4, -55
36, -14
26, 18
-2, 7
-8, 0
-4, 8
-9, -5
-17, -14
-20, 20
-16, 45
0, 18
20, -9
27, 5
21, 17
13, 2
10, -13
11, -21
2, -23
-16, -8
-19, 7
1, -3
8, -7
-12, 14
-23, 15
-13, -18
-8, -19
-16, 11
-16, 5
-4, -22
10, -5
10, 18
-10, -5
-23, -19
2, 16
30, 26
11, -13
-20, -17
-10, 17
16, 10
8, -20
-19, 8
-37, 51
-38, 29
-15, -12
16, 7
9, 42
-25, 22
-33, -12
-14, -4
-7, 14
0, 7
24, 3
32, 17
2, 16
-21, -8
-8, -22
6, -10
1, 7
1, 18
15, 28
15, 24
-6, -6
-13, -33
2, -33
3, -28
-23, -32
-39, -18
-25, 11
-12, 4
-11, -29
1, -26
20, 6
14, 17
-12, 13
-21, 15
-18, -3
-22, -38
-26, -31
-15, 10
-6, 14
-14, -4
-23, 8
-24, 20
-16, -5
4, -16
31, 13
34, 22
1, 0
-26, -3
-14, 13
7, 18
0, 17
-6, 11
16, -13
32, -22
14, 9
-5, 28
-6, 3
-12, -14
-19, -3
-1, 4
19, 5
11, 14
4, 12
21, -2
29, 4
2, 7
-25, -23
-21, -34
-4, 8
2, 36
0, 0
2, -37
9, -20
11, 19
11, 32
8, 15
-6, -7
-20, -8
1, 8
36, 16
31, 15
7, 18
22, 15
49, 0
23, -1
-19, 15
-20, 17
-12, 3
-23, 0
-19, 5
2, 0
5, -4
-2, 1
4, 2
2, 0
-10, 5
-2, 7
16, 1
15, -6
16, -13
34, -17
32, -6
4, 9
-4, 6
17, 0
38, 6
39, 8
22, -1
2, 0
-1, 12
2, 15
-11, 4
-21, -8
-1, -15
18, -8
14, 5
12, 2
17, -9
10, 4
3, 27
12, 20
13, -7
-2, -12
-9, 2
-3, 7
1, -1
7, -13
10, -18
0, -9
-5, -5
8, -14
10, -12
-1, 16
5, 31
19, 17
12, 4
3, 1
5, -9
-3, -7
-15, 16
0, 25
23, 5
22, -3
12, 15
6, 23
-7, 17
-14, 10
4, -4
24, -20
23, -13
18, 5
17, 0
6, -14
-5, -8
0, 4
5, 2
-5, -5
-9, -1
9, 6
26, 5
17, -3
-3, -5
-1, 5
19, 12
20, 5
1, 6
-4, 24
0, 25
-10, -8
-16, -25
-5, 4
-13, 31
-37, 15
-25, -9
13, -2
14, 19
-14, 24
-12, 16
7, 6
-1, -5
-17, -6
-12, 13
1, 31
3, 24
-1, 3
-6, -6
-10, -8
-8, -16
-7, -13
-15, 10
-23, 19
-23, -2
-17, -22
-11, -26
-14, -26
-20, -18
-9, -2
18, -2
22, -16
-6, -5
-26, 22
-15, 25
8, 7
16, -8
4, -24
-12, -32
-11, -13
1, 5
2, -1
-1, 3
5, 20
3, 4
-5, -21
14, -4
39, 21
16, 0
-22, -17
-8, 7
19, 15
0, -9
-23, -16
-3, 0
12, 3
-6, 7
-18, 17
-9, -2
-7, -29
-9, -10
3, 24
13, 10
5, -20
-9, -12
-17, 7
-13, -1
3, -9
11, 0
0, 6
-5, -4
5, -13
-1, -17
-26, -22
-30, -26
-4, -19
13, -1
3, 10
-9, 10
-4, 6
6, -1
3, -10
-13, -5
-22, 10
-8, 11
19, -2
26, -2
2, 0
-19, -17
-6, -22
16, 4
7, 14
-11, -9
-6, -13
4, 11
-2, 14
1, 1
14, 10
5, 19
-16, 3
-14, -9
-4, -3
-6, -1
7, -4
28, -1
15, -2
-8, -13
3, -13
18, 1
-1, 9
-13, 4
-1, -12
-11, -23
-33, -11
-16, 17
14, 27
3, 11
-21, -6
-8, -8
21, 6
29, 24
17, 27
-1, 15
-9, 14
0, 20
6, 7
-9, -11
-19, -6
-2, -2
18, -11
17, -6
3, 6
-11, -13
-16, -38
-10, -22
-2, 12
0, 13
1, -4
5, -7
12, -7
25, -19
33, -32
9, -26
-30, -2
-35, 12
-8, -5
5, -21
-6, -6
-13, 2
-6, -21
10, -28
24, -2
21, 9
7, -3
-1, 4
-6, 14
-19, -4
-19, -17
1, -10
2, -14
-26, -24
-44, -4
-34, 14
-20, -6
-12, -22
-3, -4
5, 9
7, 1
11, 9
14, 21
7, 2
-7, -18
-14, 4
-7, 33
6, 23
9, 3
7, 14
17, 30
26, 18
14, -5
-3, -17
-1, -24
5, -20
1, 3
5, 22
13, 15
0, 10
-8, 19
14, 11
23, -16
-8, -16
-26, 12
-2, 22
16, 5
5, -6
-3, -2
2, 16
-2, 40
-7, 40
0, 14
6, 4
-5, 12
-18, 4
-9, -8
18, 4
32, 13
19, 0
3, 3
8, 23
13, 12
-1, -14
-17, -8
-20, 6
-20, -5
-13, -8
2, 8
7, 9
6, -1
13, 6
16, 11
12, -3
24, -7
37, 7
15, 10
-9, 2
7, 4
23, 2
0, -11
-15, -6
2, 20
6, 29
-1, 15
16, 7
27, 10
7, 8
3, -2
25, 1
24, 14
1, 16
3, 4
17, -5
8, -5
-4, -4
-8, -1
-13, 9
0, 16
24, 20
8, 23
-33, 13
-28, -16
16, -30
24, -13
-6, 1
-16, -5
5, -4
22, 4
14, -12
-11, -35
-29, -23
-25, 8
-15, 10
-11, -10
4, -10
25, 5
18, 4
-9, -9
-19, -1
-13, 30
-13, 43
-7, 24
9, 4
12, 3
-3, 9
-15, 7
-12, -2
1, -16
12, -18
2, 0
-23, 14
-28, 10
-6, 12
15, 23
22, 13
18, -7
0, -6
-18, 5
-14, 10
-1, 27
0, 39
-1, 11
4, -19
5, -4
4, 15
4, 1
-2, -9
-3, -1
11, -7
12, -10
-11, 11
-15, 23
12, 10
21, 9
9, 13
15, -8
22, -21
1, -3
-10, -1
10, -18
12, -5
-16, 27
-17, 29
8, 19
7, 23
-13, 19
-5, -8
16, -31
10, -31
-8, -12
-3, 8
16, 10
12, 3
-12, 12
-19, 21
2, 12
13, 14
-3, 28
-11, 8
-4, -20
-7, -1
-13, 27
7, 8
22, -8
0, 6
-18, 0
2, -19
17, -2
0, 16
-11, 0
-1, 3
6, 23
7, -2
7, -26
-14, 17
-31, 36
7, -50
63, -120
48, -70
-8, 5
-10, 7
26, -20
12, -19
-35, -8
-27, -1
21, 7
25, 11
-16, 15
-37, 15
-21, 4
-7, -6
-7, 6
-5, 22
3, 16
9, 1
8, -7
-2, -14
-16, -12
-16, 4
3, 9
16, -7
12, -26
13, -33
26, -27
28, -5
8, 10
-1, -2
14, -9
20, 21
-2, 46
-21, 26
-16, -1
-1, 2
8, 12
11, 8
2, 0
-15, -17
-11, -41
15, -42
17, -7
-5, 22
-3, 25
24, 20
23, 14
-2, -6
-8, -22
5, -13
8, -1
6, -3
3, 2
-8, 15
-12, 9
5, -11
17, -10
1, 9
-8, 12
5, 1
11, -8
-1, -10
-7, 1
-7, 26
-10, 36
-3, 6
15, -27
18, -24
-4, 3
-20, 19
-12, 7
2, -16
3, -18
-4, 1
-5, 0
4, -19
10, -7
7, 24
6, 9
12, -28
11, -16
1, 16
-7, 4
-12, -19
-9, -9
11, -4
22, -17
-5, -8
-42, 8
-31, -3
18, -11
41, -4
21, -14
-4, -21
-6, 4
6, 14
10, -16
-6, -19
-23, 10
-16, 1
6, -28
7, -16
-9, 5
-9, -7
2, -11
-9, 8
-27, 5
-16, -10
6, -8
3, -14
-6, -22
6, 4
10, 24
-3, -4
0, -21
22, 6
19, 10
1, -12
9, 4
28, 29
18, 2
2, -27
4, -7
-4, 10
-25, 1
-20, 5
4, 5
1, -23
-10, -31
9, -3
30, 7
11, -4
-25, 6
-34, 15
-21, -1
-11, -2
-2, 24
11, 30
21, 9
8, 5
-25, 21
-40, 26
-28, 13
-24, -9
-37, -21
-30, -11
2, 4
21, -1
17, -14
13, -18
9, -10
5, 4
11, 12
18, -2
14, -14
5, 10
-6, 29
-25, 3
-27, -25
1, -11
13, 5
-10, -4
-17, -6
3, 10
5, 19
-8, 19
0, 9
7, -13
-8, -15
-10, 11
5, 15
-1, -15
-10, -24
10, -7
26, -2
10, 0
-6, 12
-6, 0
-11, -28
-15, -16
-4, 15
7, 10
7, -6
4, 4
-6, 9
-13, -7
2, -12
17, -6
0, -9
-12, -9
6, 0
8, -1
-14, -3
-6, 18
22, 36
11, 21
-13, -7
-2, -11
16, 1
8, 3
-5, -7
-8, -3
-9, 16
-2, 13
4, -22
-18, -35
-35, -5
2, 17
50, 10
43, 8
6, 9
-3, -3
17, 1
39, 30
38, 34
11, 11
-16, 5
-14, 5
-1, -14
-2, -21
1, 0
15, 13
12, 9
-5, 6
-4, -6
8, -21
6, -9
1, 14
8, 15
7, 9
-4, 1
-8, -16
-9, -13
-19, 19
-25, 16
-8, -27
15, -32
14, -7
-2, -20
-6, -34
0, 8
-7, 34
-20, 2
-17, -10
-11, 8
-17, -12
-12, -42
10, -8
16, 37
3, 20
4, -13
14, -14
5, -5
-2, 1
6, 13
-3, 10
-27, -6
-19, -11
12, -14
15, -27
0, -17
6, 15
17, 23
8, 8
-1, 13
0, 31
-3, 31
-6, 25
-2, 32
-1, 28
-1, 5
7, -21
11, -34
4, -31
7, -19
18, -17
13, -30
3, -32
12, -19
24, -12
18, -13
10, -1
16, 11
13, -2
-4, -19
-6, -6
16, 18
32, 16
20, 4
5, 16
4, 31
3, 19
0, 6
10, 18
17, 26
-3, 5
-22, -12
-5, -7
18, -8
12, -15
-3, -5
-8, 12
-15, 6
-2, -10
38, -17
47, -18
3, -10
-24, 12
-4, 23
9, 12
-2, -4
3, -14
10, -16
-3, -2
-9, 13
7, -6
11, -37
2, -27
9, 8
12, 14
-15, 5
-34, 16
-15, 20
13, -4
19, -21
7, -12
-6, -3
-7, 2
4, 18
12, 20
9, -6
-1, -20
-15, -5
-22, -2
-11, -16
-2, -8
-13, 10
-15, 0
6, -15
10, -1
-9, 5
-9, -17
5, -23
-7, -8
-23, -9
-9, -7
1, 20
-17, 17
-25, -31
-10, -40
-6, 9
-13, 19
-7, -27
11, -38
24, -2
23, 10
2, -6
-25, -1
-27, 16
-9, 9
-1, -7
-2, -12
1, -9
2, -5
-1, -1
4, 9
5, 23
-11, 28
-20, 11
-4, -9
7, -8
-1, -2
-4, -10
8, -17
11, -8
-4, 3
-15, 4
-8, -6
4, -16
-2, -14
-24, -5
-29, -8
-2, -19
23, -22
10, -19
-21, -9
-23, 6
7, 5
23, -17
4, -19
-13, 9
0, 16
13, -8
0, -15
-15, -10
-15, -24
-14, -23
-11, 12
0, 26
-2, -3
-16, -13
-4, 10
21, 19
6, 11
-26, 16
-20, 28
0, 23
-10, 3
-26, -7
-20, 7
-11, 23
0, 8
14, -10
3, 14
-25, 37
-13, 7
26, -24
24, -7
-9, 7
-12, -11
11, -8
22, 19
19, 21
3, 5
-20, -5
-17, -23
13, -35
21, -10
7, 15
5, 4
1, -1
-23, 18
-25, 16
6, -5
19, 1
8, 15
14, 7
25, 3
14, 12
6, 6
14, -1
4, 15
-19, 23
-20, 11
-13, 8
-15, 14
-10, 4
4, -11
8, -9
9, 2
14, 10
-1, 12
-29, 7
-27, -4
-2, -11
4, -18
-4, -23
-2, -11
4, 8
3, 8
-7, -8
-23, -16
-31, -9
-17, 0
0, 1
0, -12
1, -21
7, -6
-9, 15
-33, 19
-24, 2
6, -20
19, -27
20, -6
21, 15
8, 5
-12, -10
-17, 4
-12, 15
-6, -1
3, -8
2, 4
-15, 1
-26, -9
-26, 0
-26, 8
-11, 9
11, 22
0, 27
-29, 4
-17, -7
9, 6
-3, 6
-14, 0
4, 16
-2, 22
-28, 3
-17, 4
3, 12
-15, -12
-19, -29
2, -10
-10, -4
-16, -11
33, 8
45, 15
-12, -10
-16, 2
21, 28
-21, -12
-27, -21
151, 102
287, 182
143, 76
-59, -29
-48, 10
40, 38
23, -19
-15, -19
5, 46
8, 41
-11, -12
2, -8
11, 19
-15, 11
-24, 2
-4, 1
-3, -13
-7, -3
12, 35
25, 34
4, 3
-23, 10
-28, 34
-12, 16
2, -14
-2, -9
-6, 1
8, -6
10, -9
-18, -5
-23, -5
8, 1
12, 15
-19, 16
-22, 3
4, -3
9, 2
-5, 8
-4, 6
7, -9
15, -25
19, -19
9, 6
-13, 22
-16, 17
1, 2
13, -16
12, -27
4, -23
-9, -13
-9, -14
9, -20
18, -12
8, 1
-4, -1
-19, -13
-30, -13
-9, 4
29, 18
31, 14
4, -1
-4, -7
-3, 4
-18, 16
-27, 12
-8, -4
15, -10
20, -1
10, 3
-11, -6
-22, -10
-7, 2
7, 9
-4, 5
-14, 2
-4, -2
2, -19
0, -33
8, -20
18, 3
11, 7
1, 3
-2, 14
-2, 24
-2, 9
-2, -13
-10, -19
-13, -11
-1, -1
7, 2
-5, 0
-12, -1
-1, 2
10, -2
8, -7
0, 5
-4, 21
1, 12
13, -9
18, -9
12, -6
6, -20
5, -27
-3, -8
-14, 8
-18, -3
-14, -21
-10, -23
-10, -9
-12, 6
-6, 4
10, -1
12, 13
-7, 23
-18, 0
-10, -22
-5, -9
-7, 3
0, -15
8, -21
1, 4
-6, 16
1, 7
10, 4
13, 2
12, -9
8, -12
6, 0
15, 9
24, 18
16, 26
-3, 15
-12, -6
-6, -13
5, -13
8, -14
1, -2
-9, 8
-12, -4
-14, -9
-16, 9
-11, 10
-8, -12
-12, -14
-6, 2
11, 1
18, -5
14, 3
18, 8
19, 3
-4, 2
-26, -6
-17, -21
1, -13
-7, 10
-25, 12
-21, 3
4, 0
20, -6
13, -13
-2, -3
-1, 5
13, -3
11, -7
-11, -8
-20, -21
1, -23
26, -11
25, -18
1, -28
-18, 2
-15, 24
1, -1
8, -7
-1, 31
-6, 29
-3, -21
-3, -22
-2, 17
11, 13
21, -6
8, 12
-7, 17
4, -11
20, -6
15, 31
2, 31
-4, 5
-13, 10
-16, 20
-2, -2
7, -22
-3, -12
-6, 1
8, 2
9, 4
-4, 7
-9, 8
-9, 14
-16, 17
-14, 13
-6, 11
-12, 17
-19, 22
-5, 18
7, 3
5, -17
11, -25
21, -14
11, -4
4, 0
16, 3
16, 2
-6, -8
-8, -4
11, 16
12, 18
6, -7
12, -18
12, -2
-2, 5
-7, -8
0, -14
3, -5
6, 2
11, -3
8, -6
11, 1
17, 7
-4, 2
-34, -3
-20, 4
11, 13
-1, 6
-29, 0
-22, 11
-5, 21
-10, 13
-11, 3
-2, 3
-9, 6
-22, 14
-13, 24
5, 16
12, -10
8, -16
-4, 9
-18, 30
-18, 21
-5, 0
2, -5
5, 11
12, 22
15, -3
8, -36
-1, -22
-8, 16
-9, 12
-1, -15
5, -5
1, 10
3, -5
14, -8
13, 21
2, 22
5, -10
17, -12
16, 9
8, 4
11, -9
18, -1
12, 3
-2, -4
-7, 5
5, 8
16, -22
9, -47
-1, -37
1, -24
1, -23
-7, -9
3, 14
26, 24
19, 16
-19, -2
-30, -10
-9, 9
-1, 26
-13, 7
-11, -15
3, -5
-1, 3
-14, -7
-9, -1
6, 15
4, 1
-8, -17
-5, -11
5, -16
2, -36
-4, -24
3, 6
5, 2
-6, -8
-6, 15
8, 27
1, 4
-28, -5
-38, 12
-17, 9
4, -13
12, -13
11, 3
0, 3
-9, -4
-4, 1
5, 16
2, 24
-8, 15
-15, -3
-8, -6
13, 7
26, 9
15, -4
5, -5
10, 5
2, -9
-17, -40
-6, -38
19, 6
5, 33
-26, 18
-11, 11
24, 30
14, 27
-23, -8
-24, -23
6, -13
14, -11
-5, 7
-13, 51
-1, 50
0, -14
-13, -38
1, 4
33, 15
28, -21
-8, -20
-13, 6
15, -14
24, -42
15, -15
13, 23
6, 20
-8, 10
-3, 13
13, -5
11, -36
3, -31
4, -1
8, 7
10, -8
7, -14
-9, 2
-13, 16
13, 8
21, -8
-11, -6
-28, 8
-15, 13
-20, 12
-35, 11
-8, -1
21, -24
-2, -31
-28, -12
-13, 9
4, 13
4, 9
2, 9
-7, 10
-19, -2
0, -20
23, -18
1, 3
-27, 19
-5, 17
22, 9
6, -4
-15, -19
-4, -14
16, 11
25, 20
19, 7
-2, 3
-17, 16
-12, 15
-4, -3
1, -11
13, -3
8, -4
-20, -14
-27, -1
1, 25
16, 21
5, -7
0, -4
-1, 19
-9, 5
-12, -31
-6, -19
-5, 22
-2, 26
7, 6
8, 6
5, 9
6, -3
-6, -7
-25, 1
-18, -2
-3, -4
-7, 9
-7, 9
17, -7
25, -8
7, 2
-5, 4
-9, 8
-15, 13
-12, -3
-4, -21
-10, -7
-6, 10
19, -4
30, -14
21, 12
21, 30
13, 11
-14, -18
-13, -28
22, -17
29, 7
7, 25
13, 15
41, -8
41, -4
21, 18
6, 20
-5, 5
-6, 4
7, 14
13, 9
4, -5
-3, -3
0, 12
8, 17
15, 9
7, -1
-8, -7
0, -8
18, -9
9, -14
-6, -13
0, 5
-2, 15
-14, -2
1, -17
20, -1
-2, 12
-22, -7
-4, -26
-4, -14
-29, 2
-13, -2
24, -9
5, -10
-32, -11
-21, -8
0, 2
-6, 11
-10, 16
4, 15
14, 6
15, -3
6, 0
-15, 2
-22, -4
-8, 0
-4, 15
-6, 19
4, 13
3, 9
-12, -1
0, -16
20, -10
-6, 12
-37, 14
-16, 0
11, 1
7, 13
14, 8
30, -8
14, -13
-6, -12
2, -15
0, -10
-17, 9
-8, 14
1, -10
-14, -22
-4, 1
21, 12
-28, -23
-109, -50
-88, -28
-1, 1
16, 8
-21, 18
-11, 28
23, 10
17, -15
-9, -10
-16, 1
-13, -4
-8, -9
11, -11
26, -17
8, -17
-23, -9
-25, -14
-3, -17
5, 3
-10, 15
-18, -1
-13, -9
-16, -1
-21, -1
-11, 2
1, 21
6, 11
14, -30
20, -39
4, -8
-26, -5
-38, -25
-21, -12
9, 14
25, 9
11, -2
-13, 8
-8, 9
14, -6
14, 5
-6, 38
-20, 36
-21, -3
-1, -22
29, -6
20, 7
-28, 8
-40, 10
0, 6
8, -10
-30, -13
-32, 1
9, -8
12, -39
-22, -40
-24, -15
-1, -5
1, -2
-7, 14
6, 8
21, -20
17, -15
13, 14
15, 4
5, -24
-17, -17
-32, 0
-32, -8
-14, -6
17, 14
31, 8
7, -16
-13, -20
13, -13
38, -11
14, -1
-11, 10
7, -4
17, -20
-11, -10
-17, 7
24, 14
43, 17
20, 12
12, -4
27, -8
19, 12
-6, 33
-18, 32
-18, 5
-6, -24
15, -16
16, 16
-12, 9
-30, -29
-21, -30
-6, 5
6, 15
19, 0
16, -5
-1, -2
1, 6
14, 20
10, 14
-1, -13
4, -12
12, 17
7, 15
0, -17
-1, -26
-5, -14
-15, -9
-24, 0
-20, 11
-2, 2
9, -6
-2, 4
-6, 1
13, -20
24, -21
10, -8
-3, -10
2, -7
13, 20
18, 38
11, 27
-6, 9
-2, -4
25, -12
24, -13
-23, -13
-50, -18
-24, -14
2, 4
-3, 18
2, 19
27, 12
25, -6
-10, -24
-25, -16
1, 1
30, 4
33, 3
25, 6
17, -1
-5, -14
-25, -13
-16, -10
7, -16
4, -13
-15, 1
-16, 12
-1, 18
5, 11
0, -15
-13, -24
-29, 7
-25, 16
6, -24
22, -37
5, 0
-12, 7
-12, -23
-15, -16
-24, 15
-18, 8
-2, -15
3, -5
-3, 11
-5, -2
5, -20
21, -20
20, -6
1, 13
-11, 17
-7, -4
-1, -14
2, 5
3, 16
-15, 5
-34, 11
-9, 37
39, 40
41, 20
1, 8
-12, 7
2, 2
0, -4
-10, -7
-4, -11
-3, -9
-15, 4
-13, 11
6, -1
10, -15
-5, -9
-14, 9
-3, 11
19, -7
28, -14
10, 3
-11, 14
-4, 4
9, -3
-9, 1
-29, -1
-6, -6
21, -2
11, -4
0, -16
11, -10
5, 15
-19, 14
-5, -10
30, -9
23, 16
-7, 16
-2, -8
9, -19
-13, -13
-23, -12
9, -12
31, -3
11, 4
-15, 0
-18, -4
-6, -4
15, -8
31, -10
21, -1
0, 16
-6, 25
-3, 21
-3, 12
0, 1
-5, -13
-30, -23
-39, -20
-4, -8
36, -1
31, 2
-5, 8
-21, 13
-5, 6
13, -7
7, -12
-9, -14
-11, -15
-3, -2
0, 21
-2, 27
-3, 9
-1, -7
11, -10
25, -10
16, -7
-6, 3
-8, 6
0, 1
-3, 2
4, 4
28, -5
27, -10
3, 3
3, 19
24, 17
23, -5
15, -26
23, -17
17, 12
-8, 15
-18, -14
-9, -23
-7, -7
-5, -15
3, -38
3, -20
-1, 17
0, 13
-8, -5
-23, 9
-14, 18
14, -15
24, -41
19, -19
16, 10
10, 14
1, 11
0, 12
2, 8
0, 0
5, -5
12, -12
3, -16
-9, -8
-4, 7
8, 9
6, -4
-5, -18
-12, -18
-8, -2
-3, 17
-2, 22
4, 13
16, -1
2, -11
-28, -19
-21, -26
15, -18
10, 10
-24, 23
-19, -2
11, -30
13, -16
4, 19
9, 30
1, 16
-7, 1
11, -9
19, -12
-11, -4
-25, 7
-4, 14
2, 17
-13, 14
-15, 15
-4, 28
6, 35
19, 15
17, -11
-7, -17
-18, -6
-6, 15
-7, 42
-15, 46
-3, 18
7, -3
-4, 0
-8, 5
-4, 6
-10, 17
-10, 16
3, -3
0, -6
-10, 10
5, 3
21, -18
16, -18
13, -5
21, 5
15, 23
-1, 33
-6, 6
-6, -23
-4, -14
-2, -2
-13, -15
-16, -17
21, 5
45, 15
9, 5
-18, -3
14, 3
36, 13
8, 18
-5, 10
18, 2
27, 7
16, 3
15, -19
18, -19
20, 6
28, 3
21, -25
-1, -17
-5, 19
2, 27
-4, 10
-2, 3
20, 1
21, 0
1, 11
-2, 19
1, 10
-14, 8
-16, 16
8, 3
21, -17
11, -7
1, 11
-7, 1
-12, -8
-3, 4
-4, 8
-20, -2
-13, -4
15, -4
16, -10
-5, -2
-2, 14
15, 4
18, -8
16, 17
17, 38
8, 8
-4, -23
-8, -11
-2, 7
14, 2
30, 5
20, 21
2, 17
11, 1
18, 1
-10, 5
-22, -3
12, -7
28, 0
-6, 3
-28, -1
-9, -6
8, -15
2, -19
-4, -13
-8, -9
-11, -10
2, -6
17, 1
6, 1
-19, -4
-23, -15
-5, -26
12, -13
21, 20
28, 22
26, -15
10, -32
3, -10
22, 7
38, 2
22, -5
-3, -16
-4, -26
5, -4
9, 29
14, 29
10, 9
-5, 5
-4, 6
14, -2
11, -4
-11, -1
-8, -4
8, 0
-3, 8
-24, 2
-20, -6
2, 4
21, 4
26, -21
2, -24
-30, 9
-26, 20
5, -4
18, -14
6, 7
-8, 20
-18, 11
-19, 1
-4, 0
10, -6
12, -17
13, -15
16, 1
6, 8
-4, 4
-1, 5
7, 1
7, -15
-2, -12
-14, 12
-18, 9
-7, -16
-4, -2
-13, 30
-5, 15
14, -21
8, -17
-7, 5
-3, 12
-1, 20
-8, 18
3, -10
14, -14
-3, 20
-11, 31
16, 12
30, 8
15, 8
7, 1
5, 19
-8, 42
-9, 24
-3, 10
-10, 23
-6, -5
5, -41
-28, 5
-55, 34
6, -45
38, -41
-88, 154
-203, 269
-113, 134
26, -16
9, -16
-60, 3
-26, -14
34, 13
32, 35
20, -16
27, -35
15, 20
-1, 35
10, -7
13, -11
-14, 13
-27, 4
-8, -10
7, -8
-3, -21
-19, -20
-12, 20
8, 39
13, 5
4, -20
2, -22
0, -36
-8, -36
0, 4
20, 20
11, -16
-16, -31
-9, 7
15, 30
8, 12
-9, -2
3, 7
18, 14
12, 13
-1, 9
-15, -5
-26, -17
-11, -4
16, 17
12, 11
-3, -13
12, -18
20, -2
-5, 8
-16, 6
9, 5
21, 3
9, -3
7, -6
7, 1
-2, 11
3, 6
18, -19
9, -37
-13, -20
-14, 7
-7, 6
-7, -8
0, -6
14, -6
17, -22
11, -24
10, -9
8, -7
2, -12
-5, 0
-17, 6
-23, -8
-8, -12
-1, -4
-25, -9
-35, -14
-9, -2
5, -4
-7, -24
-1, -18
14, 7
-2, 1
-18, -21
2, -22
15, -13
-4, -14
-6, -13
9, -9
-1, -11
-18, -4
2, 7
27, -6
19, -24
8, -7
9, 18
-2, 7
-9, -19
4, -16
2, 3
-26, 3
-28, -10
3, -12
17, 3
8, 15
1, 15
-6, 12
-15, 10
-9, 3
-2, 0
-22, 0
-37, -16
-12, -36
16, -19
7, 16
-15, 13
-12, -14
5, -9
11, 10
5, -4
1, -21
8, -8
17, 10
11, 7
-4, -1
-15, -13
-15, -28
-2, -23
14, 3
15, 17
0, 10
-6, -2
8, -7
12, -2
-4, 6
-16, 4
-14, -4
-13, -4
-13, -6
-12, -15
-12, -11
-17, 0
-22, -8
-19, -22
-2, -8
21, 15
22, 19
0, 16
-13, 11
-8, -4
-11, -11
-21, -2
-12, -2
5, -9
2, 0
-4, 10
7, 9
10, 13
-14, 13
-29, -15
-12, -28
3, 5
-6, 23
-17, -10
-14, -26
-11, -3
-9, -3
2, -30
6, -26
-5, 3
-2, 6
19, -16
27, -23
21, -4
22, 18
16, 18
-14, -2
-32, -14
-21, -10
-13, -9
-10, -9
10, 5
15, 13
-9, -1
-13, -5
13, 10
8, 12
-22, 7
-16, 16
9, 19
6, 1
2, -8
13, 1
2, 3
-18, 7
-3, 21
16, 22
0, 8
-7, 9
13, 15
13, 2
-5, -6
-2, 9
5, 20
-3, 12
3, 5
11, 8
-11, 11
-19, 7
18, -11
35, -30
0, -19
-17, 17
15, 21
36, -9
21, -12
2, 15
-3, 14
3, -16
15, -19
18, 5
7, 14
5, 11
10, 21
6, 25
0, 3
-1, -12
-3, 1
-1, 3
13, -18
10, -17
-21, 9
-33, 11
-9, -4
1, 4
-20, 15
-31, -3
-15, -14
-3, 0
-5, -2
-1, -18
11, -3
8, 24
-15, 13
-21, -2
0, 12
5, 18
-20, 7
-24, 21
6, 41
12, 15
-9, -31
-4, -39
13, -24
-3, -12
-16, 4
6, 13
14, -3
-15, -14
-28, 4
-13, 14
-10, -4
-14, -15
3, 2
13, 16
-4, 9
-17, -6
-13, -14
-6, -18
0, -20
5, -9
0, 10
-8, 13
-6, -4
0, -16
-1, -7
-4, -1
-7, -9
-8, -10
4, 6
19, 10
11, -8
-10, -22
-11, -12
-1, 6
1, 6
9, -5
29, -2
30, 10
5, -2
-11, -27
-3, -18
3, 14
0, 7
12, -24
33, -17
26, 15
-4, 9
-11, -18
1, -12
-12, 14
-34, 14
-17, -3
13, -7
3, -3
-22, -10
-20, -20
-11, -18
-4, -3
14, 14
25, 15
5, 4
-7, 3
5, 24
-5, 46
-28, 39
-10, 7
27, -8
19, 10
-11, 19
-4, -2
18, -12
13, 10
-1, 18
2, -7
5, -18
-11, 8
-28, 25
-19, 10
3, -4
1, 2
-16, 15
-2, 22
28, 14
21, -2
-8, -5
-8, 8
0, 17
-13, 17
-19, 13
-11, -6
-18, -40
-17, -53
15, -24
17, 10
-30, 16
-36, 3
10, -8
18, -5
-14, 10
-13, 16
-1, -5
-16, -29
-12, -27
30, -18
48, -21
29, -15
17, 9
8, 18
-13, 4
-12, -1
11, 11
12, 16
-12, 9
-24, 1
-19, -3
-9, 0
-2, 6
-8, 1
-13, -8
3, -6
18, -1
9, -8
3, -9
10, 6
3, 13
-7, 9
4, 19
7, 31
-11, 14
-8, -9
13, -3
0, 11
-22, -4
-8, -28
1, -22
-23, 3
-22, 10
18, -4
19, -8
-19, 8
-24, 8
-2, -18
-7, -25
-22, -1
-11, 11
0, -3
-16, -3
-27, 13
-12, 9
1, -4
-5, 4
-9, 18
-2, 10
-6, -2
-18, 3
-7, 9
17, 4
5, -6
-30, -7
-27, 0
10, -3
17, -17
-1, -16
3, 3
14, 2
7, -10
3, 5
13, 22
7, -7
-9, -34
-2, -9
16, 15
19, -3
12, -13
1, 2
-10, -4
1, -17
25, 1
20, 18
-4, 4
-6, -1
7, 13
5, 3
3, -24
18, -27
26, -12
19, 0
10, 9
-1, 10
-5, 1
9, 4
15, 18
-11, 12
-32, -12
-16, -21
6, -13
9, -1
12, 7
19, 9
15, 5
7, -1
5, -1
2, 10
-2, 29
-1, 26
-4, -6
-10, -20
-5, -1
7, 6
10, -6
9, 1
9, 16
1, 6
-10, -3
-6, 5
7, -2
10, -17
2, -4
-8, 8
-15, -12
-16, -23
-8, -2
4, 12
9, 13
3, 24
-6, 25
-3, 7
7, -5
7, -9
6, -13
14, 4
14, 29
1, 21
-1, 2
6, 15
0, 27
-1, 9
23, -2
32, 11
7, 13
-5, 1
8, -6
2, -8
-16, -1
-7, 14
8, 20
-7, 14
-22, 10
-16, -8
-11, -35
-11, -22
-1, 15
-1, 16
-15, 7
-3, 16
31, -5
25, -36
-22, 5
-34, 46
12, -17
39, -61
-8, 28
-67, 101
-54, 43
4, -6
22, 28
0, 34
-3, -7
11, -12
6, 5
-3, -6
2, -1
1, 20
-8, 5
-7, -20
-5, -13
-11, -9
0, -15
18, 12
11, 42
-1, 27
9, 9
19, 22
19, 23
31, 2
35, 2
7, 17
-16, 9
-13, -10
-17, -16
-30, -12
-16, -2
1, 10
-10, 11
-17, 8
1, 9
13, 6
13, -1
13, -2
1, -1
-13, -7
-4, -7
1, 2
-21, 6
-28, 4
-1, 4
10, 1
-4, 0
-1, 0
10, -5
-7, -3
-28, 23
-21, 42
-3, 21
4, -4
-9, 2
-42, 12
-54, 6
-14, 10
30, 22
28, 14
3, 0
-10, 2
-16, 4
-7, 2
19, 12
29, 20
12, 4
-2, -13
-13, -6
-31, 1
-28, -13
2, -21
12, -2
-6, 8
-12, -13
-7, -26
-13, -7
-12, -2
7, -30
15, -38
2, -4
-7, 24
-6, 26
1, 32
13, 34
12, 14
-10, 5
-18, 13
3, -5
9, -30
-27, -9
-51, 23
-27, 12
7, 0
1, 23
-22, 29
-16, 4
8, -1
12, 13
6, 2
12, -15
14, -8
3, -2
4, -6
13, 1
0, 19
-13, 23
9, 20
24, 23
-5, 26
-23, 20
4, 6
20, -4
-1, 2
-10, 13
6, 12
13, 7
1, 14
-10, 15
-15, 3
-8, 0
11, 7
22, 5
17, 1
10, 6
11, 6
16, 2
20, 12
10, 22
-12, 14
-17, 1
-1, -3
4, -5
-6, 6
-7, 25
-2, 24
1, 4
10, -5
10, -5
-16, -11
-22, -7
11, 5
18, 0
-13, -10
-7, -1
30, 4
16, -9
-18, -8
10, 13
49, 21
15, 10
-35, 2
-21, -5
14, -12
13, -8
1, 4
-5, 5
-16, -3
-15, 0
5, 23
3, 45
-25, 31
-21, -8
9, -19
8, 4
-13, 8
-5, -13
7, -14
-8, 6
-9, 9
21, -4
18, -12
-22, -16
-27, -11
2, 2
0, -1
-17, -12
-1, 3
14, 22
-4, 7
-14, -9
0, 5
3, 15
3, 2
25, -7
33, -16
1, -34
-24, -21
-13, 19
-1, 22
-6, -12
-13, -17
-17, 2
-11, -4
-3, -20
-15, -11
-35, 3
-17, 9
19, 17
14, 19
-11, 6
-6, 1
6, 9
-4, 4
-12, -6
-2, 6
2, 16
-3, -3
-4, -21
-9, -9
-12, 6
-1, -2
0, -16
-15, -14
-13, -3
10, 1
8, -5
-16, -10
-21, -4
-7, 10
5, 17
19, 10
30, -3
19, -8
-1, 1
-5, 17
4, 16
14, -15
19, -38
9, -13
-6, 26
-8, 19
-9, -20
-22, -33
-21, -15
4, 4
12, 20
-5, 31
-6, 19
10, 1
5, 6
-14, 18
-16, 10
-6, -8
0, -19
4, -25
2, -15
-8, 8
-10, 12
0, -5
2, -11
-2, -3
16, -5
36, -15
16, -18
-20, -14
-18, -3
6, 8
2, 4
-15, -3
-5, 9
12, 10
-4, -13
-24, -17
-9, 8
15, 12
13, -11
1, -18
-6, -13
-7, -20
-3, -22
0, -9
-7, -9
-11, -14
3, -6
4, 5
-19, 12
-21, 23
9, 21
13, 2
-17, -1
-29, 10
-19, -2
-24, -21
-28, -13
-5, -4
18, -5
18, 11
12, 28
8, 11
-2, -3
-3, 13
17, 13
33, -9
22, -9
0, 6
-8, -3
-2, -9
-2, 8
-19, 14
-31, -1
-13, -8
18, -5
21, -1
-3, 11
-16, 15
-2, 2
11, 4
3, 18
-13, 3
-16, -20
-11, -4
-13, 16
-17, -1
-8, -16
8, 3
16, 14
18, 1
7, -2
-16, 0
-24, -12
0, -14
19, 5
9, 12
6, -4
24, -18
15, -17
-26, -10
-44, -13
-24, -25
-11, -22
-6, 0
16, 12
32, 7
11, 10
-10, 18
5, 5
21, -9
2, 7
-21, 24
-13, 16
1, 10
-3, 23
-5, 27
6, 12
11, 1
4, -6
3, -17
9, -25
10, -20
10, -11
14, -7
11, -1
9, 9
15, 10
11, 1
-8, -3
-14, 0
6, -5
23, -18
18, -15
5, 2
-6, 5
-8, -3
4, -2
11, 1
1, -1
-1, 7
8, 18
-9, 9
-42, -10
-32, -16
14, -12
22, -1
-11, 21
-20, 31
6, 12
18, -7
7, -8
1, -10
2, -14
4, -4
7, 5
3, -3
-11, -2
-17, 8
-4, -2
8, -24
3, -24
-3, -8
1, 1
7, 10
8, 22
10, 21
8, 11
-4, 7
-18, 5
-18, -3
-6, -8
5, -5
4, 0
-7, 0
0, 1
32, 7
44, 9
13, 0
-14, -3
-4, 11
7, 18
-3, -2
-1, -15
18, 1
15, 16
-7, 10
-12, 0
-11, -11
-21, -28
-22, -26
-3, 2
9, 18
4, 5
-6, -9
-15, -8
-14, -6
1, -7
8, -8
0, -8
2, -5
11, -7
2, -15
-15, -14
-11, -2
-3, -5
-7, -20
-6, -16
1, 1
-6, 1
-15, -3
-12, 2
-10, 0
-12, -12
-5, -12
4, -8
6, -17
15, -28
24, -36
10, -39
-13, -16
-12, 23
2, 32
5, 11
5, 5
6, 16
4, 17
2, 15
3, 18
0, 12
-2, 7
4, 11
-2, 0
-19, -16
-20, 0
1, 26
15, 18
7, -6
-8, -9
-14, -2
-6, 8
2, 21
-3, 13
-5, -11
8, -10
9, 3
-11, -14
-9, -34
17, -17
15, 4
-14, -1
-15, -10
6, -7
7, 1
-4, 18
2, 24
16, -3
18, -23
8, 2
-5, 24
-8, 1
-1, -24
1, -16
-1, 1
7, 14
9, 21
-15, 8
-29, -12
-5, -7
16, 9
6, 7
-3, -5
11, -9
22, -7
17, 0
9, 10
3, 8
-5, 7
-17, 20
-28, 23
-20, 6
8, 1
14, 12
-10, 2
-11, -15
29, 4
47, 34
14, 28
-10, 9
3, 16
13, 25
5, 3
1, -28
2, -31
-6, -14
-10, -4
-3, -4
1, -12
-4, -33
-5, -46
-8, -19
-23, 19
-35, 13
-26, -16
-6, -9
7, 15
12, 11
14, 4
14, 18
12, 16
9, -5
6, 0
7, 16
14, 3
12, -9
-5, 4
-13, 8
-3, 3
-3, 17
-17, 20
-8, -14
17, -28
16, 1
-3, 8
-3, -15
9, -16
5, -4
-5, -14
-4, -13
3, 13
5, 19
1, 6
-3, 13
4, 17
11, -6
-2, -12
-16, 15
-2, 22
5, -7
-21, -18
-32, 5
-1, 24
17, 16
4, -6
3, -19
12, -14
2, -8
-6, -15
4, -18
-9, -1
-41, 14
-34, 6
1, -8
7, -7
-13, -3
-19, -5
-9, -10
1, -15
5, -17
5, -12
9, 3
23, 13
24, 8
8, -2
5, -1
9, 10
-1, 10
-3, -6
15, -14
20, -6
5, -4
8, -10
19, -6
6, 5
-11, 6
-7, -5
0, -10
6, -9
18, -3
8, 11
-23, 23
-20, 18
10, 1
8, -8
-18, -5
-13, 6
8, 19
7, 19
3, -1
7, -9
2, 14
-4, 28
5, 10
11, -2
2, 3
-11, -12
-27, -30
-36, -7
-19, 19
6, -8
5, -34
-5, -3
2, 24
5, 4
-9, -3
-17, 14
-9, -1
-2, -26
4, -2
10, 27
5, 12
-7, 3
-2, 16
14, -6
24, -46
24, -28
8, 14
-19, 12
-35, -6
-27, 5
-10, 14
0, 5
3, 5
2, 15
-1, 16
-8, 16
-16, 17
-13, 5
2, -12
0, -18
-22, -24
-26, -28
-2, -14
13, 3
2, 0
-4, -3
9, 15
20, 33
21, 25
13, 1
-1, -12
-8, 1
1, 17
6, 5
-2, -16
-13, -9
-18, 9
-15, 0
-3, -17
7, -7
-2, 20
-18, 31
-22, 14
-13, -16
3, -26
16, -5
3, 5
-27, -23
-27, -42
6, -20
16, -4
-7, -19
-13, -21
7, 3
8, 13
-8, 11
-3, 18
16, 20
14, 1
-2, -17
0, -23
18, -20
29, -4
22, 15
3, 11
-14, -5
-16, -4
-7, 3
-1, -5
-3, -13
1, -6
13, 2
16, 4
8, 4
10, -8
24, -33
19, -42
-7, -23
-12, -1
12, -4
18, -19
-13, -18
-27, -1
-1, 4
14, -4
-10, -1
-31, 13
-21, 13
-4, 7
5, 17
12, 24
11, 6
-4, -13
-12, -12
2, -11
15, -18
11, -9
4, 9
5, 7
7, -12
5, -20
9, -12
17, -5
19, -7
13, -5
9, 9
14, 17
16, 1
0, -17
-18, -16
-9, -12
11, -7
5, 17
-11, 38
2, 9
24, -37
21, -35
9, -5
15, -3
20, -15
6, -15
-7, -18
-9, -22
-4, -3
10, 16
28, 10
26, -5
2, -11
-18, -17
-15, -20
2, -11
15, 0
8, 11
-6, 25
5, 18
26, -6
19, -1
-6, 20
-8, 8
6, -15
6, -1
-8, 15
-20, -1
-30, -7
-32, 12
-18, 12
-7, -2
-10, 5
-9, 9
6, -8
12, -8
1, 7
-3, -1
9, -6
20, 17
15, 20
-4, -11
-19, -14
-14, 12
5, 6
13, -20
1, -13
-5, 8
6, 11
13, 13
-1, 17
-15, 1
-9, -13
0, 0
-6, 10
-7, 2
9, 0
19, 6
7, 1
-2, -1
8, 5
13, -2
5, -13
2, -2
9, 8
10, -6
2, -14
-5, 6
-4, 19
3, 13
3, 12
-9, 12
-14, -6
1, -15
18, 8
19, 22
17, -11
21, -46
20, -35
9, -10
6, -12
8, -16
2, 14
-3, 43
6, 30
10, 4
-1, 5
-6, 12
5, 0
16, -6
15, 10
17, 14
19, -10
11, -19
4, 2
10, 15
9, 3
-9, -6
-22, -2
-13, -3
3, -8
4, 1
-9, 15
-25, 11
-25, -3
-6, 1
8, 15
4, 11
4, -10
17, -24
13, -18
-6, -3
-2, 4
18, -11
9, -33
-17, -29
-20, -2
-9, 2
-13, -18
-16, -22
-7, -5
-2, 3
-2, 3
4, 12
-1, 6
-15, -23
-11, -32
12, -6
21, 6
14, -12
11, -18
7, 4
-6, 12
-7, -6
11, -14
24, 0
15, 12
0, 7
-3, -7
7, -18
19, -22
19, -14
-1, 1
-18, 6
-3, -1
30, -2
34, 10
6, 12
-10, -4
-2, -14
1, -5
-4, 11
5, 19
19, 11
16, -6
7, -14
0, -9
-12, -6
-17, -3
-6, 11
-5, 22
-12, 11
5, 1
30, 13
13, 16
-24, -3
-28, -6
-9, 14
0, 16
7, 2
8, 6
-6, 12
-8, -9
6, -24
-7, -9
-34, 4
-17, 0
25, -1
28, 8
2, 7
-2, 3
9, 5
9, 4
3, -6
3, -11
7, -4
15, 2
17, -11
9, -26
-1, -14
-15, 13
-29, 8
-17, -20
15, -16
14, 11
-19, 2
-25, -30
0, -23
7, 14
1, 21
10, -1
11, -21
-9, -30
-22, -21
-20, 7
-17, 20
-4, 4
13, -8
15, -1
4, 2
-4, 6
-15, 14
-23, 0
-6, -32
12, -31
2, -1
-12, 5
0, -8
19, -3
19, -1
-2, -20
-23, -22
-14, -2
16, 1
24, -16
6, -20
2, -15
7, -7
-11, 16
-29, 30
-16, 0
11, -38
33, -26
43, 12
19, 28
-14, 26
-7, 12
10, -19
-21, -29
-53, -2
-25, 10
7, -14
-4, -16
-14, 14
-2, 16
3, -7
3, -5
-1, 5
-22, -7
-33, -8
-8, 14
6, 16
-10, 1
-14, 6
-8, 15
-13, 11
0, 14
24, 14
6, -9
-20, -18
3, 2
19, 6
-2, 4
6, 35
24, 46
-11, -1
-30, -13
-1, 29
-24, 13
-55, -34
38, 8
84, 32
-124, -109
