16384, 0
16384, -0
16384, -0
16384, -0
16384, -0
16384, -0
16384, -0
16384, -0
16384, -0
16384, -1
16384, -1
16384, -1
16384, -1
16384, -1
16384, -1
16384, -1
16384, -1
16384, -1
16384, -1
16384, -1
16384, -1
16384, -1
16384, -1
16384, -1
16384, -1
16384, -1
16384, -1
16384, -2
16384, -2
16384, -2
16384, -2
16384, -2
16384, -2
16384, -2
16384, -2
16384, -2
16384, -2
16384, -2
16384, -2
16384, -2
16384, -2
16384, -2
16384, -2
16384, -2
16384, -2
16384, -3
16384, -3
16384, -3
16384, -3
16384, -3
16384, -3
16384, -3
16384, -3
16384, -3
16384, -3
16384, -3
16384, -3
16384, -3
16384, -3
16384, -3
16384, -3
16384, -3
16384, -3
16384, -4
16384, -4
16384, -4
16384, -4
16384, -4
16384, -4
16384, -4
16384, -4
16384, -4
16384, -4
16384, -4
16384, -4
16384, -4
16384, -4
16384, -4
16384, -4
16384, -4
16384, -4
16384, -5
16384, -5
16384, -5
16384, -5
16384, -5
16384, -5
16384, -5
16384, -5
16384, -5
16384, -5
16384, -5
16384, -5
16384, -5
16384, -5
16384, -5
16384, -5
16384, -5
16384, -5
16384, -6
16384, -6
16384, -6
16384, -6
16384, -6
16384, -6
16384, -6
16384, -6
16384, -6
16384, -6
16384, -6
16384, -6
16384, -6
16384, -6
16384, -6
16384, -6
16384, -6
16384, -7
16384, -7
16384, -7
16384, -7
16384, -7
16384, -7
16384, -7
16384, -7
16384, -7
16384, -7
16384, -7
16384, -7
16384, -7
16384, -7
16384, -7
16384, -7
16384, -7
16384, -7
16384, -8
16384, -8
16384, -8
16384, -8
16384, -8
16384, -8
16384, -8
16384, -8
16384, -8
16384, -8
16384, -8
16384, -8
16384, -8
16384, -8
16384, -8
16384, -8
16384, -8
16384, -8
16384, -9
16384, -9
16384, -9
16384, -9
16384, -9
16384, -9
16384, -9
16384, -9
16384, -9
16384, -9
16384, -9
16384, -9
16384, -9
16384, -9
16384, -9
16384, -9
16384, -9
16384, -9
16384, -10
16384, -10
16384, -10
16384, -10
16384, -10
16384, -10
16384, -10
16384, -10
16384, -10
16384, -10
16384, -10
16384, -10
16384, -10
16384, -10
16384, -10
16384, -10
16384, -10
16384, -10
16384, -11
16384, -11
16384, -11
16384, -11
16384, -11
16384, -11
16384, -11
16384, -11
16384, -11
16384, -11
16384, -11
16384, -11
16384, -11
16384, -11
16384, -11
16384, -11
16384, -11
16384, -11
16384, -12
16384, -12
16384, -12
16384, -12
16384, -12
16384, -12
16384, -12
16384, -12
16384, -12
16384, -12
16384, -12
16384, -12
16384, -12
16384, -12
16384, -12
16384, -12
16384, -12
16384, -13
16384, -13
16384, -13
16384, -13
16384, -13
16384, -13
16384, -13
16384, -13
16384, -13
16384, -13
16384, -13
16384, -13
16384, -13
16384, -13
16384, -13
16384, -13
16384, -13
16384, -13
16384, -14
16384, -14
16384, -14
16384, -14
16384, -14
16384, -14
16384, -14
16384, -14
16384, -14
16384, -14
16384, -14
16384, -14
16384, -14
16384, -14
16384, -14
16384, -14
16384, -14
16384, -14
16384, -15
16384, -15
16384, -15
16384, -15
16384, -15
16384, -15
16384, -15
16384, -15
16384, -15
16384, -15
16384, -15
16384, -15
16384, -15
16384, -15
16384, -15
16384, -15
16384, -15
16384, -15
16384, -16
16384, -16
16384, -16
16384, -16
16384, -16
16384, -16
16384, -16
16384, -16
16384, -16
16384, -16
16384, -16
16384, -16
16384, -16
16384, -16
16384, -16
16384, -16
16384, -16
16384, -16
16384, -17
16384, -17
16384, -17
16384, -17
16384, -17
16384, -17
16384, -17
16384, -17
16384, -17
16384, -17
16384, -17
16384, -17
16384, -17
16384, -17
16384, -17
16384, -17
16384, -17
16384, -17
16384, -18
16384, -18
16384, -18
16384, -18
16384, -18
16384, -18
16384, -18
16384, -18
16384, -18
16384, -18
16384, -18
16384, -18
16384, -18
16384, -18
16384, -18
16384, -18
16384, -18
16384, -19
16384, -19
16384, -19
16384, -19
16384, -19
16384, -19
16384, -19
16384, -19
16384, -19
16384, -19
16384, -19
16384, -19
16384, -19
16384, -19
16384, -19
16384, -19
16384, -19
16384, -19
16384, -20
16384, -20
16384, -20
16384, -20
16384, -20
16384, -20
16384, -20
16384, -20
16384, -20
16384, -20
16384, -20
16384, -20
16384, -20
16384, -20
16384, -20
16384, -20
16384, -20
16384, -20
16384, -21
16384, -21
16384, -21
16384, -21
16384, -21
16384, -21
16384, -21
16384, -21
16384, -21
16384, -21
16384, -21
16384, -21
16384, -21
16384, -21
16384, -21
16384, -21
16384, -21
16384, -21
16384, -22
16384, -22
16384, -22
16384, -22
16384, -22
16384, -22
16384, -22
16384, -22
16384, -22
16384, -22
16384, -22
16384, -22
16384, -22
16384, -22
16384, -22
16384, -22
16384, -22
16384, -22
16384, -23
16384, -23
16384, -23
16384, -23
16384, -23
16384, -23
16384, -23
16384, -23
16384, -23
16384, -23
16384, -23
16384, -23
16384, -23
16384, -23
16384, -23
16384, -23
16384, -23
16384, -23
16384, -24
16384, -24
16384, -24
16384, -24
16384, -24
16384, -24
16384, -24
16384, -24
16384, -24
16384, -24
16384, -24
16384, -24
16384, -24
16384, -24
16384, -24
16384, -24
16384, -24
16384, -25
16384, -25
16384, -25
16384, -25
16384, -25
16384, -25
16384, -25
16384, -25
16384, -25
16384, -25
16384, -25
16384, -25
16384, -25
16384, -25
16384, -25
16384, -25
16384, -25
16384, -25
16384, -26
16384, -26
16384, -26
16384, -26
16384, -26
16384, -26
16384, -26
16384, -26
16384, -26
16384, -26
16384, -26
16384, -26
16384, -26
16384, -26
16384, -26
16384, -26
16384, -26
16384, -26
16384, -27
16384, -27
16384, -27
16384, -27
16384, -27
16384, -27
16384, -27
16384, -27
16384, -27
16384, -27
16384, -27
16384, -27
16384, -27
16384, -27
16384, -27
16384, -27
16384, -27
16384, -27
16384, -28
16384, -28
16384, -28
16384, -28
16384, -28
16384, -28
16384, -28
16384, -28
16384, -28
16384, -28
16384, -28
16384, -28
16384, -28
16384, -28
16384, -28
16384, -28
16384, -28
16384, -28
16384, -29
16384, -29
16384, -29
16384, -29
16384, -29
16384, -29
16384, -29
16384, -29
16384, -29
16384, -29
16384, -29
16384, -29
16384, -29
16384, -29
16384, -29
16384, -29
16384, -29
16384, -29
16384, -30
16384, -30
16384, -30
16384, -30
16384, -30
16384, -30
16384, -30
16384, -30
16384, -30
16384, -30
16384, -30
16384, -30
16384, -30
16384, -30
16384, -30
16384, -30
16384, -30
16384, -31
16384, -31
16384, -31
16384, -31
16384, -31
16384, -31
16384, -31
16384, -31
16384, -31
16384, -31
16384, -31
16384, -31
16384, -31
16384, -31
16384, -31
16384, -31
16384, -31
16384, -31
16384, -32
16384, -32
16384, -32
16384, -32
16384, -32
16384, -32
16384, -32
16384, -32
16384, -32
16384, -32
16384, -32
16384, -32
16384, -32
16384, -32
16384, -32
16384, -32
16384, -32
16384, -32
16384, -33
16384, -33
16384, -33
16384, -33
16384, -33
16384, -33
16384, -33
16384, -33
16384, -33
16384, -33
16384, -33
16384, -33
16384, -33
16384, -33
16384, -33
16384, -33
16384, -33
16384, -33
16384, -34
16384, -34
16384, -34
16384, -34
16384, -34
16384, -34
16384, -34
16384, -34
16384, -34
16384, -34
16384, -34
16384, -34
16384, -34
16384, -34
16384, -34
16384, -34
16384, -34
16384, -34
16384, -35
16384, -35
16384, -35
16384, -35
16384, -35
16384, -35
16384, -35
16384, -35
16384, -35
16384, -35
16384, -35
16384, -35
16384, -35
16384, -35
16384, -35
16384, -35
16384, -35
16384, -35
16384, -36
16384, -36
16384, -36
16384, -36
16384, -36
16384, -36
16384, -36
16384, -36
16384, -36
16384, -36
16384, -36
16384, -36
16384, -36
16384, -36
16384, -36
16384, -36
16384, -36
16384, -37
16384, -37
16384, -37
16384, -37
16384, -37
16384, -37
16384, -37
16384, -37
16384, -37
16384, -37
16384, -37
16384, -37
16384, -37
16384, -37
16384, -37
16384, -37
16384, -37
16384, -37
16384, -38
16384, -38
16384, -38
16384, -38
16384, -38
16384, -38
16384, -38
16384, -38
16384, -38
16384, -38
16384, -38
16384, -38
16384, -38
16384, -38
16384, -38
16384, -38
16384, -38
16384, -38
16384, -39
16384, -39
16384, -39
16384, -39
16384, -39
16384, -39
16384, -39
16384, -39
16384, -39
16384, -39
16384, -39
16384, -39
16384, -39
16384, -39
16384, -39
16384, -39
16384, -39
16384, -39
16384, -40
16384, -40
16384, -40
16384, -40
16384, -40
16384, -40
16384, -40
16384, -40
16384, -40
16384, -40
16384, -40
16384, -40
16384, -40
16384, -40
16384, -40
16384, -40
16384, -40
16384, -40
16384, -41
16384, -41
16384, -41
16384, -41
16384, -41
16384, -41
16384, -41
16384, -41
16384, -41
16384, -41
16384, -41
16384, -41
16384, -41
16384, -41
16384, -41
16384, -41
16384, -41
16384, -41
16384, -42
16384, -42
16384, -42
16384, -42
16384, -42
16384, -42
16384, -42
16384, -42
16384, -42
16384, -42
16384, -42
16384, -42
16384, -42
16384, -42
16384, -42
16384, -42
16384, -42
16384, -43
16384, -43
16384, -43
16384, -43
16384, -43
16384, -43
16384, -43
16384, -43
16384, -43
16384, -43
16384, -43
16384, -43
16384, -43
16384, -43
16384, -43
16384, -43
16384, -43
16384, -43
16384, -44
16384, -44
16384, -44
16384, -44
16384, -44
16384, -44
16384, -44
16384, -44
16384, -44
16384, -44
16384, -44
16384, -44
16384, -44
16384, -44
16384, -44
16384, -44
16384, -44
16384, -44
16384, -45
16384, -45
16384, -45
16384, -45
16384, -45
16384, -45
16384, -45
16384, -45
16384, -45
16384, -45
16384, -45
16384, -45
16384, -45
16384, -45
16384, -45
16384, -45
16384, -45
16384, -45
16384, -46
16384, -46
16384, -46
16384, -46
16384, -46
16384, -46
16384, -46
16384, -46
16384, -46
16384, -46
16384, -46
16384, -46
16384, -46
16384, -46
16384, -46
16384, -46
16384, -46
16384, -46
16384, -47
16384, -47
16384, -47
16384, -47
16384, -47
16384, -47
16384, -47
16384, -47
16384, -47
16384, -47
16384, -47
16384, -47
16384, -47
16384, -47
16384, -47
16384, -47
16384, -47
16384, -47
16384, -48
16384, -48
16384, -48
16384, -48
16384, -48
16384, -48
16384, -48
16384, -48
16384, -48
16384, -48
16384, -48
16384, -48
16384, -48
16384, -48
16384, -48
16384, -48
16384, -48
16384, -49
16384, -49
16384, -49
16384, -49
16384, -49
16384, -49
16384, -49
16384, -49
16384, -49
16384, -49
16384, -49
16384, -49
16384, -49
16384, -49
16384, -49
16384, -49
16384, -49
16384, -49
16384, -50
16384, -50
16384, -50
16384, -50
16384, -50
16384, -50
16384, -50
16384, -50
16384, -50
16384, -50
16384, -50
16384, -50
16384, -50
16384, -50
16384, -50
16384, -50
16384, -50
16384, -50
16384, -51
16384, -51
16384, -51
16384, -51
16384, -51
16384, -51
16384, -51
16384, -51
16384, -51
16384, -51
16384, -51
16384, -51
16384, -51
16384, -51
16384, -51
16384, -51
16384, -51
16384, -51
16384, -52
16384, -52
16384, -52
16384, -52
16384, -52
16384, -52
16384, -52
16384, -52
16384, -52
16384, -52
16384, -52
16384, -52
16384, -52
16384, -52
16384, -52
16384, -52
16384, -52
16384, -52
16384, -53
16384, -53
16384, -53
16384, -53
16384, -53
16384, -53
16384, -53
16384, -53
16384, -53
16384, -53
16384, -53
16384, -53
16384, -53
16384, -53
16384, -53
16384, -53
16384, -53
16384, -53
16384, -54
16384, -54
16384, -54
16384, -54
16384, -54
16384, -54
16384, -54
16384, -54
16384, -54
16384, -54
16384, -54
16384, -54
16384, -54
16384, -54
16384, -54
16384, -54
16384, -54
16384, -55
16384, -55
16384, -55
16384, -55
16384, -55
16384, -55
16384, -55
16384, -55
16384, -55
16384, -55
16384, -55
16384, -55
16384, -55
16384, -55
16384, -55
16384, -55
16384, -55
16384, -55
16384, -56
16384, -56
16384, -56
16384, -56
16384, -56
16384, -56
16384, -56
16384, -56
16384, -56
16384, -56
16384, -56
16384, -56
16384, -56
16384, -56
16384, -56
16384, -56
16384, -56
16384, -56
16384, -57
16384, -57
16384, -57
16384, -57
16384, -57
16384, -57
16384, -57
16384, -57
16384, -57
16384, -57
16384, -57
16384, -57
16384, -57
16384, -57
16384, -57
16384, -57
16384, 108
16384, 108
16384, 108
16384, 108
16384, 108
16384, 108
16384, 108
16384, 109
16384, 109
16384, 109
16384, 109
16384, 109
16384, 109
16384, 109
16384, 109
16384, 109
16384, 109
16384, 109
16384, 110
16384, 110
16384, 110
16384, 110
16384, 110
16384, 110
16384, 110
16384, 110
16384, 110
16384, 110
16384, 110
16384, 110
16384, 111
16384, 111
16384, 111
16384, 111
16384, 111
16384, 111
16384, 111
16384, 111
16384, 111
16384, 111
16384, 111
16384, 111
16384, 112
16384, 112
16384, 112
16384, 112
16384, 112
16384, 112
16384, 112
16384, 112
16384, 112
16384, 112
16384, 112
16384, 112
16384, 113
16384, 113
16384, 113
16384, 113
16384, 113
16384, 113
16384, 113
16384, 113
16384, 113
16384, 113
16384, 113
16384, 113
16384, 114
16384, 114
16384, 114
16384, 114
16384, 114
16384, 114
16384, 114
16384, 114
16384, 114
16384, 114
16384, 114
16384, 114
16384, 115
16384, 115
16384, 115
16384, 115
16384, 115
16384, 115
16384, 115
16384, 115
16384, 115
16384, 115
16384, 115
16384, 115
16384, 116
16384, 116
16384, 116
16384, 116
16384, 116
16384, 116
16384, 116
16384, 116
16384, 116
16384, 116
16384, 116
16384, 117
16384, 117
16384, 117
16384, 117
16384, 117
16384, 117
16384, 117
16384, 117
16384, 117
16384, 117
16384, 117
16384, 117
16384, 118
16384, 118
16384, 118
16384, 118
16384, 118
16384, 118
16384, 118
16384, 118
16384, 118
16384, 118
16384, 118
16384, 118
16384, 119
16384, 119
16384, 119
16384, 119
16384, 119
16384, 119
16384, 119
16384, 119
16384, 119
16384, 119
16384, 119
16384, 119
16384, 120
16384, 120
16384, 120
16384, 120
16384, 120
16384, 120
16384, 120
16384, 120
16384, 120
16384, 120
16384, 120
16384, 120
16384, 121
16384, 121
16384, 121
16384, 121
16384, 121
16384, 121
16384, 121
16384, 121
16384, 121
16384, 121
16384, 121
16384, 121
16384, 122
16384, 122
16384, 122
16384, 122
16384, 122
16384, 122
16384, 122
16384, 122
16384, 122
16384, 122
16384, 122
16384, 122
16384, 123
16384, 123
16384, 123
16384, 123
16384, 123
16384, 123
16384, 123
16384, 123
16384, 123
16384, 123
16384, 123
16384, 124
16384, 124
16384, 124
16384, 124
16384, 124
16384, 124
16384, 124
16384, 124
16384, 124
16384, 124
16384, 124
16384, 124
16384, 125
16384, 125
16384, 125
16384, 125
16384, 125
16384, 125
16384, 125
16384, 125
16384, 125
16384, 125
16384, 125
16384, 125
16384, 126
16384, 126
16384, 126
16384, 126
16384, 126
16384, 126
16384, 126
16384, 126
16384, 126
16384, 126
16384, 126
16384, 126
16384, 127
16384, 127
16384, 127
16384, 127
16384, 127
16384, 127
16384, 127
16384, 127
16384, 127
16384, 127
16384, 127
16384, 127
16384, 128
16384, 128
16384, 128
16384, 128
16384, 128
16384, 128
16383, 128
16383, 128
16383, 128
16383, 128
16383, 128
16383, 128
16383, 129
16383, 129
16383, 129
16383, 129
16383, 129
16383, 129
16383, 129
16383, 129
16383, 129
16383, 129
16383, 129
16383, 129
16383, 130
16383, 130
16383, 130
16383, 130
16383, 130
16383, 130
16383, 130
16383, 130
16383, 130
16383, 130
16383, 130
16383, 131
16383, 131
16383, 131
16383, 131
16383, 131
16383, 131
16383, 131
16383, 131
16383, 131
16383, 131
16383, 131
16383, 131
16383, 132
16383, 132
16383, 132
16383, 132
16383, 132
16383, 132
16383, 132
16383, 132
16383, 132
16383, 132
16383, 132
16383, 132
16383, 133
16383, 133
16383, 133
16383, 133
16383, 133
16383, 133
16383, 133
16383, 133
16383, 133
16383, 133
16383, 133
16383, 133
16383, 134
16383, 134
16383, 134
16383, 134
16383, 134
16383, 134
16383, 134
16383, 134
16383, 134
16383, 134
16383, 134
16383, 134
16383, 135
16383, 135
16383, 135
16383, 135
16383, 135
16383, 135
16383, 135
16383, 135
16383, 135
16383, 135
16383, 135
16383, 135
16383, 136
16383, 136
16383, 136
16383, 136
16383, 136
16383, 136
16383, 136
16383, 136
16383, 136
16383, 136
16383, 136
16383, 136
16383, 137
16383, 137
16383, 137
16383, 137
16383, 137
16383, 137
16383, 137
16383, 137
16383, 137
16383, 137
16383, 137
16383, 138
16383, 138
16383, 138
16383, 138
16383, 138
16383, 138
16383, 138
16383, 138
16383, 138
16383, 138
16383, 138
16383, 138
16383, 139
16383, 139
16383, 139
16383, 139
16383, 139
16383, 139
16383, 139
16383, 139
16383, 139
16383, 139
16383, 139
16383, 139
16383, 140
16383, 140
16383, 140
16383, 140
16383, 140
16383, 140
16383, 140
16383, 140
16383, 140
16383, 140
16383, 140
16383, 140
16383, 141
16383, 141
16383, 141
16383, 141
16383, 141
16383, 141
16383, 141
16383, 141
16383, 141
16383, 141
16383, 141
16383, 141
16383, 142
16383, 142
16383, 142
16383, 142
16383, 142
16383, 142
16383, 142
16383, 142
16383, 142
16383, 142
16383, 142
16383, 142
16383, 143
16383, 143
16383, 143
16383, 143
16383, 143
16383, 143
16383, 143
16383, 143
16383, 143
16383, 143
16383, 143
16383, 143
16383, 144
16383, 144
16383, 144
16383, 144
16383, 144
16383, 144
16383, 144
16383, 144
16383, 144
16383, 144
16383, 144
16383, 145
16383, 145
16383, 145
16383, 145
16383, 145
16383, 145
16383, 145
16383, 145
16383, 145
16383, 145
16383, 145
16383, 145
16383, 146
16383, 146
16383, 146
16383, 146
16383, 146
16383, 146
16383, 146
16383, 146
16383, 146
16383, 146
16383, 146
16383, 146
16383, 147
16383, 147
16383, 147
16383, 147
16383, 147
16383, 147
16383, 147
16383, 147
16383, 147
16383, 147
16383, 147
16383, 147
16383, 148
16383, 148
16383, 148
16383, 148
16383, 148
16383, 148
16383, 148
16383, 148
16383, 148
16383, 148
16383, 148
16383, 148
16383, 149
16383, 149
16383, 149
16383, 149
16383, 149
16383, 149
16383, 149
16383, 149
16383, 149
16383, 149
16383, 149
16383, 149
16383, 150
16383, 150
16383, 150
16383, 150
16383, 150
16383, 150
16383, 150
16383, 150
16383, 150
16383, 150
16383, 150
16383, 150
16383, 151
16383, 151
16383, 151
16383, 151
16383, 151
16383, 151
16383, 151
16383, 151
16383, 151
16383, 151
16383, 151
16383, 152
16383, 152
16383, 152
16383, 152
16383, 152
16383, 152
16383, 152
16383, 152
16383, 152
16383, 152
16383, 152
16383, 152
16383, 153
16383, 153
16383, 153
16383, 153
16383, 153
16383, 153
16383, 153
16383, 153
16383, 153
16383, 153
16383, 153
16383, 153
16383, 154
16383, 154
16383, 154
16383, 154
16383, 154
16383, 154
16383, 154
16383, 154
16383, 154
16383, 154
16383, 154
16383, 154
16383, 155
16383, 155
16383, 155
16383, 155
16383, 155
16383, 155
16383, 155
16383, 155
16383, 155
16383, 155
16383, 155
16383, 155
16383, 156
16383, 156
16383, 156
16383, 156
16383, 156
16383, 156
16383, 156
16383, 156
16383, 156
16383, 156
16383, 156
16383, 156
16383, 157
16383, 157
16383, 157
16383, 157
16383, 157
16383, 157
16383, 157
16383, 157
16383, 157
16383, 157
16383, 157
16383, 157
16383, 158
16383, 158
16383, 158
16383, 158
16383, 158
16383, 158
16383, 158
16383, 158
16383, 158
16383, 158
16383, 158
16383, 159
16383, 159
16383, 159
16383, 159
16383, 159
16383, 159
16383, 159
16383, 159
16383, 159
16383, 159
16383, 159
16383, 159
16383, 160
16383, 160
16383, 160
16383, 160
16383, 160
16383, 160
16383, 160
16383, 160
16383, 160
16383, 160
16383, 160
16383, 160
16383, 161
16383, 161
16383, 161
16383, 161
16383, 161
16383, 161
16383, 161
16383, 161
16383, 161
16383, 161
16383, 161
16383, 161
16383, 162
16383, 162
16383, 162
16383, 162
16383, 162
16383, 162
16383, 162
16383, 162
16383, 162
16383, 162
16383, 162
16383, 162
16383, 163
16383, 163
16383, 163
16383, 163
16383, 163
16383, 163
16383, 163
16383, 163
16383, 163
16383, 163
16383, 163
16383, 163
16383, 164
16383, 164
16383, 164
16383, 164
16383, 164
16383, 164
16383, 164
16383, 164
16383, 164
16383, 164
16383, 164
16383, 165
16383, 165
16383, 165
16383, 165
16383, 165
16383, 165
16383, 165
16383, 165
16383, 165
16383, 165
16383, 165
16383, 165
16383, 166
16383, 166
16383, 166
16383, 166
16383, 166
16383, 166
16383, 166
16383, 166
16383, 166
16383, 166
16383, 166
16383, 166
16383, 167
16383, 167
16383, 167
16383, 167
16383, 167
16383, 167
16383, 167
16383, 167
16383, 167
16383, 167
16383, 167
16383, 167
16383, 168
16383, 168
16383, 168
16383, 168
16383, 168
16383, 168
16383, 168
16383, 168
16383, 168
16383, 168
16383, 168
16383, 168
16383, 169
16383, 169
16383, 169
16383, 169
16383, 169
16383, 169
16383, 169
16383, 169
16383, 169
16383, 169
16383, 169
16383, 169
16383, 170
16383, 170
16383, 170
16383, 170
16383, 170
16383, 170
16383, 170
16383, 170
16383, 170
16383, 170
16383, 170
16383, 170
16383, 171
16383, 171
16383, 171
16383, 171
16383, 171
16383, 171
16383, 171
16383, 171
16383, 171
16383, 171
16383, 171
16383, 172
16383, 172
16383, 172
16383, 172
16383, 172
16383, 172
16383, 172
16383, 172
16383, 172
16383, 172
16383, 172
16383, 172
16383, 173
16383, 173
16383, 173
16383, 173
16383, 173
16383, 173
16383, 173
16383, 173
16383, 173
16383, 173
16383, 173
16383, 173
16383, 174
16383, 174
16383, 174
16383, 174
16383, 174
16383, 174
16383, 174
16383, 174
16383, 174
16383, 174
16383, 174
16383, 174
16383, 175
16383, 175
16383, 175
16383, 175
16383, 175
16383, 175
16383, 175
16383, 175
16383, 175
16383, 175
16383, 175
16383, 175
16383, 176
16383, 176
16383, 176
16383, 176
16383, 176
16383, 176
16383, 176
16383, 176
16383, 176
16383, 176
16383, 176
16383, 176
16383, 177
16383, 177
16383, 177
16383, 177
16383, 177
16383, 177
16383, 177
16383, 177
16383, 177
16383, 177
16383, 177
16383, 177
16383, 178
16383, 178
16383, 178
16383, 178
16383, 178
16383, 178
16383, 178
16383, 178
16383, 178
16383, 178
16383, 178
16383, 179
16383, 179
16383, 179
16383, 179
16383, 179
16383, 179
16383, 179
16383, 179
16383, 179
16383, 179
16383, 179
16383, 179
16383, 180
16383, 180
16383, 180
16383, 180
16383, 180
16383, 180
16383, 180
16383, 180
16383, 180
16383, 180
16383, 180
16383, 180
16383, 181
16383, 181
16383, 181
16383, 181
16383, 181
16383, 181
16383, 181
16383, 181
16383, 181
16383, 181
16383, 181
16383, 181
16383, 182
16383, 182
16383, 182
16383, 182
16383, 182
16383, 182
16383, 182
16383, 182
16383, 182
16383, 182
16383, 182
16383, 182
16383, 183
16383, 183
16383, 183
16383, 183
16383, 183
16383, 183
16383, 183
16383, 183
16383, 183
16383, 183
16383, 183
16383, 183
16383, 184
16383, 184
16383, 184
16383, 184
16383, 184
16383, 184
16383, 184
16383, 184
16383, 184
16383, 184
16383, 184
16383, 184
16383, 185
16383, 185
16383, 185
16383, 185
16383, 185
16383, 185
16383, 185
16383, 185
16383, 185
16383, 185
16383, 185
16383, 186
16383, 186
16383, 186
16383, 186
16383, 186
16383, 186
16383, 186
16383, 186
16383, 186
16383, 186
16383, 186
16383, 186
16383, 187
16383, 187
16383, 187
16383, 187
16383, 187
16383, 187
16383, 187
16383, 187
16383, 187
16383, 187
16383, 187
16383, 187
16383, 188
16383, 188
16383, 188
16383, 188
16383, 188
16383, 188
16383, 188
16383, 188
16383, 188
16383, 188
16383, 188
16383, 188
16383, 189
16383, 189
16383, 189
16383, 189
16383, 189
16383, 189
16383, 189
16383, 189
16383, 189
16383, 189
16383, 189
16383, 189
16383, 190
16383, 190
16383, 190
16383, 190
16383, 190
16383, 190
16383, 190
16383, 190
16383, 190
16383, 190
16383, 190
16383, 190
16383, 191
16383, 191
16383, 191
16383, 191
16383, 191
16383, 191
16383, 191
16383, 191
16383, 191
16383, 191
16383, 191
16383, 191
16383, 192
16383, 192
16383, 192
16383, 192
16383, 192
16383, 192
16383, 192
16383, 192
16383, 192
16383, 192
16383, 192
16383, 193
16383, 193
16383, 193
16383, 193
16383, 193
16383, 193
16383, 193
16383, 193
16383, 193
16383, 193
16383, 193
16383, 193
16383, 194
16383, 194
16383, 194
16383, 194
16383, 194
16383, 194
16383, 194
16383, 194
16383, 194
16383, 194
16382, 227
16382, 227
16382, 227
16382, 227
16382, 227
16382, 227
16382, 227
16382, 227
16382, 227
16382, 228
16382, 228
16382, 228
16382, 228
16382, 228
16382, 228
16382, 228
16382, 228
16382, 228
16382, 228
16382, 228
16382, 229
16382, 229
16382, 229
16382, 229
16382, 229
16382, 229
16382, 229
16382, 229
16382, 229
16382, 229
16382, 229
16382, 229
16382, 230
16382, 230
16382, 230
16382, 230
16382, 230
16382, 230
16382, 230
16382, 230
16382, 230
16382, 230
16382, 230
16382, 231
16382, 231
16382, 231
16382, 231
16382, 231
16382, 231
16382, 231
16382, 231
16382, 231
16382, 231
16382, 231
16382, 232
16382, 232
16382, 232
16382, 232
16382, 232
16382, 232
16382, 232
16382, 232
16382, 232
16382, 232
16382, 232
16382, 233
16382, 233
16382, 233
16382, 233
16382, 233
16382, 233
16382, 233
16382, 233
16382, 233
16382, 233
16382, 233
16382, 233
16382, 234
16382, 234
16382, 234
16382, 234
16382, 234
16382, 234
16382, 234
16382, 234
16382, 234
16382, 234
16382, 234
16382, 235
16382, 235
16382, 235
16382, 235
16382, 235
16382, 235
16382, 235
16382, 235
16382, 235
16382, 235
16382, 235
16382, 236
16382, 236
16382, 236
16382, 236
16382, 236
16382, 236
16382, 236
16382, 236
16382, 236
16382, 236
16382, 236
16382, 236
16382, 237
16382, 237
16382, 237
16382, 237
16382, 237
16382, 237
16382, 237
16382, 237
16382, 237
16382, 237
16382, 237
16382, 238
16382, 238
16382, 238
16382, 238
16382, 238
16382, 238
16382, 238
16382, 238
16382, 238
16382, 238
16382, 238
16382, 239
16382, 239
16382, 239
16382, 239
16382, 239
16382, 239
16382, 239
16382, 239
16382, 239
16382, 239
16382, 239
16382, 239
16382, 240
16382, 240
16382, 240
16382, 240
16382, 240
16382, 240
16382, 240
16382, 240
16382, 240
16382, 240
16382, 240
16382, 241
16382, 241
16382, 241
16382, 241
16382, 241
16382, 241
16382, 241
16382, 241
16382, 241
16382, 241
16382, 241
16382, 242
16382, 242
16382, 242
16382, 242
16382, 242
16382, 242
16382, 242
16382, 242
16382, 242
16382, 242
16382, 242
16382, 243
16382, 243
16382, 243
16382, 243
16382, 243
16382, 243
16382, 243
16382, 243
16382, 243
16382, 243
16382, 243
16382, 243
16382, 244
16382, 244
16382, 244
16382, 244
16382, 244
16382, 244
16382, 244
16382, 244
16382, 244
16382, 244
16382, 244
16382, 245
16382, 245
16382, 245
16382, 245
16382, 245
16382, 245
16382, 245
16382, 245
16382, 245
16382, 245
16382, 245
16382, 246
16382, 246
16382, 246
16382, 246
16382, 246
16382, 246
16382, 246
16382, 246
16382, 246
16382, 246
16382, 246
16382, 246
16382, 247
16382, 247
16382, 247
16382, 247
16382, 247
16382, 247
16382, 247
16382, 247
16382, 247
16382, 247
16382, 247
16382, 248
16382, 248
16382, 248
16382, 248
16382, 248
16382, 248
16382, 248
16382, 248
16382, 248
16382, 248
16382, 248
16382, 249
16382, 249
16382, 249
16382, 249
16382, 249
16382, 249
16382, 249
16382, 249
16382, 249
16382, 249
16382, 249
16382, 250
16382, 250
16382, 250
16382, 250
16382, 250
16382, 250
16382, 250
16382, 250
16382, 250
16382, 250
16382, 250
16382, 250
16382, 251
16382, 251
16382, 251
16382, 251
16382, 251
16382, 251
16382, 251
16382, 251
16382, 251
16382, 251
16382, 251
16382, 252
16382, 252
16382, 252
16382, 252
16382, 252
16382, 252
16382, 252
16382, 252
16382, 252
16382, 252
16382, 252
16382, 253
16382, 253
16382, 253
16382, 253
16382, 253
16382, 253
16382, 253
16382, 253
16382, 253
16382, 253
16382, 253
16382, 253
16382, 254
16382, 254
16382, 254
16382, 254
16382, 254
16382, 254
16382, 254
16382, 254
16382, 254
16382, 254
16382, 254
16382, 255
16382, 255
16382, 255
16382, 255
16382, 255
16382, 255
16382, 255
16382, 255
16382, 255
16382, 255
16382, 255
16382, 256
16382, 256
16382, 256
16382, 256
16382, 256
16382, 256
16382, 256
16382, 256
16382, 256
16382, 256
16382, 256
16382, 257
16382, 257
16382, 257
16382, 257
16382, 257
16382, 257
16382, 257
16382, 257
16382, 257
16382, 257
16382, 257
16382, 257
16382, 258
16382, 258
16382, 258
16382, 258
16382, 258
16382, 258
16382, 258
16382, 258
16382, 258
16382, 258
16382, 258
16382, 259
16382, 259
16382, 259
16382, 259
16382, 259
16382, 259
16382, 259
16382, 259
16382, 259
16382, 259
16382, 259
16382, 260
16382, 260
16382, 260
16382, 260
16382, 260
16382, 260
16382, 260
16382, 260
16382, 260
16382, 260
16382, 260
16382, 260
16382, 261
16382, 261
16382, 261
16382, 261
16382, 261
16382, 261
16382, 261
16382, 261
16382, 261
16382, 261
16382, 261
16382, 262
16382, 262
16382, 262
16382, 262
16382, 262
16382, 262
16382, 262
16382, 262
16382, 262
16382, 262
16382, 262
16382, 263
16382, 263
16382, 263
16382, 263
16382, 263
16382, 263
16382, 263
16382, 263
16382, 263
16382, 263
16382, 263
16382, 263
16382, 264
16382, 264
16382, 264
16382, 264
16382, 264
16382, 264
16382, 264
16382, 264
16382, 264
16382, 264
16382, 264
16382, 265
16382, 265
16382, 265
16382, 265
16382, 265
16382, 265
16382, 265
16382, 265
16382, 265
16382, 265
16382, 265
16382, 266
16382, 266
16382, 266
16382, 266
16382, 266
16382, 266
16382, 266
16382, 266
16382, 266
16382, 266
16382, 266
16382, 267
16382, 267
16382, 267
16382, 267
16382, 267
16382, 267
16382, 267
16382, 267
16382, 267
16382, 267
16382, 267
16382, 267
16382, 268
16382, 268
16382, 268
16382, 268
16382, 268
16382, 268
16382, 268
16382, 268
16382, 268
16382, 268
16382, 268
16382, 269
16382, 269
16382, 269
16382, 269
16382, 269
16382, 269
16382, 269
16382, 269
16382, 269
16382, 269
16382, 269
16382, 270
16382, 270
16382, 270
16382, 270
16382, 270
16382, 270
16382, 270
16382, 270
16382, 270
16382, 270
16382, 270
16382, 270
16382, 271
16382, 271
16382, 271
16382, 271
16382, 271
16382, 271
16382, 271
16382, 271
16382, 271
16382, 271
16382, 271
16382, 272
16382, 272
16382, 272
16382, 272
16382, 272
16382, 272
16382, 272
16382, 272
16382, 272
16382, 272
16382, 272
16382, 273
16382, 273
16382, 273
16382, 273
16382, 273
16382, 273
16382, 273
16382, 273
16382, 273
16382, 273
16382, 273
16382, 274
16382, 274
16382, 274
16382, 274
16382, 274
16382, 274
16382, 274
16382, 274
16382, 274
16382, 274
16382, 274
16382, 274
16382, 275
16382, 275
16382, 275
16382, 275
16382, 275
16382, 275
16382, 275
16382, 275
16382, 275
16382, 275
16382, 275
16382, 276
16382, 276
16382, 276
16382, 276
16382, 276
16382, 276
16382, 276
16382, 276
16382, 276
16382, 276
16382, 276
16382, 277
16382, 277
16382, 277
16382, 277
16382, 277
16382, 277
16382, 277
16382, 277
16382, 277
16382, 277
16382, 277
16382, 277
16382, 278
16382, 278
16382, 278
16382, 278
16382, 278
16382, 278
16382, 278
16382, 278
16382, 278
16382, 278
16382, 278
16382, 279
16382, 279
16382, 279
16382, 279
16382, 279
16382, 279
16382, 279
16382, 279
16382, 279
16382, 279
16382, 279
16382, 280
16382, 280
16382, 280
16382, 280
16382, 280
16382, 280
16382, 280
16382, 280
16382, 280
16382, 280
16382, 280
16382, 281
16382, 281
16382, 281
16382, 281
16382, 281
16382, 281
16382, 281
16382, 281
16382, 281
16382, 281
16382, 281
16382, 281
16382, 282
16382, 282
16382, 282
16382, 282
16382, 282
16382, 282
16382, 282
16382, 282
16382, 282
16382, 282
16382, 282
16382, 283
16382, 283
16382, 283
16382, 283
16382, 283
16382, 283
16382, 283
16382, 283
16382, 283
16382, 283
16382, 283
16382, 284
16382, 284
16382, 284
16382, 284
16382, 284
16382, 284
16382, 284
16382, 284
16382, 284
16382, 284
16382, 284
16382, 284
16382, 285
16382, 285
16382, 285
16382, 285
16382, 285
16382, 285
16382, 285
16382, 285
16382, 285
16382, 285
16382, 285
16382, 286
16382, 286
16382, 286
16382, 286
16382, 286
16382, 286
16382, 286
16382, 286
16381, 286
16381, 286
16381, 286
16381, 287
16381, 287
16381, 287
16381, 287
16381, 287
16381, 287
16381, 287
16381, 287
16381, 287
16381, 287
16381, 287
16381, 287
16381, 288
16381, 288
16381, 288
16381, 288
16381, 288
16381, 288
16381, 288
16381, 288
16381, 288
16381, 288
16381, 288
16381, 289
16381, 289
16381, 289
16381, 289
16381, 289
16381, 289
16381, 289
16381, 289
16381, 289
16381, 289
16381, 289
16381, 290
16381, 290
16381, 290
16381, 290
16381, 290
16381, 290
16381, 290
16381, 290
16381, 290
16381, 290
16381, 290
16381, 291
16381, 291
16381, 291
16381, 291
16381, 291
16381, 291
16381, 291
16381, 291
16381, 291
16381, 291
16381, 291
16381, 291
16381, 292
16381, 292
16381, 292
16381, 292
16381, 292
16381, 292
16381, 292
16381, 292
16381, 292
16381, 292
16381, 292
16381, 293
16381, 293
16381, 293
16381, 293
16381, 293
16381, 293
16381, 293
16381, 293
16381, 293
16381, 293
16381, 293
16381, 294
16381, 294
16381, 294
16381, 294
16381, 294
16381, 294
16381, 294
16381, 294
16381, 294
16381, 294
16381, 294
16381, 294
16381, 295
16381, 295
16381, 295
16381, 295
16381, 295
16381, 295
16381, 295
16381, 295
16381, 295
16381, 295
16381, 295
16381, 296
16381, 296
16381, 296
16381, 296
16381, 296
16381, 296
16381, 296
16381, 296
16381, 296
16381, 296
16381, 296
16381, 297
16381, 297
16381, 297
16381, 297
16381, 297
16381, 297
16381, 297
16381, 297
16381, 297
16381, 297
16381, 297
16381, 298
16381, 298
16381, 298
16381, 298
16381, 298
16381, 298
16381, 298
16381, 298
16381, 298
16381, 298
16381, 298
16381, 298
16381, 299
16381, 299
16381, 299
16381, 299
16381, 299
16381, 299
16381, 299
16381, 299
16381, 299
16381, 299
16381, 299
16381, 300
16381, 300
16381, 300
16381, 300
16381, 300
16381, 300
16381, 300
16381, 300
16381, 300
16381, 300
16381, 300
16381, 301
16381, 301
16381, 301
16381, 301
16381, 301
16381, 301
16381, 301
16381, 301
16381, 301
16381, 301
16381, 301
16381, 301
16381, 302
16381, 302
16381, 302
16381, 302
16381, 302
16381, 302
16381, 302
16381, 302
16381, 302
16381, 302
16381, 302
16381, 303
16381, 303
16381, 303
16381, 303
16381, 303
16381, 303
16381, 303
16381, 303
16381, 303
16381, 303
16381, 303
16381, 304
16381, 304
16381, 304
16381, 304
16381, 304
16381, 304
16381, 304
16381, 304
16381, 304
16381, 304
16381, 304
16381, 305
16381, 305
16381, 305
16381, 305
16381, 305
16381, 305
16381, 305
16381, 305
16381, 305
16381, 305
16381, 305
16381, 305
16381, 306
16381, 306
16381, 306
16381, 306
16381, 306
16381, 306
16381, 306
16381, 306
16381, 306
16381, 306
16381, 306
16381, 307
16381, 307
16381, 307
16381, 307
16381, 307
16381, 307
16381, 307
16381, 307
16381, 307
16381, 307
16381, 307
16381, 308
16381, 308
16381, 308
16381, 308
16381, 308
16381, 308
16381, 308
16381, 308
16381, 308
16381, 308
16381, 308
16381, 308
16381, 309
16381, 309
16381, 309
16381, 309
16381, 309
16381, 309
16381, 309
16381, 309
16381, 309
16381, 309
16381, 309
16381, 310
16381, 310
16381, 310
16381, 310
16381, 310
16381, 310
16381, 310
16381, 310
16381, 310
16381, 310
16381, 310
16381, 311
16381, 311
16381, 311
16381, 311
16381, 311
16381, 311
16381, 311
16381, 311
16381, 311
16381, 311
16381, 311
16381, 311
16381, 312
16381, 312
16381, 312
16381, 312
16381, 312
16381, 312
16381, 312
16381, 312
16381, 312
16381, 312
16381, 312
16381, 313
16381, 313
16381, 313
16381, 313
16381, 313
16381, 313
16381, 313
16381, 313
16381, 313
16381, 313
16381, 313
16381, 314
16381, 314
16381, 314
16381, 314
16381, 314
16381, 314
16381, 314
16381, 314
16381, 314
16381, 314
16381, 314
16381, 315
16381, 315
16381, 315
16381, 315
16381, 315
16381, 315
16381, 315
16381, 315
16381, 315
16381, 315
16381, 315
16381, 315
16381, 316
16381, 316
16381, 316
16381, 316
16381, 316
16381, 316
16381, 316
16381, 316
16381, 316
16381, 316
16381, 316
16381, 317
16381, 317
16381, 317
16381, 317
16381, 317
16381, 317
16381, 317
16381, 317
16381, 317
16381, 317
16383, 218
16383, 218
16383, 218
16383, 218
16383, 218
16383, 218
16383, 218
16383, 218
16383, 218
16383, 218
16383, 218
16383, 219
16383, 219
16383, 219
16383, 219
16383, 219
16383, 219
16383, 219
16383, 219
16383, 219
16383, 219
16383, 219
16383, 219
16383, 219
16383, 219
16383, 219
16383, 219
16383, 219
16383, 220
16383, 220
16383, 220
16383, 220
16383, 220
16383, 220
16383, 220
16383, 220
16383, 220
16383, 220
16383, 220
16383, 220
16383, 220
16383, 220
16383, 220
16383, 220
16383, 220
16383, 220
16383, 221
16383, 221
16383, 221
16383, 221
16383, 221
16383, 221
16383, 221
16383, 221
16383, 221
16383, 221
16383, 221
16383, 221
16383, 221
16383, 221
16383, 221
16383, 221
16383, 221
16383, 222
16383, 222
16383, 222
16383, 222
16382, 222
16382, 222
16382, 222
16382, 222
16382, 222
16382, 222
16382, 222
16382, 222
16382, 222
16382, 222
16382, 222
16382, 222
16382, 222
16382, 222
16382, 223
16382, 223
16382, 223
16382, 223
16382, 223
16382, 223
16382, 223
16382, 223
16382, 223
16382, 223
16382, 223
16382, 223
16382, 223
16382, 223
16382, 223
16382, 223
16382, 223
16382, 223
16382, 224
16382, 224
16382, 224
16382, 224
16382, 224
16382, 224
16382, 224
16382, 224
16382, 224
16382, 224
16382, 224
16382, 224
16382, 224
16382, 224
16382, 224
16382, 224
16382, 224
16382, 225
16382, 225
16382, 225
16382, 225
16382, 225
16382, 225
16382, 225
16382, 225
16382, 225
16382, 225
16382, 225
16382, 225
16382, 225
16382, 225
16382, 225
16382, 225
16382, 225
16382, 225
16382, 226
16382, 226
16382, 226
16382, 226
16382, 226
16382, 226
16382, 226
16382, 226
16382, 226
16382, 226
16382, 226
16382, 226
16382, 226
16382, 226
16382, 226
16382, 226
16382, 226
16382, 226
16382, 227
16382, 227
16382, 227
16382, 227
16382, 227
16382, 227
16382, 227
16382, 227
16382, 227
16382, 227
16382, 227
16382, 227
16382, 227
16382, 227
16382, 227
16382, 227
16382, 227
16382, 228
16382, 228
16382, 228
16382, 228
16382, 228
16382, 228
16382, 228
16382, 228
16382, 228
16382, 228
16382, 228
16382, 228
16382, 228
16382, 228
16382, 228
16382, 228
16382, 228
16382, 228
16382, 229
16382, 229
16382, 229
16382, 229
16382, 229
16382, 229
16382, 229
16382, 229
16382, 229
16382, 229
16382, 229
16382, 229
16382, 229
16382, 229
16382, 229
16382, 229
16382, 229
16382, 230
16382, 230
16382, 230
16382, 230
16382, 230
16382, 230
16382, 230
16382, 230
16382, 230
16382, 230
16382, 230
16382, 230
16382, 230
16382, 230
16382, 230
16382, 230
16382, 230
16382, 230
16382, 231
16382, 231
16382, 231
16382, 231
16382, 231
16382, 231
16382, 231
16382, 231
16382, 231
16382, 231
16382, 231
16382, 231
16382, 231
16382, 231
16382, 231
16382, 231
16382, 231
16382, 231
16382, 232
16382, 232
16382, 232
16382, 232
16382, 232
16382, 232
16382, 232
16382, 232
16382, 232
16382, 232
16382, 232
16382, 232
16382, 232
16382, 232
16382, 232
16382, 232
16382, 232
16382, 233
16382, 233
16382, 233
16382, 233
16382, 233
16382, 233
16382, 233
16382, 233
16382, 233
16382, 233
16382, 233
16382, 233
16382, 233
16382, 233
16382, 233
16382, 233
16382, 233
16382, 233
16382, 234
16382, 234
16382, 234
16382, 234
16382, 234
16382, 234
16382, 234
16382, 234
16382, 234
16382, 234
16382, 234
16382, 234
16382, 234
16382, 234
16382, 234
16382, 234
16382, 234
16382, 234
16382, 235
16382, 235
16382, 235
16382, 235
16382, 235
16382, 235
16382, 235
16382, 235
16382, 235
16382, 235
16382, 235
16382, 235
16382, 235
16382, 235
16382, 235
16382, 235
16382, 235
16382, 236
16382, 236
16382, 236
16382, 236
16382, 236
16382, 236
16382, 236
16382, 236
16382, 236
16382, 236
16382, 236
16382, 236
16382, 236
16382, 236
16382, 236
16382, 236
16382, 236
16382, 236
16382, 237
16382, 237
16382, 237
16382, 237
16382, 237
16382, 237
16382, 237
16382, 237
16382, 237
16382, 237
16382, 237
16382, 237
16382, 237
16382, 237
16382, 237
16382, 237
16382, 237
16382, 238
16382, 238
16382, 238
16382, 238
16382, 238
16382, 238
16382, 238
16382, 238
16382, 238
16382, 238
16382, 238
16382, 238
16382, 238
16382, 238
16382, 238
16382, 238
16382, 238
16382, 238
16382, 239
16382, 239
16382, 239
16382, 239
16382, 239
16382, 239
16382, 239
16382, 239
16382, 239
16382, 239
16382, 239
16382, 239
16382, 239
16382, 239
16382, 239
16382, 239
16382, 239
16382, 239
16382, 240
16382, 240
16382, 240
16382, 240
16382, 240
16382, 240
16382, 240
16382, 240
16382, 240
16382, 240
16382, 240
16382, 240
16382, 240
16382, 240
16382, 240
16382, 240
16382, 240
16382, 241
16382, 241
16382, 241
16382, 241
16382, 241
16382, 241
16382, 241
16382, 241
16382, 241
16382, 241
16382, 241
16382, 241
16382, 241
16382, 241
16382, 241
16382, 241
16382, 241
16382, 241
16382, 242
16382, 242
16382, 242
16382, 242
16382, 242
16382, 242
16382, 242
16382, 242
16382, 242
16382, 242
16382, 242
16382, 242
16382, 242
16382, 242
16382, 242
16382, 242
16382, 242
16382, 242
16382, 243
16382, 243
16382, 243
16382, 243
16382, 243
16382, 243
16382, 243
16382, 243
16382, 243
16382, 243
16382, 243
16382, 243
16382, 243
16382, 243
16382, 243
16382, 243
16382, 243
16382, 244
16382, 244
16382, 244
16382, 244
16382, 244
16382, 244
16382, 244
16382, 244
16382, 244
16382, 244
16382, 244
16382, 244
16382, 244
16382, 244
16382, 244
16382, 244
16382, 244
16382, 244
16382, 245
16382, 245
16382, 245
16382, 245
16382, 245
16382, 245
16382, 245
16382, 245
16382, 245
16382, 245
16382, 245
16382, 245
16382, 245
16382, 245
16382, 245
16382, 245
16382, 245
16382, 246
16382, 246
16382, 246
16382, 246
16382, 246
16382, 246
16382, 246
16382, 246
16382, 246
16382, 246
16382, 246
16382, 246
16382, 246
16382, 246
16382, 246
16382, 246
16382, 246
16382, 246
16382, 247
16382, 247
16382, 247
16382, 247
16382, 247
16382, 247
16382, 247
16382, 247
16382, 247
16382, 247
16382, 247
16382, 247
16382, 247
16382, 247
16382, 247
16382, 247
16382, 247
16382, 247
16382, 248
16382, 248
16382, 248
16382, 248
16382, 248
16382, 248
16382, 248
16382, 248
16382, 248
16382, 248
16382, 248
16382, 248
16382, 248
16382, 248
16382, 248
16382, 248
16382, 248
16382, 249
16382, 249
16382, 249
16382, 249
16382, 249
16382, 249
16382, 249
16382, 249
16382, 249
16382, 249
16382, 249
16382, 249
16382, 249
16382, 249
16382, 249
16382, 249
16382, 249
16382, 249
16382, 250
16382, 250
16382, 250
16382, 250
16382, 250
16382, 250
16382, 250
16382, 250
16382, 250
16382, 250
16382, 250
16382, 250
16382, 250
16382, 250
16382, 250
16382, 250
16382, 250
16382, 251
16382, 251
16382, 251
16382, 251
16382, 251
16382, 251
16382, 251
16382, 251
16382, 251
16382, 251
16382, 251
16382, 251
16382, 251
16382, 251
16382, 251
16382, 251
16382, 251
16382, 251
16382, 252
16382, 252
16382, 252
16382, 252
16382, 252
16382, 252
16382, 252
16382, 252
16382, 252
16382, 252
16382, 252
16382, 252
16382, 252
16382, 252
16382, 252
16382, 252
16382, 252
16382, 252
16382, 253
16382, 253
16382, 253
16382, 253
16382, 253
16382, 253
16382, 253
16382, 253
16382, 253
16382, 253
16382, 253
16382, 253
16382, 253
16382, 253
16382, 253
16382, 253
16382, 253
16382, 254
16382, 254
16382, 254
16382, 254
16382, 254
16382, 254
16382, 254
16382, 254
16382, 254
16382, 254
16382, 254
16382, 254
16382, 254
16382, 254
16382, 254
16382, 254
16382, 254
16382, 254
16382, 255
16382, 255
16382, 255
16382, 255
16382, 255
16382, 255
16382, 255
16382, 255
16382, 255
16382, 255
16382, 255
16382, 255
16382, 255
16382, 255
16382, 255
16382, 255
16382, 255
16382, 255
16382, 256
16382, 256
16382, 256
16382, 256
16382, 256
16382, 256
16382, 256
16382, 256
16382, 256
16382, 256
16382, 256
16382, 256
16382, 256
16382, 256
16382, 256
16382, 256
16382, 256
16382, 257
16382, 257
16382, 257
16382, 257
16382, 257
16382, 257
16382, 257
16382, 257
16382, 257
16382, 257
16382, 257
16382, 257
16382, 257
16382, 257
16382, 257
16382, 257
16382, 257
16382, 257
16382, 258
16382, 258
16382, 258
16382, 258
16382, 258
16382, 258
16382, 258
16382, 258
16382, 258
16382, 258
16382, 258
16382, 258
16382, 258
16382, 258
16382, 258
16382, 258
16382, 258
16382, 259
16382, 259
16382, 259
16382, 259
16382, 259
16382, 259
16382, 259
16382, 259
16382, 259
16382, 259
16382, 259
16382, 259
16382, 259
16382, 259
16382, 259
16382, 259
16382, 259
16382, 259
16382, 260
16382, 260
16382, 260
16382, 260
16382, 260
16382, 260
16382, 260
16382, 260
16382, 260
16382, 260
16382, 260
16382, 260
16382, 260
16382, 260
16382, 260
16382, 260
16382, 260
16382, 260
16382, 261
16382, 261
16382, 261
16382, 261
16382, 261
16382, 261
16382, 261
16382, 261
16382, 261
16382, 261
16382, 261
16382, 261
16382, 261
16382, 261
16382, 261
16382, 261
16382, 261
16382, 262
16382, 262
16382, 262
16382, 262
16382, 262
16382, 262
16382, 262
16382, 262
16382, 262
16382, 262
16382, 262
16382, 262
16382, 262
16382, 262
16382, 262
16382, 262
16382, 262
16382, 262
16382, 263
16382, 263
16382, 263
16382, 263
16382, 263
16382, 263
16382, 263
16382, 263
16382, 263
16382, 263
16382, 263
16382, 263
16382, 263
16382, 263
16382, 263
16382, 263
16382, 263
16382, 263
16382, 264
16382, 264
16382, 264
16382, 264
16382, 264
16382, 264
16382, 264
16382, 264
16382, 264
16382, 264
16382, 264
16382, 264
16382, 264
16382, 264
16382, 264
16382, 264
16382, 264
16382, 265
16382, 265
16382, 265
16382, 265
16382, 265
16382, 265
16382, 265
16382, 265
16382, 265
16382, 265
16382, 265
16382, 265
16382, 265
16382, 265
16382, 265
16382, 265
16382, 265
16382, 265
16382, 266
16382, 266
16382, 266
16382, 266
16382, 266
16382, 266
16382, 266
16382, 266
16382, 266
16382, 266
16382, 266
16382, 266
16382, 266
16382, 266
16382, 266
16382, 266
16382, 266
16382, 267
16382, 267
16382, 267
16382, 267
16382, 267
16382, 267
16382, 267
16382, 267
16382, 267
16382, 267
16382, 267
16382, 267
16382, 267
16382, 267
16382, 267
16382, 267
16382, 267
16382, 267
16382, 268
16382, 268
16382, 268
16382, 268
16382, 268
16382, 268
16382, 268
16382, 268
16382, 268
16382, 268
16382, 268
16382, 268
16382, 268
16382, 268
16382, 268
16382, 268
16382, 268
16382, 268
16382, 269
16382, 269
16382, 269
16382, 269
16382, 269
16382, 269
16382, 269
16382, 269
16382, 269
16382, 269
16382, 269
16382, 269
16382, 269
16382, 269
16382, 269
16382, 269
16382, 269
16382, 270
16382, 270
16382, 270
16382, 270
16382, 270
16382, 270
16382, 270
16382, 270
16382, 270
16382, 270
16382, 270
16382, 270
16382, 270
16382, 270
16382, 270
16382, 270
16382, 270
16382, 270
16382, 271
16382, 271
16382, 271
16382, 271
16382, 271
16382, 271
16382, 271
16382, 271
16382, 271
16382, 271
16382, 271
16382, 271
16382, 271
16382, 271
16382, 271
16382, 271
16382, 271
16382, 271
16382, 272
16382, 272
16382, 272
16382, 272
16382, 272
16382, 272
16382, 272
16382, 272
16382, 272
16382, 272
16382, 272
16382, 272
16382, 272
16382, 272
16382, 272
16382, 272
16382, 272
16382, 273
16382, 273
16382, 273
16382, 273
16382, 273
16382, 273
16382, 273
16382, 273
16382, 273
16382, 273
16382, 273
16382, 273
16382, 273
16382, 273
16382, 273
16382, 273
16382, 273
16382, 273
16382, 274
16382, 274
16382, 274
16382, 274
16382, 274
16382, 274
16382, 274
16382, 274
16382, 274
16382, 274
16382, 274
16382, 274
16382, 274
16382, 274
16382, 274
16382, 274
16382, 274
16382, 275
16382, 275
16382, 275
16382, 275
16382, 275
16382, 275
16382, 275
16382, 275
16382, 275
16382, 275
16382, 275
16382, 275
16382, 275
16382, 275
16382, 275
16382, 275
16382, 275
16382, 275
16382, 276
16382, 276
16382, 276
16382, 276
16382, 276
16382, 276
16382, 276
16382, 276
16382, 276