  -128,    256
   196,  -1486
  -904,   -584
  -158,    370
   -82,    799
   545,    877
  1911,    702
    70,   -990
  -283,  -1980
  -942,    350
  1601,   -172
  1013,     27
  -323,   -590
  -692,   -753
   757,   -400
  1171,    515
  1401,   -113
  -580,  -1060
  1670,   1319
  -638,   -253
   250,   -631
 -1036,   1270
  -343,     -1
   435,    815
 -1035,   -270
   612,   1431
  -656,   -485
  -693,    435
  -827,   -239
   264,    203
  -134,    494
   669,   1026
   128,  -1792
  1750,   -376
  -517,  -1429
  1709,   -173
   619,   1198
  -177,    251
 -1504,   -219
   243,    285
   585,   -140
  1535,   1443
   150,    749
  -728,   -188
  -389,   -252
  -184,   1001
    76,    887
  -153,   1253
   911,   1251
   399,   -426
  -877,   -619
  -424,    -36
  -126,    -84
   199,  -1035
   147,  -1000
   610,    789
   928,    752
  -273,   -637
 -1324,    723
  -539,   1263
  -224,   -233
  -169,    121
  -789,   -643
  -650,   -288
   384,   -256
 -2038,    960
  -318,   1644
 -1202,  -1276
  1428,    -33
   629,    897
  -457,    432
  1060,    410
   431,   -462
  1362,    668
  -875,   1270
  -811,   -407
 -1281,   1052
   506,    301
   181,   1306
   167,   -209
   135,   -655
  1186,  -1150
   306,    883
    62,   -705
  -752,   -727
  1216,     30
  -745,   -271
  -559,    395
  1153,   -862
   390,    373
   -38,   -649
  1243,   1897
    -9,    189
  -646,   -207
   278,    182
  1409,    292
   896,  -1536
  -272,   -550
  -433,   -339
   251,   1171
   535,   -232
   719,   1071
 -1070,     97
   123,   -561
   291,   -490
  -879,    791
  1536,   -347
  1094,    668
   125,   2334
    42,  -1017
  -630,    755
  -241,   -223
   369,   -739
  -537,   -592
  -167,   -579
    16,   -130
  -848,   -802
  -479,   -833
  -923,  -1188
    50,   -111
  1002,  -1156
 -1909,   -171
  -178,    663
   397,    409
 -1168,    299
  -737,    303
   173,  -1133
  -900,   -326
 -1408,   -256
    30,     28
  1934,   1108
   516,  -1380
 -1252,   -701
  1228,   -829
 -1571,   -675
  -346,   -616
    31,  -1072
   -81,   1369
   963,    317
  1070,    194
  -250,     67
  -539,    514
  -502,    326
   369,    460
   852,   -166
    48,    781
  -364,   -100
  -591,    827
  -185,    527
  -168,    852
  1157,   -234
  -863,   -743
  1332,    476
  -152,   -630
  2117,   1186
  -238,   1278
   608,    529
  -603,   1160
  -396,   -961
  -307,   1690
  1280,   1024
   -92,    264
  -310,    -12
 -1575,  -1847
  -234,    -23
    13,   -634
  -994,  -1716
  -343,   -843
  -446,   -839
   192,    -18
 -1148,    482
    74,    -20
   177,    822
 -1054,    709
    -2,   -526
  -761,  -1136
   640,    421
   279,  -1275
   575,    405
 -1310,    492
   464,    139
  -900,   1197
   -53,    853
   795,   1031
  -765,  -1345
  -390,   -234
   785,   -212
  -392,   -183
   203,   1266
  -241,   -158
  -364,   -204
  -278,     66
   384,   -512
  -890,    552
   -24,   -970
  -828,    794
   -84,    535
  -146,  -1033
  -613,  -1783
   382,    -38
  -213,   -902
  -765,    699
   579,   -717
  -482,   -358
   404,   -177
    29,    356
 -1228,   1188
  -271,    264
  -596,   -346
   598,    121
  -688,    824
   883,    -73
   -19,   -897
   686,  -1394
  -229,   -812
   -29,    153
   342,    430
   894,    198
   105,   1282
 -1072,   -156
  -294,    269
   -77,   -388
  -124,   1125
   515,   -216
  -256,    768
   272,   1192
   808,    710
  1423,   1133
   182,   1061
   -91,   -372
   962,   1114
  -681,   1921
   628,   -771
  -354,    298
 -1026,    890
   246,  -1256
  -547,   -200
 -1076,     81
  -388,   -488
   495,   1204
   640,    603
  1819,   -471
  -771,   -717
   650,  -1066
  -920,    383
  -446,   -755
  1917,   -307
  -419,   2655
   627,    439
  -560,   -410
  -463,   1668
  -422,    341
   723,  -1552
 -1559,    278
  1404,   1052
  -306,   1572
   704,   -704
    14,   -724
  -460,     83
  -925,    569
  1157,      2
   -26,     47
 -1981,   1234
  1129,    644
  -172,   -334
  2021,   -429
  -280,     90
  -414,  -1092
  1212,     68
   927,    184
  -836,     96
    66,    269
   357,    894
   719,    855
   347,   -577
  -771,  -1379
  -194,  -1000
  -521,    560
  -249,   -323
  1041,   -716
   -63,   -822
   352,   -656
  -204,   -650
  1014,   -304
   330,   -174
   243,   -482
  1078,  -1027
  -823,    439
  -576,    576
 -1228,   -780
  1665,   -376
  2547,  -1247
   -99,   -816
  -765,    912
  -801,    554
 -1381,    200
  -530,     86
  -665,    -99
  -115,    413
   654,   -370
   403,   1927
   -69,   -298
   854,    454
   746,   -743
   757,  -1126
  -146,    642
  1345,    912
  1432,   -989
  -634,   1103
   177,   1114
   568,    640
   883,   1447
  -999,  -2469
   196,   -912
  1678,    -61
   398,    -49
   156,    101
   182,    365
   986,    -35
  -940,  -1231
    64,   1984
   280,  -1514
  -152,   -755
  -137,  -1479
   319,   -624
   960,   -853
 -1579,    804
  -275,    992
  -530,    348
 -1293,   1089
   848,    572
  -270,  -1236
  -836,    -66
   327,    468
   628,    408
   558,   -339
   539,  -1278
   373,   -867
  -261,    167
    27,     55
    86,    234
 -1129,  -1906
    75,    863
  -921,  -1478
  1581,    356
  -538,   -214
  -204,    220
   248,    -74
  -756,  -1594
    13,    -80
  -844,   -283
  -717,   1127
  -192,    -64
  1362,    378
  -177,    472
  -733,   -815
   143,    274
 -1573,    474
  -843,  -1196
   935,   1108
 -1072,   -612
   173,   -633
   187,  -1239
   914,   -582
    17,    -45
   131,    266
   242,    662
   -18,    241
   395,  -1306
  -846,   1266
  -627,    634
  -808,    621
  -266,    315
 -1475,    972
 -1222,   -976
  1461,    227
 -1287,    375
   362,   -602
   506,   -929
   616,    227
   -14,    295
  -586,   -591
  -172,   -851
   608,   -187
